  12        -0.348049       -1.151240       -8.280320
  7         -0.856617       -1.319490       -9.133700
  3         -0.885024       -1.692300       -7.140320
  13        -1.964260       -2.274710       -7.147470
  5         -0.163201       -1.456020       -5.799920
  10         0.018435       -0.376234       -5.685360
  10         0.813386       -1.979630       -5.826540
  6         -0.942309       -1.860050       -4.529060
  11        -1.891770       -1.279370       -4.477630
  11        -1.210480       -2.939430       -4.575870
  11         -0.129356       -1.603110       -3.258040
  4          0.958649       -0.436362       -8.424450
  9          1.594450       -0.735972       -7.558930
  5          1.719680       -1.020120       -9.658410
  10         1.072640       -0.992542      -10.563900
  10         2.617420       -0.389315       -9.854710
  14         2.168500       -2.352420       -9.396320
  8          2.392280       -2.752240      -10.241500
  4          0.682396        1.101060       -8.440850
  9         -0.409947        1.310950       -8.356570
  14         1.155940        1.765750       -9.610550
  8          0.942703        2.697230       -9.501820
  15         1.366770        1.669060       -7.210570
  16         2.454700        1.501030       -7.156840
  15         0.718937        2.045080       -6.095290
  16        -0.378618        1.948340       -6.051230
  5          1.434750        2.128640       -4.777220
  10         1.961350        1.162090       -4.597140
  10         2.201910        2.932420       -4.763510
  6          0.444631        2.300390       -3.620730
  11         0.012950        3.324500       -3.667920
  11        -0.393741        1.576350       -3.743170
  11         1.095540        2.062990       -2.251980
