-32.89859009 -34.16335678 -25.76272964
-33.39059067 -34.43235779 -26.58572960
-33.40959167 -34.43635941 -24.54972839
-34.48059082 -35.01535797 -24.46972847
-32.64159012 -34.01735687 -23.30373001
-32.50059128 -32.88735962 -23.29472923
-31.65159416 -34.52135849 -23.30672836
-33.45059204 -34.45235825 -22.07972908
-34.44659042 -33.95735931 -22.09372902
-33.58059311 -35.55635834 -22.08972931
-32.68859100 -34.03635788 -20.82272911
-31.69159317 -34.53135681 -20.81172943
-32.55759048 -32.93235779 -20.81572914
-33.48559189 -34.46535873 -19.58772850
-34.47959137 -33.97035980 -19.59972954
-33.61559296 -35.56735992 -19.59472847
-32.72159195 -34.05035782 -18.32872963
-31.72959328 -34.54335785 -18.31672859
-32.59259033 -32.94735718 -18.31972885
-33.51959229 -34.47735977 -17.09272957
-34.51359177 -33.98435974 -17.10372925
-33.64959335 -35.58135986 -17.10072899
-32.75859070 -34.06335831 -15.83272934
-31.76359367 -34.55735779 -15.82072926
-32.62759018 -32.95935822 -15.82472897
-33.55559158 -34.49135971 -14.59772873
-34.54859161 -33.99635696 -14.60972881
-33.68459320 -35.59436035 -14.60472870
-32.79259109 -34.07635880 -13.33772945
-31.79959297 -34.56935883 -13.32572937
-32.66259003 -32.97335815 -13.33072853
-33.58959198 -34.50436020 -12.10272884
-34.58459091 -34.01035690 -12.11472893
-33.71959305 -35.60635757 -12.11072922
-32.82859039 -34.08835983 -10.84172916
-31.83259392 -34.58235931 -10.83072853
-32.69659042 -32.98435974 -10.83572960
-33.62459183 -34.51735687 -9.60772896
-34.61959076 -34.02335739 -9.61872959
-33.75559235 -35.62035751 -9.61572933
-32.86359024 -34.10235977 -8.34772873
-31.86759377 -34.59535980 -8.33672905
-32.73259354 -32.99835968 -8.33972931
-33.65959167 -34.52935791 -7.11372900
-34.65459061 -34.03635788 -7.12472916
-33.78959274 -35.63335800 -7.11972904
-32.89759064 -34.11536026 -5.85272884
-31.90259361 -34.60935974 -5.84072924
-32.76659012 -33.01235962 -5.84672880
-33.69459152 -34.54435730 -4.61872911
-31.64359283 -33.48435974 -25.87172890
-30.98659325 -33.70235825 -25.00172997
-30.89559364 -33.95536041 -27.12872887
-31.51159286 -33.67935944 -28.01172829
-29.93959427 -33.39835739 -27.23172951
-30.64359283 -35.35035706 -27.08372879
-30.21559334 -35.62135696 -27.89872932
-31.89859390 -32.00835800 -25.96572876
-32.98959351 -31.80235863 -25.92272949
-31.33359337 -31.40935898 -27.12172890
-31.50459290 -30.46435928 -27.13272858
-31.33059311 -31.31235886 -24.76372910
-31.07859421 -30.24335861 -25.06972885
-30.01759338 -31.98235893 -24.47872925
-29.60059357 -31.47235870 -23.59772873
-31.98059464 -31.25735855 -23.59472847
-32.55459213 -30.27235794 -23.59972954
-32.76859283 -32.08036041 -23.60372925
-31.28059387 -31.32035828 -22.26672935
-30.75759315 -32.29335785 -22.14672852
-30.51459312 -30.52235794 -22.16072845
-32.27859116 -31.17135811 -21.11572838
-32.77059174 -30.17535782 -21.14272881
-33.01959229 -31.99935913 -21.12572861
-31.46959305 -31.27135849 -19.82272911
-30.99559402 -32.26435852 -19.66072845
-30.74559402 -30.44235802 -19.67572975
-32.52059174 -31.11835861 -18.72272873
-33.02059174 -30.12535858 -18.65872955
-33.26759338 -31.93735886 -18.64172935
-31.72459412 -31.21535873 -17.41972923
-31.25559425 -32.19335938 -17.17873001
-31.00959396 -30.39735794 -17.19372940
-32.75359344 -31.06535912 -16.29872894
-33.26259232 -30.08535767 -16.17672920
-33.50959015 -31.87035942 -16.16072845
-31.99059296 -31.15835953 -14.97472954
-31.51459312 -32.12335968 -14.70072937
-31.27159309 -30.35235786 -14.71472931
-32.98659134 -31.01235771 -13.82172871
-33.51159286 -30.04135895 -13.69672871
-33.75159073 -31.80335808 -13.68372917
-32.26659012 -31.09835815 -12.47272873
-31.77059364 -32.06135941 -12.21972942
-31.52859306 -30.30135918 -12.23572922
-33.22759247 -30.95635796 -11.29372883
-33.76359177 -29.98535919 -11.21572876
-34.00359344 -31.74635887 -11.19873047
-32.53259277 -31.03935814 -9.93572903
-32.02259064 -32.00835800 -9.73872852
-31.78059387 -30.24335861 -9.75372887
-33.48159027 -30.90035820 -8.74272919
-34.01659012 -29.92535782 -8.74272919
-34.26259232 -31.69035912 -8.73072910
-32.80158997 -30.98235893 -7.37572908
-33.48859024 -30.88235855 -6.50972891
-32.27559280 -31.95235825 -7.24772882
-32.03059006 -30.18535805 -7.27772903
-30.65159416 -34.52135849 -23.30672836
