12 0 1
13 0 2
14 0 50
15 2 3
16 2 4
6 4 5
6 4 6
7 4 7
6 7 8
6 7 9
7 7 10
6 10 11
6 10 12
7 10 13
6 13 14
6 13 15
7 13 16
6 16 17
6 16 18
7 16 19
6 19 20
6 19 21
7 19 22
6 22 23
6 22 24
7 22 25
6 25 26
6 25 27
7 25 28
6 28 29
6 28 30
7 28 31
6 31 32
6 31 33
7 31 34
6 34 35
6 34 36
7 34 37
6 37 38
6 37 39
7 37 40
6 40 41
6 40 42
7 40 43
6 43 44
6 43 45
9 43 46
11 46 47
11 46 48
11 46 49
2 50 51
4 50 52
10 50 57
6 52 53
6 52 54
17 52 55
5 55 56
2 57 58
3 57 59
10 57 61
5 59 60
2 61 62
3 61 63
4 61 65
5 63 64
6 65 66
6 65 67
7 65 68
6 68 69
6 68 70
7 68 71
6 71 72
6 71 73
7 71 74
6 74 75
6 74 76
7 74 77
6 77 78
6 77 79
7 77 80
6 80 81
6 80 82
7 80 83
6 83 84
6 83 85
7 83 86
6 86 87
6 86 88
7 86 89
6 89 90
6 89 91
7 89 92
6 92 93
6 92 94
7 92 95
6 95 96
6 95 97
7 95 98
6 98 99
6 98 100
7 98 101
6 101 102
6 101 103
9 101 104
11 104 105
11 104 106
11 104 107
