1 1 0 2 3
1 1 0 2 4
1 50 0 2 3
1 50 0 2 4
2 1 0 50 51
2 1 0 50 52
2 1 0 50 57
2 2 0 50 51
5 2 0 50 52
5 2 0 50 57
6 0 2 4 5
6 0 2 4 6
7 0 2 4 7
8 3 2 4 5
8 3 2 4 6
9 3 2 4 7
4 2 4 7 8
4 2 4 7 9
4 2 4 7 10
4 5 4 7 8
4 5 4 7 9
4 5 4 7 10
4 6 4 7 8
4 6 4 7 9
4 6 4 7 10
4 4 7 10 11
4 4 7 10 12
10 4 7 10 13
19 4 7 10 13
20 4 7 10 13
21 4 7 10 13
4 8 7 10 11
4 8 7 10 12
4 8 7 10 13
4 9 7 10 11
4 9 7 10 12
4 9 7 10 13
4 7 10 13 14
4 7 10 13 15
10 7 10 13 16
19 7 10 13 16
20 7 10 13 16
21 7 10 13 16
4 11 10 13 14
4 11 10 13 15
4 11 10 13 16
4 12 10 13 14
4 12 10 13 15
4 12 10 13 16
4 10 13 16 17
4 10 13 16 18
10 10 13 16 19
19 10 13 16 19
20 10 13 16 19
21 10 13 16 19
4 14 13 16 17
4 14 13 16 18
4 14 13 16 19
4 15 13 16 17
4 15 13 16 18
4 15 13 16 19
4 13 16 19 20
4 13 16 19 21
10 13 16 19 22
19 13 16 19 22
20 13 16 19 22
21 13 16 19 22
4 17 16 19 20
4 17 16 19 21
4 17 16 19 22
4 18 16 19 20
4 18 16 19 21
4 18 16 19 22
4 16 19 22 23
4 16 19 22 24
10 16 19 22 25
19 16 19 22 25
20 16 19 22 25
21 16 19 22 25
4 20 19 22 23
4 20 19 22 24
4 20 19 22 25
4 21 19 22 23
4 21 19 22 24
4 21 19 22 25
4 19 22 25 26
4 19 22 25 27
10 19 22 25 28
19 19 22 25 28
20 19 22 25 28
21 19 22 25 28
4 23 22 25 26
4 23 22 25 27
4 23 22 25 28
4 24 22 25 26
4 24 22 25 27
4 24 22 25 28
4 22 25 28 29
4 22 25 28 30
10 22 25 28 31
19 22 25 28 31
20 22 25 28 31
21 22 25 28 31
4 26 25 28 29
4 26 25 28 30
4 26 25 28 31
4 27 25 28 29
4 27 25 28 30
4 27 25 28 31
4 25 28 31 32
4 25 28 31 33
10 25 28 31 34
19 25 28 31 34
20 25 28 31 34
21 25 28 31 34
4 29 28 31 32
4 29 28 31 33
4 29 28 31 34
4 30 28 31 32
4 30 28 31 33
4 30 28 31 34
4 28 31 34 35
4 28 31 34 36
10 28 31 34 37
19 28 31 34 37
20 28 31 34 37
21 28 31 34 37
4 32 31 34 35
4 32 31 34 36
4 32 31 34 37
4 33 31 34 35
4 33 31 34 36
4 33 31 34 37
4 31 34 37 38
4 31 34 37 39
10 31 34 37 40
19 31 34 37 40
20 31 34 37 40
21 31 34 37 40
4 35 34 37 38
4 35 34 37 39
4 35 34 37 40
4 36 34 37 38
4 36 34 37 39
4 36 34 37 40
4 34 37 40 41
4 34 37 40 42
10 34 37 40 43
19 34 37 40 43
20 34 37 40 43
21 34 37 40 43
4 38 37 40 41
4 38 37 40 42
4 38 37 40 43
4 39 37 40 41
4 39 37 40 42
4 39 37 40 43
4 37 40 43 44
4 37 40 43 45
11 37 40 43 46
22 37 40 43 46
23 37 40 43 46
24 37 40 43 46
4 41 40 43 44
4 41 40 43 45
4 41 40 43 46
4 42 40 43 44
4 42 40 43 45
4 42 40 43 46
12 40 43 46 47
12 40 43 46 48
12 40 43 46 49
12 44 43 46 47
12 44 43 46 48
12 44 43 46 49
12 45 43 46 47
12 45 43 46 48
12 45 43 46 49
3 0 50 52 53
3 0 50 52 54
3 0 50 52 55
3 51 50 52 53
3 51 50 52 54
3 51 50 52 55
3 57 50 52 53
3 57 50 52 54
3 57 50 52 55
3 0 50 57 58
3 0 50 57 59
3 0 50 57 61
3 51 50 57 58
3 51 50 57 59
3 51 50 57 61
3 52 50 57 58
3 52 50 57 59
3 52 50 57 61
13 50 52 55 56
13 53 52 55 56
13 54 52 55 56
14 50 57 59 60
14 58 57 59 60
14 61 57 59 60
3 50 57 61 62
3 50 57 61 63
3 50 57 61 65
3 58 57 61 62
3 58 57 61 63
3 58 57 61 65
3 59 57 61 62
3 59 57 61 63
3 59 57 61 65
14 57 61 63 64
14 62 61 63 64
14 65 61 63 64
3 57 61 65 66
3 57 61 65 67
3 57 61 65 68
3 62 61 65 66
3 62 61 65 67
3 62 61 65 68
3 63 61 65 66
3 63 61 65 67
3 63 61 65 68
4 61 65 68 69
4 61 65 68 70
4 61 65 68 71
4 66 65 68 69
4 66 65 68 70
4 66 65 68 71
4 67 65 68 69
4 67 65 68 70
4 67 65 68 71
4 65 68 71 72
4 65 68 71 73
10 65 68 71 74
19 65 68 71 74
20 65 68 71 74
21 65 68 71 74
4 69 68 71 72
4 69 68 71 73
4 69 68 71 74
4 70 68 71 72
4 70 68 71 73
4 70 68 71 74
4 68 71 74 75
4 68 71 74 76
10 68 71 74 77
19 68 71 74 77
20 68 71 74 77
21 68 71 74 77
4 72 71 74 75
4 72 71 74 76
4 72 71 74 77
4 73 71 74 75
4 73 71 74 76
4 73 71 74 77
4 71 74 77 78
4 71 74 77 79
10 71 74 77 80
19 71 74 77 80
20 71 74 77 80
21 71 74 77 80
4 75 74 77 78
4 75 74 77 79
4 75 74 77 80
4 76 74 77 78
4 76 74 77 79
4 76 74 77 80
4 74 77 80 81
4 74 77 80 82
10 74 77 80 83
19 74 77 80 83
20 74 77 80 83
21 74 77 80 83
4 78 77 80 81
4 78 77 80 82
4 78 77 80 83
4 79 77 80 81
4 79 77 80 82
4 79 77 80 83
4 77 80 83 84
4 77 80 83 85
10 77 80 83 86
19 77 80 83 86
20 77 80 83 86
21 77 80 83 86
4 81 80 83 84
4 81 80 83 85
4 81 80 83 86
4 82 80 83 84
4 82 80 83 85
4 82 80 83 86
4 80 83 86 87
4 80 83 86 88
10 80 83 86 89
19 80 83 86 89
20 80 83 86 89
21 80 83 86 89
4 84 83 86 87
4 84 83 86 88
4 84 83 86 89
4 85 83 86 87
4 85 83 86 88
4 85 83 86 89
4 83 86 89 90
4 83 86 89 91
10 83 86 89 92
19 83 86 89 92
20 83 86 89 92
21 83 86 89 92
4 87 86 89 90
4 87 86 89 91
4 87 86 89 92
4 88 86 89 90
4 88 86 89 91
4 88 86 89 92
4 86 89 92 93
4 86 89 92 94
10 86 89 92 95
19 86 89 92 95
20 86 89 92 95
21 86 89 92 95
4 90 89 92 93
4 90 89 92 94
4 90 89 92 95
4 91 89 92 93
4 91 89 92 94
4 91 89 92 95
4 89 92 95 96
4 89 92 95 97
10 89 92 95 98
19 89 92 95 98
20 89 92 95 98
21 89 92 95 98
4 93 92 95 96
4 93 92 95 97
4 93 92 95 98
4 94 92 95 96
4 94 92 95 97
4 94 92 95 98
4 92 95 98 99
4 92 95 98 100
10 92 95 98 101
19 92 95 98 101
20 92 95 98 101
21 92 95 98 101
4 96 95 98 99
4 96 95 98 100
4 96 95 98 101
4 97 95 98 99
4 97 95 98 100
4 97 95 98 101
4 95 98 101 102
4 95 98 101 103
11 95 98 101 104
22 95 98 101 104
23 95 98 101 104
24 95 98 101 104
4 99 98 101 102
4 99 98 101 103
4 99 98 101 104
4 100 98 101 102
4 100 98 101 103
4 100 98 101 104
12 98 101 104 105
12 98 101 104 106
12 98 101 104 107
12 102 101 104 105
12 102 101 104 106
12 102 101 104 107
12 103 101 104 105
12 103 101 104 106
12 103 101 104 107
