  12        -0.405054       -1.219350       -8.021400
  7         -0.942323       -1.336000       -8.866020
  3         -0.937239       -1.774980       -6.888650
  13        -2.056990       -2.275020       -6.882710
  5         -0.161007       -1.650910       -5.564540
  10         0.177274       -0.603126       -5.543940
  10         0.725726       -2.314260       -5.606340
  5         -0.984206       -1.889320       -4.282040
  10        -1.883610       -1.230830       -4.278790
  10        -1.341260       -2.943590       -4.275510
  5         -0.171231       -1.629570       -3.017270
  10         0.740750       -2.268600       -3.008350
  10         0.159029       -0.571421       -3.012180
  5         -0.986007       -1.890830       -1.757070
  10        -1.893140       -1.243850       -1.762270
  10        -1.319760       -2.952680       -1.750660
  5         -0.190515       -1.615330       -0.490463
  10         0.731265       -2.239350       -0.471821
  10         0.124186       -0.552464       -0.486884
  5         -1.016760       -1.887800        0.756549
  10        -1.932950       -1.254290        0.742340
  10        -1.334980       -2.953860        0.760925
  5         -0.234065       -1.599560        2.025850
  10         0.698133       -2.207510        2.045520
  10         0.062732       -0.531688        2.024440
  5         -1.057870       -1.884620        3.272090
  10        -1.985730       -1.268810        3.251630
  10        -1.355890       -2.956260        3.274460
  5         -0.280678       -1.578080        4.542660
  10         0.664698       -2.164860        4.556820
  10        -0.006379       -0.504289        4.532870
  5         -1.092090       -1.876730        5.796420
  10        -2.032850       -1.282010        5.770680
  10        -1.367220       -2.953910        5.798320
  5         -0.320463       -1.548430        7.068630
  10         0.636686       -2.114650        7.080300
  10        -0.067064       -0.470007        7.045670
  5         -1.120990       -1.851000        8.332860
  10        -2.074980       -1.278510        8.295550
  10        -1.371520       -2.934030        8.345400
  5         -0.361902       -1.487340        9.609950
  10         0.597568       -2.050700        9.638450
  10        -0.111308       -0.409117        9.556670
  5         -1.171080       -1.763840       10.882100
  10        -2.140930       -1.218800       10.824600
  10        -1.394610       -2.853310       10.922900
  6         -0.442401       -1.350850       12.165800
  11         0.566755       -1.817680       12.191800
  11        -0.315434       -0.247467       12.184300
  11        -0.988535       -1.644290       13.086300
  4          0.923712       -0.550006       -8.179100
  9          1.552880       -0.843800       -7.310280
  5          1.654820       -1.173650       -9.419170
  10         1.016550       -1.073780      -10.325200
  10         2.593720       -0.599428       -9.591680
  14         2.001540       -2.544800       -9.210370
  8          2.349330       -2.878410      -10.042700
  4          0.686687        1.007390       -8.242800
  9         -0.400478        1.198920       -8.089970
  14         1.002010        1.553410       -9.531730
  8          0.924594        2.508460       -9.462890
  4          1.442840        1.789780       -7.115810
  9          1.690660        2.793470       -7.527700
  14         2.700880        1.203010       -6.765150
  8          2.935500        1.555240       -5.902000
  5          0.557132        2.061630       -5.845250
  10         0.248385        3.129240       -5.879940
  10        -0.385527        1.469010       -5.871060
  5          1.199860        1.839360       -4.459260
  10         1.542110        0.782727       -4.363100
  10         2.092990        2.495630       -4.350670
  5          0.254370        2.136970       -3.298840
  10        -0.113727        3.185360       -3.361450
  10        -0.633165        1.465150       -3.353590
  5          0.954343        1.940740       -1.954560
  10         1.367900        0.908534       -1.887990
  10         1.810480        2.647580       -1.878960
  5          0.016599        2.166550       -0.776352
  10        -0.414976        3.190270       -0.835698
  10        -0.826608        1.440960       -0.837548
  5          0.735572        2.004250        0.559321
  10         1.205400        0.996108        0.616545
  10         1.552450        2.756850        0.626613
  5         -0.219405        2.178730        1.732060
  10        -0.705677        3.177240        1.662330
  10        -1.020750        1.407570        1.662460
  5          0.497823        2.060690        3.071790
  10         1.020490        1.079430        3.132740
  10         1.273390        2.855960        3.136310
  5         -0.471623        2.190080        4.240720
  10        -1.008240        3.161910        4.162680
  10        -1.232140        1.378590        4.171260
  5          0.245441        2.115960        5.586410
  10         0.817841        1.163370        5.651290
  10         0.980562        2.949000        5.646600
  5         -0.726063        2.201450        6.762750
  10        -1.311860        3.144080        6.681460
  10        -1.443720        1.351420        6.698890
  5         -0.003311        2.170900        8.112520
  10         0.615036        1.247520        8.174510
  10         0.693469        3.036940        8.162000
  5         -0.965718        2.215110        9.303290
  10        -1.591720        3.132000        9.223550
  10        -1.649980        1.337560        9.239640
  6         -0.255252        2.206570       10.660000
  11        -0.996197        2.199000       11.486900
  11         0.389878        1.307450       10.760700
  11         0.392818        3.102000       10.768900
