14.0070
1.0080
12.0110
16.0000
12.0100
1.0080
1.0080
12.0100
1.0080
1.0080
12.0100
1.0080
1.0080
12.0100
1.0080
1.0080
12.0100
1.0080
1.0080
12.0100
1.0080
1.0080
12.0100
1.0080
1.0080
12.0100
1.0080
1.0080
12.0100
1.0080
1.0080
12.0100
1.0080
1.0080
12.0100
1.0080
1.0080
12.0100
1.0080
1.0080
12.0100
1.0080
1.0080
12.0100
1.0080
1.0080
12.0110
1.0080
1.0080
1.0080
12.0110
1.0080
12.0110
1.0080
1.0080
16.0000
1.0080
12.0110
1.0080
16.0000
1.0080
12.0110
1.0080
16.0000
1.0080
12.0100
1.0080
1.0080
12.0100
1.0080
1.0080
12.0100
1.0080
1.0080
12.0100
1.0080
1.0080
12.0100
1.0080
1.0080
12.0100
1.0080
1.0080
12.0100
1.0080
1.0080
12.0100
1.0080
1.0080
12.0100
1.0080
1.0080
12.0100
1.0080
1.0080
12.0100
1.0080
1.0080
12.0100
1.0080
1.0080
12.0100
1.0080
1.0080
12.0110
1.0080
1.0080
1.0080
