1 1 0 2 3
1 1 0 2 4
1 11 0 2 3
1 11 0 2 4
2 1 0 11 12
2 1 0 11 13
2 1 0 11 18
2 2 0 11 12
5 2 0 11 13
5 2 0 11 18
6 0 2 4 5
6 0 2 4 6
7 0 2 4 7
8 3 2 4 5
8 3 2 4 6
9 3 2 4 7
4 2 4 7 8
4 2 4 7 9
4 2 4 7 10
4 5 4 7 8
4 5 4 7 9
4 5 4 7 10
4 6 4 7 8
4 6 4 7 9
4 6 4 7 10
3 0 11 13 14
3 0 11 13 15
3 0 11 13 16
3 12 11 13 14
3 12 11 13 15
3 12 11 13 16
3 18 11 13 14
3 18 11 13 15
3 18 11 13 16
3 0 11 18 19
3 0 11 18 20
3 0 11 18 22
3 12 11 18 19
3 12 11 18 20
3 12 11 18 22
3 13 11 18 19
3 13 11 18 20
3 13 11 18 22
13 11 13 16 17
13 14 13 16 17
13 15 13 16 17
14 11 18 20 21
14 19 18 20 21
14 22 18 20 21
3 11 18 22 23
7 11 18 22 24
6 19 18 22 23
15 19 18 22 24
16 20 18 22 23
7 20 18 22 24
17 18 22 24 25
17 18 22 24 26
18 23 22 24 25
17 23 22 24 26
15 22 24 26 27
15 22 24 26 28
7 22 24 26 29
6 25 24 26 27
6 25 24 26 28
3 25 24 26 29
4 22 26 29 30
4 22 26 29 31
4 22 26 29 32
4 27 26 29 30
4 27 26 29 31
4 27 26 29 32
4 28 26 29 30
4 28 26 29 31
4 28 26 29 32
