11 1 0 2
12 1 0 11
13 2 0 11
14 0 2 3
16 0 2 4
17 3 2 4
18 2 4 5
18 2 4 6
19 2 4 7
9 5 4 6
10 5 4 7
10 6 4 7
10 4 7 8
10 4 7 9
32 4 7 10
9 8 7 9
10 8 7 10
10 9 7 10
24 0 11 12
25 0 11 13
26 0 11 18
3 12 11 13
29 12 11 18
15 13 11 18
7 11 13 14
7 11 13 15
27 11 13 16
9 14 13 15
28 14 13 16
28 15 13 16
31 13 16 17
29 11 18 19
5 11 18 20
34 11 18 22
28 19 18 20
2 19 18 22
4 20 18 22
6 18 20 21
8 18 22 23
35 18 22 24
36 23 22 24
36 22 24 25
37 22 24 26
38 24 26 27
38 24 26 28
30 24 26 29
9 27 26 28
10 27 26 29
10 28 26 29
10 26 29 30
10 26 29 31
32 26 29 32
9 30 29 31
10 30 29 32
10 31 29 32
