        1       14        1 1
       2        3        2 1
       3       48       49 1
       4        4        2 1
      5       40       41 1
      6       14       16 1
      7       36       38 1
      8       44       42 1
      9        8        6 1
      10       48       42 1
      11       45       46 1
      12       45       33 1
      13        2        5 1
      14        1        6 1
      15       36       39 1
      16       28       29 1
      17       25       28 1
      18       20       24 1
      19       17       24 1
      20       20       23 1
      21       45       47 1
      22       31       32 1
      23       20       22 1
      24       10       11 1
      25       10       13 1
      26       36       37 1
      27       33       34 1
      28        1        2 1
      29       10        1 1
      30       31       33 1
      31       30       31 1
      32        7        6 1
      33       28       36 1
      34       43       42 1
      35       40       42 1
      36       28       30 1
      37        9        6 1
     38       17       18 1
     39       14       15 1
     40       33       35 1
     41       48       50 1
     42       39       40 1
     43       25       26 1
     44       10       12 1
     45       25       27 1
     46       23       25 1
     47       17       19 1
     48       14       17 1
     49       20       21 1
