12  -0.088709 -0.41944 4.90519
7   -0.645456 -0.396402 5.74712
3   0.396566 -1.64654 4.47967
13  1.0193 -1.79273 3.42966
5   0.243647 -2.86571 5.43106
10  -0.475238 -2.61198 6.2349
10  1.22228 -3.0357 5.91366
5   -0.191341 -4.25057 4.78623
10  -1.29632 -4.24709 4.64629
10  0.262142 -4.35245 3.77153
5   0.231877 -5.5336 5.59686
10  1.33223 -5.64092 5.47188
10  0.0398368 -5.36301 6.67881
5   -0.440223 -6.90794 5.22641
10  -1.48769 -6.87872 5.59857
10  -0.485049 -7.0127 4.11961
5   0.266071 -8.19552 5.79245
10  1.19871 -8.35174 5.20377
10  0.568766 -8.00802 6.84656
5   -0.560854 -9.53083 5.78768
10  -1.38383 -9.41631 6.52712
10  -1.02766 -9.66966 4.78847
5   0.237095 -10.8391 6.12568
10  0.919882 -11.0547 5.27363
10  0.872617 -10.6553 7.02
5   -0.619057 -12.1157 6.41908
10  -1.19534 -11.9323 7.35272
10  -1.35459 -12.2634 5.59815
5   0.177775 -13.4525 6.58679
10  0.630609 -13.716 5.60496
10  1.01106 -13.2913 7.30568
5   -0.653937 -14.6699 7.09566
10  -1.02356 -14.4322 8.11745
10  -1.54191 -14.806 6.44107
5   0.10568 -16.0278 7.15646
10  0.384013 -16.3282 6.12097
10  1.04988 -15.8949 7.73112
5   -0.6908 -17.1931 7.813
10  -0.915164 -16.9124 8.86589
10  -1.66269 -17.3128 7.28422
5   0.0308487 -18.5655 7.81403
10  0.197031 -18.8853 6.76376
10  1.02577 -18.4552 8.29533
5   -0.741695 -19.6832 8.55393
10  -0.887771 -19.3787 9.61831
10  -1.75654 -19.79 8.10145
6   -0.0488672 -21.0587 8.52938
11  0.0605963 -21.4292 7.48894
11  0.956833 -21.0065 8.99663
11  -0.646339 -21.8071 9.09405
4   0.191702 0.930965 4.2696
9   1.30276 1.03847 4.23384
5   -0.341934 0.926031 2.78415
10  -1.08771 0.118747 2.62644
10  -0.835565 1.88607 2.52249
14  0.736639 0.718743 1.87502
8   1.08098 -0.165469 2.07424
4   -0.389104 2.07311 5.19027
9   -0.184562 1.80536 6.25163
14  -1.80799 2.16984 5.05683
8   -1.96789 2.6464 4.23799
15  0.343669 3.42657 4.95691
16  1.44172 3.37205 4.9793
15  -0.22396 4.66286 4.7988
16  -1.31861 4.77443 4.84546
5   0.486604 6.01222 4.66981
10  1.42164 6.00376 5.274
10  0.797611 6.16228 3.6118
5   -0.308532 7.29684 5.10914
10  -1.23314 7.35557 4.49539
10  -0.620857 7.17102 6.16822
5   0.450657 8.66692 4.98612
10  1.3487 8.62441 5.64328
10  0.812275 8.7864 3.94019
5   -0.358332 9.95985 5.36251
10  -1.2207 10.0494 4.66451
10  -0.771126 9.83101 6.38728
5   0.434473 11.3126 5.33387
10  1.29075 11.231 6.03716
10  0.85207 11.4633 4.31491
5   -0.380016 12.5943 5.71791
10  -1.22789 12.7071 5.00189
10  -0.821851 12.4406 6.73076
5   0.417917 13.9416 5.74245
10  1.27321 13.8321 6.44229
10  0.833557 14.1291 4.72996
5   -0.403406 15.1935 6.17711
10  -1.26275 15.3215 5.48039
10  -0.820152 15.0058 7.19218
5   0.381552 16.5395 6.22475
10  1.2622 16.4168 6.89453
10  0.764976 16.7684 5.20484
5   -0.444197 17.7546 6.72798
10  -1.32966 17.8879 6.07068
10  -0.815538 17.5301 7.75033
5   0.325236 19.1017 6.77983
10  1.23229 18.9835 7.41457
10  0.670618 19.3693 5.75554
5   -0.501871 20.2825 7.34179
10  -1.42194 20.4037 6.72799
10  -0.825008 20.0299 8.37598
6   0.259689 21.7069 7.39085
11  -0.360782 22.5422 7.82754
11  1.20304 21.7073 8.00728
11  0.579963 22.0966 6.38257
