14.007
1.008
12.011
15.9994
12.011
1.008
1.008
12.011
1.008
1.008
12.011
1.008
1.008
12.011
1.008
1.008
12.011
1.008
1.008
12.011
1.008
1.008
12.011
1.008
1.008
12.011
1.008
1.008
12.011
1.008
1.008
12.011
1.008
1.008
12.011
1.008
1.008
12.011
1.008
1.008
12.011
1.008
1.008
12.011
1.008
1.008
12.011
1.008
1.008
12.011
1.008
1.008
12.011
1.008
1.008
12.011
1.008
1.008
12.011
1.008
1.008
12.011
1.008
1.008
12.011
1.008
1.008
12.011
1.008
1.008
12.011
1.008
1.008
1.008
12.011
1.008
12.011
1.008
1.008
15.9994
1.008
12.011
1.008
15.9994
1.008
12.011
1.008
12.011
1.008
12.011
1.008
1.008
12.011
1.008
1.008
12.011
1.008
1.008
12.011
1.008
1.008
12.011
1.008
1.008
12.011
1.008
1.008
12.011
1.008
1.008
12.011
1.008
1.008
12.011
1.008
1.008
12.011
1.008
1.008
12.011
1.008
1.008
12.011
1.008
1.008
12.011
1.008
1.008
1.008
