20  75  0  77
23  75  0  1
20  75  0  76
23  77  0  1
20  77  0  76
23  1  0  76
21  0  1  2
22  0  1  78
22  0  1  79
10  2  1  78
10  2  1  79
9  78  1  79
10  1  2  80
32  1  2  3
10  1  2  81
10  80  2  3
9  80  2  81
10  3  2  81
32  2  3  4
10  2  3  82
10  2  3  83
10  4  3  82
10  4  3  83
9  82  3  83
10  3  4  84
10  3  4  85
32  3  4  5
9  84  4  85
10  84  4  5
10  85  4  5
10  4  5  86
10  4  5  87
32  4  5  6
9  86  5  87
10  86  5  6
10  87  5  6
10  5  6  88
10  5  6  89
32  5  6  7
9  88  6  89
10  88  6  7
10  89  6  7
32  6  7  8
10  6  7  91
10  6  7  90
10  8  7  91
10  8  7  90
9  91  7  90
10  7  8  92
32  7  8  9
10  7  8  93
10  92  8  9
9  92  8  93
10  9  8  93
32  8  9  10
10  8  9  95
10  8  9  94
10  10  9  95
10  10  9  94
9  95  9  94
32  9  10  11
10  9  10  97
10  9  10  96
10  11  10  97
10  11  10  96
9  97  10  96
32  10  11  12
10  10  11  99
10  10  11  98
10  12  11  99
10  12  11  98
9  99  11  98
30  11  12  13
10  11  12  100
10  11  12  101
38  13  12  100
38  13  12  101
9  100  12  101
37  12  13  14
51  12  13  102
36  14  13  102
35  13  14  15
36  13  14  103
8  15  14  103
4  14  15  16
34  14  15  18
2  14  15  104
5  16  15  18
39  16  15  104
29  18  15  104
6  15  16  17
26  15  18  22
29  15  18  105
15  15  18  19
24  22  18  105
25  22  18  19
3  105  18  19
7  18  19  107
7  18  19  106
27  18  19  20
9  107  19  106
28  107  19  20
28  106  19  20
31  19  20  21
12  18  22  23
13  18  22  24
11  23  22  24
14  22  24  25
16  22  24  26
17  25  24  26
18  24  26  108
18  24  26  109
19  24  26  27
9  108  26  109
10  108  26  27
10  109  26  27
10  26  27  111
10  26  27  110
32  26  27  28
9  111  27  110
10  111  27  28
10  110  27  28
32  27  28  29
10  27  28  112
10  27  28  113
10  29  28  112
10  29  28  113
9  112  28  113
32  28  29  30
10  28  29  114
10  28  29  115
10  30  29  114
10  30  29  115
9  114  29  115
32  29  30  31
10  29  30  117
10  29  30  116
10  31  30  117
10  31  30  116
9  117  30  116
32  30  31  32
10  30  31  119
10  30  31  118
10  32  31  119
10  32  31  118
9  119  31  118
10  31  32  120
10  31  32  121
32  31  32  33
9  120  32  121
10  120  32  33
10  121  32  33
32  32  33  34
10  32  33  123
10  32  33  122
10  34  33  123
10  34  33  122
9  123  33  122
10  33  34  124
10  33  34  125
32  33  34  35
9  124  34  125
10  124  34  35
10  125  34  35
32  34  35  36
10  34  35  126
10  34  35  127
10  36  35  126
10  36  35  127
9  126  35  127
10  35  36  128
32  35  36  37
10  35  36  129
10  128  36  37
9  128  36  129
10  37  36  129
10  36  37  131
10  36  37  130
32  36  37  38
9  131  37  130
10  131  37  38
10  130  37  38
32  37  38  39
10  37  38  132
10  37  38  133
10  39  38  132
10  39  38  133
9  132  38  133
32  38  39  40
10  38  39  134
10  38  39  135
10  40  39  134
10  40  39  135
9  134  39  135
32  39  40  41
10  39  40  136
10  39  40  137
10  41  40  136
10  41  40  137
9  136  40  137
32  40  41  42
10  40  41  138
10  40  41  139
10  42  41  138
10  42  41  139
9  138  41  139
10  41  42  140
32  41  42  43
10  41  42  141
10  140  42  43
9  140  42  141
10  43  42  141
32  42  43  44
10  42  43  142
10  42  43  143
10  44  43  142
10  44  43  143
9  142  43  143
10  43  44  144
32  43  44  45
10  43  44  145
10  144  44  45
9  144  44  145
10  45  44  145
10  44  45  147
10  44  45  146
32  44  45  46
9  147  45  146
10  147  45  46
10  146  45  46
32  45  46  47
10  45  46  148
10  45  46  149
10  47  46  148
10  47  46  149
9  148  46  149
32  46  47  48
10  46  47  150
10  46  47  151
10  48  47  150
10  48  47  151
9  150  47  151
10  47  48  152
10  47  48  153
32  47  48  49
9  152  48  153
10  152  48  49
10  153  48  49
10  48  49  155
32  48  49  50
10  48  49  154
10  155  49  50
9  155  49  154
10  50  49  154
10  49  50  156
10  49  50  157
32  49  50  51
9  156  50  157
10  156  50  51
10  157  50  51
10  50  51  158
32  50  51  52
10  50  51  159
10  158  51  52
9  158  51  159
10  52  51  159
32  51  52  53
10  51  52  160
10  51  52  161
10  53  52  160
10  53  52  161
9  160  52  161
32  52  53  54
10  52  53  162
10  52  53  163
10  54  53  162
10  54  53  163
9  162  53  163
10  53  54  164
10  53  54  165
55  53  54  55
9  164  54  165
54  164  54  55
54  165  54  55
56  54  55  56
59  55  56  57
57  55  56  58
58  57  56  58
61  56  58  167
61  56  58  166
62  56  58  59
9  167  58  166
10  167  58  59
10  166  58  59
10  58  59  168
10  58  59  169
32  58  59  60
9  168  59  169
10  168  59  60
10  169  59  60
10  59  60  171
10  59  60  170
32  59  60  61
9  171  60  170
10  171  60  61
10  170  60  61
32  60  61  62
10  60  61  172
10  60  61  173
10  62  61  172
10  62  61  173
9  172  61  173
10  61  62  175
10  61  62  174
32  61  62  63
9  175  62  174
10  175  62  63
10  174  62  63
10  62  63  176
32  62  63  64
10  62  63  177
10  176  63  64
9  176  63  177
10  64  63  177
30  63  64  65
10  63  64  178
10  63  64  179
38  65  64  178
38  65  64  179
9  178  64  179
37  64  65  66
51  64  65  180
36  66  65  180
36  65  66  181
37  65  66  67
51  181  66  67
38  66  67  183
38  66  67  182
60  66  67  68
9  183  67  182
38  183  67  68
38  182  67  68
51  67  68  184
37  67  68  69
36  184  68  69
37  68  69  70
36  68  69  185
51  70  69  185
38  69  70  187
38  69  70  186
30  69  70  71
9  187  70  186
10  187  70  71
10  186  70  71
32  70  71  72
10  70  71  188
10  70  71  189
10  72  71  188
10  72  71  189
9  188  71  189
32  71  72  73
10  71  72  191
10  71  72  190
10  73  72  191
10  73  72  190
9  191  72  190
10  72  73  192
10  72  73  193
21  72  73  74
9  192  73  193
22  192  73  74
22  193  73  74
23  73  74  196
23  73  74  194
23  73  74  195
20  196  74  194
20  196  74  195
20  194  74  195
