2 0 1
3 0 2
4 0 4
4 0 16
5 2 3
6 4 5
6 4 6
7 4 7
6 7 8
6 7 9
4 7 10
18 10 11
19 10 15
10 10 26
11 11 12
11 11 13
11 11 14
20 15 16
21 15 19
6 16 17
6 16 18
8 19 20
20 19 21
6 21 22
6 21 23
4 21 24
2 24 25
10 24 26
10 24 39
2 26 27
4 26 28
6 28 29
6 28 30
7 28 31
6 31 32
6 31 33
4 31 34
18 34 35
10 34 39
10 34 47
11 35 36
11 35 37
11 35 38
2 39 40
4 39 41
6 41 42
6 41 43
7 41 44
6 44 45
6 44 46
4 44 47
2 47 48
10 47 49
2 49 50
18 49 51
4 49 55
11 51 52
11 51 53
11 51 54
6 55 56
6 55 57
7 55 58
6 58 59
6 58 60
7 58 61
6 61 62
6 61 63
4 61 64
2 64 65
18 64 66
18 64 70
11 66 67
11 66 68
11 66 69
11 70 71
11 70 72
11 70 73
