-0.008000
0.180000
-0.566000
0.394000
-0.162000
0.081000
0.081000
-0.162000
0.081000
0.081000
0.087000
-0.144000
0.048000
0.048000
0.048000
-0.092000
-0.200000
0.100000
0.100000
-0.083000
0.088000
-0.187000
0.103000
0.091000
-0.190000
0.183000
-0.159000
0.104000
0.036000
0.012000
0.007000
0.036000
-0.018000
-0.018000
0.083000
-0.018000
0.006000
0.006000
0.006000
-0.204000
0.121000
-0.134000
0.067000
0.067000
-0.108000
0.054000
0.054000
-0.075000
0.063000
-0.017000
0.029000
-0.144000
0.048000
0.048000
0.048000
0.042000
-0.021000
-0.021000
0.010000
-0.005000
-0.005000
-0.014000
0.007000
0.007000
-0.007000
0.007000
0.033000
-0.011000
-0.011000
-0.011000
0.054000
-0.018000
-0.018000
-0.018000
