14 1 0 2 3
14 4 0 2 3
14 16 0 2 3
3 1 0 4 7
3 1 0 4 5
3 1 0 4 6
3 2 0 4 7
3 2 0 4 5
3 2 0 4 6
3 16 0 4 7
3 16 0 4 5
3 16 0 4 6
3 1 0 16 15
3 1 0 16 17
3 1 0 16 18
3 2 0 16 15
3 2 0 16 17
3 2 0 16 18
3 4 0 16 15
3 4 0 16 17
3 4 0 16 18
4 0 4 7 8
4 0 4 7 9
4 0 4 7 10
4 5 4 7 8
4 5 4 7 9
4 5 4 7 10
4 6 4 7 8
4 6 4 7 9
4 6 4 7 10
3 4 7 10 15
3 4 7 10 26
3 4 7 10 11
3 8 7 10 15
3 8 7 10 26
3 8 7 10 11
3 9 7 10 15
3 9 7 10 26
3 9 7 10 11
3 7 10 11 12
3 7 10 11 13
3 7 10 11 14
3 15 10 11 12
3 15 10 11 13
3 15 10 11 14
3 26 10 11 12
3 26 10 11 13
3 26 10 11 14
25 7 10 15 16
25 7 10 15 19
25 11 10 15 16
25 11 10 15 19
25 26 10 15 16
25 26 10 15 19
3 7 10 26 24
3 7 10 26 28
3 7 10 26 27
3 11 10 26 24
3 11 10 26 28
3 11 10 26 27
3 15 10 26 24
3 15 10 26 28
3 15 10 26 27
25 10 15 16 0
25 10 15 16 17
25 10 15 16 18
25 19 15 16 0
26 19 15 16 17
26 19 15 16 18
17 10 15 19 21
17 10 15 19 20
17 16 15 19 21
17 16 15 19 20
26 15 19 21 22
26 15 19 21 23
25 15 19 21 24
27 20 19 21 22
27 20 19 21 23
25 20 19 21 24
3 19 21 24 26
3 19 21 24 39
3 19 21 24 25
3 22 21 24 26
3 22 21 24 39
3 22 21 24 25
3 23 21 24 26
3 23 21 24 39
3 23 21 24 25
3 21 24 26 10
3 21 24 26 28
3 21 24 26 27
3 25 24 26 10
3 25 24 26 28
3 25 24 26 27
3 39 24 26 10
3 39 24 26 28
3 39 24 26 27
3 21 24 39 34
3 21 24 39 41
3 21 24 39 40
3 25 24 39 34
3 25 24 39 41
3 25 24 39 40
3 26 24 39 34
3 26 24 39 41
3 26 24 39 40
3 10 26 28 31
3 10 26 28 29
3 10 26 28 30
3 24 26 28 31
3 24 26 28 29
3 24 26 28 30
3 27 26 28 31
3 27 26 28 29
3 27 26 28 30
4 26 28 31 34
4 26 28 31 32
4 26 28 31 33
4 29 28 31 34
4 29 28 31 32
4 29 28 31 33
4 30 28 31 34
4 30 28 31 32
4 30 28 31 33
3 28 31 34 39
3 28 31 34 47
3 28 31 34 35
3 32 31 34 39
3 32 31 34 47
3 32 31 34 35
3 33 31 34 39
3 33 31 34 47
3 33 31 34 35
3 31 34 35 36
3 31 34 35 37
3 31 34 35 38
3 39 34 35 36
3 39 34 35 37
3 39 34 35 38
3 47 34 35 36
3 47 34 35 37
3 47 34 35 38
3 31 34 39 24
3 31 34 39 41
3 31 34 39 40
3 35 34 39 24
3 35 34 39 41
3 35 34 39 40
3 47 34 39 24
3 47 34 39 41
3 47 34 39 40
3 31 34 47 49
3 31 34 47 44
3 31 34 47 48
3 35 34 47 49
3 35 34 47 44
3 35 34 47 48
3 39 34 47 49
3 39 34 47 44
3 39 34 47 48
3 24 39 41 44
3 24 39 41 42
3 24 39 41 43
3 34 39 41 44
3 34 39 41 42
3 34 39 41 43
3 40 39 41 44
3 40 39 41 42
3 40 39 41 43
4 39 41 44 47
4 39 41 44 45
4 39 41 44 46
4 42 41 44 47
4 42 41 44 45
4 42 41 44 46
4 43 41 44 47
4 43 41 44 45
4 43 41 44 46
3 41 44 47 34
3 41 44 47 49
3 41 44 47 48
3 45 44 47 34
3 45 44 47 49
3 45 44 47 48
3 46 44 47 34
3 46 44 47 49
3 46 44 47 48
3 34 47 49 55
3 34 47 49 51
3 34 47 49 50
3 44 47 49 55
3 44 47 49 51
3 44 47 49 50
3 48 47 49 55
3 48 47 49 51
3 48 47 49 50
3 47 49 51 52
3 47 49 51 53
3 47 49 51 54
3 50 49 51 52
3 50 49 51 53
3 50 49 51 54
3 55 49 51 52
3 55 49 51 53
3 55 49 51 54
3 47 49 55 58
3 47 49 55 56
3 47 49 55 57
3 50 49 55 58
3 50 49 55 56
3 50 49 55 57
3 51 49 55 58
3 51 49 55 56
3 51 49 55 57
4 49 55 58 61
4 49 55 58 59
4 49 55 58 60
4 56 55 58 61
4 56 55 58 59
4 56 55 58 60
4 57 55 58 61
4 57 55 58 59
4 57 55 58 60
4 55 58 61 64
4 55 58 61 62
4 55 58 61 63
4 59 58 61 64
4 59 58 61 62
4 59 58 61 63
4 60 58 61 64
4 60 58 61 62
4 60 58 61 63
3 58 61 64 66
3 58 61 64 70
3 58 61 64 65
3 62 61 64 66
3 62 61 64 70
3 62 61 64 65
3 63 61 64 66
3 63 61 64 70
3 63 61 64 65
3 61 64 66 67
3 61 64 66 68
3 61 64 66 69
3 65 64 66 67
3 65 64 66 68
3 65 64 66 69
3 70 64 66 67
3 70 64 66 68
3 70 64 66 69
3 61 64 70 71
3 61 64 70 72
3 61 64 70 73
3 65 64 70 71
3 65 64 70 72
3 65 64 70 73
3 66 64 70 71
3 66 64 70 72
3 66 64 70 73
