12.011
12.011
12.011
12.011
12.011
12.011
12.011
12.011
12.011
12.011
12.011
12.011
12.011
12.011
12.011
12.011
15.9994
1.008
12.011
12.011
15.9994
1.008
14.007
1.008
12.0011
15.9994
12.011
12.011
12.011
12.011
12.011
12.011
12.011
12.011
12.011
12.011
12.011
12.011
12.011
12.011
12.011
12.011
12.011
12.011
12.011
12.011
12.011
12.011
12.011
12.011
12.011
12.011
12.011
12.011
12.011
15.9994
12.0011
15.9994
12.011
12.011
12.011
12.011
12.011
12.011
12.011
12.011
12.011
12.011
12.011
12.011
12.011
12.011
12.011
12.011
12.011
1.008
1.008
1.008
1.008
1.008
1.008
1.008
1.008
1.008
1.008
1.008
1.008
1.008
1.008
1.008
1.008
1.008
1.008
1.008
1.008
1.008
1.008
1.008
1.008
1.008
1.008
1.008
1.008
1.008
1.008
1.008
1.008
1.008
1.008
1.008
1.008
1.008
1.008
1.008
1.008
1.008
1.008
1.008
1.008
1.008
1.008
1.008
1.008
1.008
1.008
1.008
1.008
1.008
1.008
1.008
1.008
1.008
1.008
1.008
1.008
1.008
1.008
1.008
1.008
1.008
1.008
1.008
1.008
1.008
1.008
1.008
1.008
1.008
1.008
1.008
1.008
1.008
1.008
1.008
1.008
1.008
1.008
1.008
1.008
1.008
1.008
1.008
1.008
1.008
1.008
1.008
1.008
1.008
1.008
1.008
1.008
1.008
1.008
1.008
1.008
1.008
1.008
1.008
1.008
1.008
1.008
1.008
1.008
1.008
1.008
1.008
1.008
1.008
1.008
1.008
1.008
1.008
1.008
1.008
1.008
1.008
1.008
