12 0 1
13 0 2
14 0 74
15 2 3
16 2 4
6 4 5
6 4 6
7 4 7
6 7 8
6 7 9
7 7 10
6 10 11
6 10 12
7 10 13
6 13 14
6 13 15
7 13 16
6 16 17
6 16 18
7 16 19
6 19 20
6 19 21
7 19 22
6 22 23
6 22 24
7 22 25
6 25 26
6 25 27
7 25 28
6 28 29
6 28 30
7 28 31
6 31 32
6 31 33
7 31 34
6 34 35
6 34 36
7 34 37
6 37 38
6 37 39
7 37 40
6 40 41
6 40 42
7 40 43
6 43 44
6 43 45
7 43 46
6 46 47
6 46 48
7 46 49
6 49 50
6 49 51
7 49 52
6 52 53
6 52 54
7 52 55
6 55 56
6 55 57
7 55 58
6 58 59
6 58 60
7 58 61
6 61 62
6 61 63
7 61 64
6 64 65
6 64 66
7 64 67
6 67 68
6 67 69
9 67 70
11 70 71
11 70 72
11 70 73
2 74 75
4 74 76
10 74 81
6 76 77
6 76 78
17 76 79
5 79 80
2 81 82
3 81 83
19 81 85
5 83 84
8 85 86
21 85 87
8 87 88
20 87 89
6 89 90
6 89 91
7 89 92
6 92 93
6 92 94
7 92 95
6 95 96
6 95 97
7 95 98
6 98 99
6 98 100
7 98 101
6 101 102
6 101 103
7 101 104
6 104 105
6 104 106
7 104 107
6 107 108
6 107 109
7 107 110
6 110 111
6 110 112
7 110 113
6 113 114
6 113 115
7 113 116
6 116 117
6 116 118
7 116 119
6 119 120
6 119 121
7 119 122
6 122 123
6 122 124
9 122 125
11 125 126
11 125 127
11 125 128
