-0.530000
0.260000
0.580000
-0.530000
-0.260000
0.130000
0.130000
-0.180000
0.090000
0.090000
-0.180000
0.090000
0.090000
-0.180000
0.090000
0.090000
-0.180000
0.090000
0.090000
-0.180000
0.090000
0.090000
-0.180000
0.090000
0.090000
-0.180000
0.090000
0.090000
-0.180000
0.090000
0.090000
-0.180000
0.090000
0.090000
-0.180000
0.090000
0.090000
-0.180000
0.090000
0.090000
-0.180000
0.090000
0.090000
-0.180000
0.090000
0.090000
-0.180000
0.090000
0.090000
-0.180000
0.090000
0.090000
-0.180000
0.090000
0.090000
-0.180000
0.090000
0.090000
-0.180000
0.090000
0.090000
-0.180000
0.090000
0.090000
-0.180000
0.090000
0.090000
-0.180000
0.090000
0.090000
-0.300000
0.100000
0.100000
0.100000
0.030000
0.120000
0.060000
0.105000
0.105000
-0.560000
0.340000
0.150000
0.090000
-0.560000
0.340000
-0.090000
0.090000
-0.090000
0.090000
-0.180000
0.090000
0.090000
-0.180000
0.090000
0.090000
-0.180000
0.090000
0.090000
-0.180000
0.090000
0.090000
-0.180000
0.090000
0.090000
-0.180000
0.090000
0.090000
-0.180000
0.090000
0.090000
-0.180000
0.090000
0.090000
-0.180000
0.090000
0.090000
-0.180000
0.090000
0.090000
-0.180000
0.090000
0.090000
-0.180000
0.090000
0.090000
-0.300000
0.100000
0.100000
0.100000
