0.000000000000000000e+00 1.497953176582623485e+02 4.912457401437873727e+02
1.000000000000000194e-02 1.448828602568244719e+02 4.912457401437885665e+02
2.000000000000000389e-02 1.399704028553865953e+02 4.912457401437885665e+02
3.000000000000000583e-02 1.350579454539487188e+02 4.912457401437885665e+02
4.000000000000000777e-02 1.301454880525108138e+02 4.912457401437885665e+02
5.000000000000000278e-02 1.252330306510729372e+02 4.912457401437885665e+02
6.000000000000001166e-02 1.203205732496350464e+02 4.912457401437897602e+02
7.000000000000000666e-02 1.154081158481971414e+02 4.912457401437885665e+02
8.000000000000001554e-02 1.104956584467592648e+02 4.912457401437885665e+02
9.000000000000001055e-02 1.055832010453213741e+02 4.912457401437885665e+02
1.000000000000000056e-01 1.006707436438834975e+02 4.912457401437885665e+02
1.100000000000000144e-01 9.575828624244559251e+01 4.912457401437891917e+02
1.200000000000000233e-01 9.084582884100771594e+01 4.912457401437885665e+02
1.300000000000000322e-01 8.593337143956982516e+01 4.912457401437885665e+02
1.400000000000000133e-01 8.102091403813194859e+01 4.912457401437885665e+02
1.500000000000000222e-01 7.610845663669405781e+01 4.912457401437885665e+02
1.600000000000000311e-01 7.119599923525616703e+01 4.912457401437885665e+02
1.700000000000000122e-01 6.628354183381829046e+01 4.912457401437885665e+02
1.800000000000000211e-01 6.137108443238039968e+01 4.912457401437885665e+02
1.900000000000000300e-01 5.645862703094250890e+01 4.912457401437885665e+02
2.000000000000000111e-01 5.154616962950462522e+01 4.912457401437885665e+02
2.100000000000000200e-01 4.663371222806674155e+01 4.912457401437885665e+02
2.200000000000000289e-01 4.172125482662885076e+01 4.912457401437882254e+02
2.300000000000000100e-01 3.680879742519097420e+01 4.912457401437891917e+02
2.400000000000000466e-01 3.189634002375306920e+01 4.912457401437894191e+02
2.500000000000000555e-01 2.698388262231518553e+01 4.912457401437885665e+02
2.600000000000000644e-01 2.207142522087729830e+01 4.912457401437885665e+02
2.700000000000000733e-01 1.715896781943941463e+01 4.912457401437884528e+02
2.800000000000000266e-01 1.224651041800152917e+01 4.912457401437884528e+02
2.900000000000000355e-01 7.334053016563642835e+00 3.742760093587243659e+02
3.000000000000000444e-01 4.760990230827041536e+00 2.084773689438179360e+02
3.099999999999999978e-01 3.164505637687283990e+00 1.304790965184481308e+02
3.200000000000000622e-01 2.151408300458077960e+00 8.127512921451598515e+01
3.300000000000000711e-01 1.539003053396964305e+00 4.731818259385253356e+01
3.400000000000000244e-01 1.205044648581027555e+00 2.517117837825487214e+01
3.500000000000000888e-01 1.035579485831866764e+00 1.440705163234162711e+01
3.600000000000000422e-01 9.169036159341950043e-01 1.357119259801342359e+01
3.700000000000000511e-01 7.641556338715982388e-01 1.833307239760694785e+01
3.800000000000000600e-01 5.502421679820559408e-01 2.343059577822834072e+01
3.900000000000000688e-01 2.955437183070314111e-01 2.589925398798330392e+01
4.000000000000000222e-01 3.225708822238983892e-02 2.528915461261179232e+01
4.100000000000000866e-01 -2.102393739452044497e-01 2.192244112842886139e+01
4.200000000000000400e-01 -4.061917343461873831e-01 1.658602722120162909e+01
4.300000000000000488e-01 -5.419599183692370703e-01 1.063508978876022759e+01
4.400000000000000577e-01 -6.188935301213919216e-01 5.479233416321962480e+00
4.500000000000000666e-01 -6.515445866956762755e-01 2.402866259316269293e+00
4.600000000000000200e-01 -6.669508553077173607e-01 2.126309036927626295e+00
4.700000000000000844e-01 -6.940707674342287969e-01 4.413184562304893532e+00
4.800000000000000933e-01 -7.552145465538152580e-01 8.058945836402347851e+00
4.900000000000000466e-01 -8.552496841622758694e-01 1.135692185520693975e+01
5.000000000000001110e-01 -9.823529836579539820e-01 1.253551457636001309e+01
5.100000000000000089e-01 -1.105959975689476016e+00 1.062685135411943627e+01
5.200000000000001288e-01 -1.194890010740342845e+00 5.824548380697842198e+00
5.300000000000000266e-01 -1.222450943303432958e+00 -1.101561564323846554e+00
5.400000000000001465e-01 -1.172858779453865852e+00 -9.116532582438926724e+00
5.500000000000000444e-01 -1.040120291654654361e+00 -1.681073232301364939e+01
5.600000000000000533e-01 -8.366441329935927484e-01 -2.243248886233577011e+01
5.700000000000000622e-01 -5.914705144079389632e-01 -2.430396505092219073e+01
5.800000000000000711e-01 -3.505648319751489272e-01 -2.182428995852799147e+01
5.900000000000000799e-01 -1.549847152373791115e-01 -1.632774145468669502e+01
6.000000000000000888e-01 -2.401000288141501293e-02 -1.040259149924975723e+01
6.100000000000000977e-01 5.306711474761605096e-02 -6.098986747216667226e+00
6.199999999999999956e-01 9.796973206291835490e-02 -3.674016762769187316e+00
6.300000000000001155e-01 1.265474500029998006e-01 -2.436732702204000844e+00
6.400000000000001243e-01 1.467043861069983746e-01 -1.760233907492030347e+00
6.500000000000000222e-01 1.617521281528404020e-01 -1.217055639133836964e+00
6.600000000000001421e-01 1.710454988896751016e-01 -4.994776134288448355e-01
6.700000000000001510e-01 1.717416804214172976e-01 4.177539337509559858e-01
6.800000000000000488e-01 1.626904202146559897e-01 1.396965765323084252e+00
6.900000000000000577e-01 1.438023651149556159e-01 2.314860976801508929e+00
7.000000000000001776e-01 1.163932006786258105e-01 3.143064649220127293e+00
7.100000000000000755e-01 8.094107213055307115e-02 3.865761968760490497e+00
7.200000000000000844e-01 3.907796130341600199e-02 4.416729819455470718e+00
7.300000000000000933e-01 -7.393524258556350218e-03 4.625207506343094188e+00
7.400000000000001021e-01 -5.342618882344589426e-02 4.298221127786685969e+00
7.500000000000001110e-01 -9.335794681429007702e-02 3.394747537432944551e+00
7.600000000000001199e-01 -1.213211395721047886e-01 2.061017996526866458e+00
7.700000000000000178e-01 -1.345783067448274029e-01 5.178392629278788517e-01
7.800000000000001377e-01 -1.316779248306623740e-01 -1.041548457932840455e+00
7.900000000000001465e-01 -1.137473375861705882e-01 -2.426480781890848260e+00
8.000000000000000444e-01 -8.314830919284540989e-02 -3.411229138679948036e+00
8.100000000000001643e-01 -4.552275481257162665e-02 -3.882376696242805014e+00
8.200000000000001732e-01 -5.500775267989298570e-03 -3.932209487376785439e+00
8.300000000000000711e-01 3.312143493496407659e-02 -3.694878876685981695e+00
8.400000000000000799e-01 6.839680226573033317e-02 -3.195774996854026551e+00
8.500000000000001998e-01 9.703693487204460844e-02 -2.448621995853832001e+00
8.600000000000000977e-01 1.173692421828069765e-01 -1.555441205068820443e+00
8.700000000000001066e-01 1.281457589734210090e-01 -6.276605530249065312e-01
8.800000000000001155e-01 1.299224532433051194e-01 1.879173952015283644e-01
8.900000000000001243e-01 1.243874110693904550e-01 7.444239974027129225e-01
9.000000000000001332e-01 1.150339732952508492e-01 1.023618928873425205e+00
9.100000000000001421e-01 1.039150324919219520e-01 1.155435918431219733e+00
9.200000000000000400e-01 9.192525492662645403e-02 1.212800730359193002e+00
9.300000000000001599e-01 7.965901788473808698e-02 1.197112949162506546e+00
9.400000000000001688e-01 6.798299594337632590e-02 1.096224101732038880e+00
9.500000000000000666e-01 5.773453585009730160e-02 8.971910815910376646e-01
9.600000000000001865e-01 5.003917431155557177e-02 5.908394597497789169e-01
9.700000000000001954e-01 4.591774665510172521e-02 2.353850714311880032e-01
9.800000000000000933e-01 4.533147288293181559e-02 -7.519790199402941189e-02
9.900000000000001021e-01 4.742170469498231677e-02 -2.894235953085039781e-01
1.000000000000000222e+00 5.111994478910189543e-02 -4.189866001009554530e-01
1.010000000000000231e+00 5.580143669700142472e-02 -4.919523799334443726e-01
1.020000000000000018e+00 6.095899238777078427e-02 -5.291555223809221165e-01
1.030000000000000027e+00 6.638454714461987372e-02 -5.276125494627130763e-01
1.040000000000000258e+00 7.151124337702503830e-02 -4.253267578543317162e-01
1.050000000000000266e+00 7.489108230170650471e-02 -1.739594966981972968e-01
1.060000000000000053e+00 7.499043331098899368e-02 1.872192419421951637e-01
1.070000000000000062e+00 7.114669746286260421e-02 5.650723828292402162e-01
1.080000000000000293e+00 6.368898565440418713e-02 8.959627690239011510e-01
1.090000000000000080e+00 5.322744208238457120e-02 1.142857543477450388e+00
1.100000000000000089e+00 4.083183478485517826e-02 1.274134948316545612e+00
1.110000000000000098e+00 2.774474311605365853e-02 1.277331137369205782e+00
1.120000000000000107e+00 1.528521203747106039e-02 1.166142865834844500e+00
1.130000000000000115e+00 4.421885799356770411e-03 9.664417088781610543e-01
1.140000000000000124e+00 -4.043622140092160283e-03 7.013379655353209063e-01
1.150000000000000133e+00 -9.604873511349650006e-03 3.972127769886708570e-01
1.160000000000000142e+00 -1.198787767986557798e-02 -1.481708011323839835e-01
1.170000000000000151e+00 -6.641457488701971168e-03 -5.310518094678808865e-01
1.180000000000000160e+00 -1.366841490507960354e-03 -3.257781902561819320e-01
1.190000000000000169e+00 -1.258936835783321182e-04 -6.834207452539800554e-02
1.200000000000000178e+00 0.000000000000000000e+00 -1.258936835783321107e-02
