0.000000000000000000e+00 1.534693787219332535e+02 4.235753192450066535e+02
1.000000000000000194e-02 1.492336255294831915e+02 4.235753192450042661e+02
2.000000000000000389e-02 1.449978723370331579e+02 4.235753192450042661e+02
3.000000000000000583e-02 1.407621191445830959e+02 4.235753192450054598e+02
4.000000000000000777e-02 1.365263659521330624e+02 4.235753192450042661e+02
5.000000000000000278e-02 1.322906127596830004e+02 4.235753192450042661e+02
6.000000000000001166e-02 1.280548595672329668e+02 4.235753192450054598e+02
7.000000000000000666e-02 1.238191063747829048e+02 4.235753192450042661e+02
8.000000000000001554e-02 1.195833531823328855e+02 4.235753192450042661e+02
9.000000000000001055e-02 1.153475999898828093e+02 4.235753192450054598e+02
1.000000000000000056e-01 1.111118467974327757e+02 4.235753192450048914e+02
1.100000000000000144e-01 1.068760936049827137e+02 4.235753192450048914e+02
1.200000000000000233e-01 1.026403404125326801e+02 4.235753192450042661e+02
1.300000000000000322e-01 9.840458722008263237e+01 4.235753192450048914e+02
1.400000000000000133e-01 9.416883402763257038e+01 4.235753192450048914e+02
1.500000000000000222e-01 8.993308083518253682e+01 4.235753192450042661e+02
1.600000000000000311e-01 8.569732764273248904e+01 4.235753192450042661e+02
1.700000000000000122e-01 8.146157445028244126e+01 4.235753192450048914e+02
1.800000000000000211e-01 7.722582125783239348e+01 4.235753192450048914e+02
1.900000000000000300e-01 7.299006806538234571e+01 4.235753192450042661e+02
2.000000000000000111e-01 6.875431487293231214e+01 4.235753192450048914e+02
2.100000000000000200e-01 6.451856168048225015e+01 4.235753192450048914e+02
2.200000000000000289e-01 6.028280848803220948e+01 4.235753192450048914e+02
2.300000000000000100e-01 5.604705529558215460e+01 4.235753192450054598e+02
2.400000000000000466e-01 5.181130210313209972e+01 4.235753192450048914e+02
2.500000000000000555e-01 4.757554891068205905e+01 4.235753192450048914e+02
2.600000000000000644e-01 4.333979571823200416e+01 4.235753192450048914e+02
2.700000000000000733e-01 3.910404252578195639e+01 4.235753192450045503e+02
2.800000000000000266e-01 3.486828933333190861e+01 4.235753192450048914e+02
2.900000000000000355e-01 3.063253614088186083e+01 4.235753192450045503e+02
3.000000000000000444e-01 2.639678294843182016e+01 4.235753192450038114e+02
3.099999999999999978e-01 2.216102975598178304e+01 4.235753192450047209e+02
3.200000000000000622e-01 1.792527656353172461e+01 4.235753192450060851e+02
3.300000000000000711e-01 1.368952337108166262e+01 4.235753192450046640e+02
3.400000000000000244e-01 9.453770178631630827e+00 3.187919868718515772e+02
3.500000000000000888e-01 7.313683633644631144e+00 1.883289619138880084e+02
3.600000000000000422e-01 5.687190940353870516e+00 1.470491679698118617e+02
3.700000000000000511e-01 4.372700274248393804e+00 1.191777043847413040e+02
3.800000000000000600e-01 3.303636852659043832e+00 9.779997417736035459e+01
3.900000000000000688e-01 2.416700790701186374e+00 8.150374415543964801e+01
4.000000000000000222e-01 1.673561969550250828e+00 6.835897205365719742e+01
4.100000000000000866e-01 1.049521349628042444e+00 5.711080329198725991e+01
4.200000000000000400e-01 5.313459037105056071e-01 4.729043885278432668e+01
4.300000000000000488e-01 1.037125725723556380e-01 3.896513725075455170e+01
4.400000000000000577e-01 -2.479568413045855624e-01 3.185856080222135134e+01
4.500000000000000666e-01 -5.334586434720713921e-01 2.561572108780413259e+01
4.600000000000000200e-01 -7.602712630606682787e-01 2.008659223971246277e+01
4.700000000000000844e-01 -9.351904882663206742e-01 1.528445102548806567e+01
4.800000000000000933e-01 -1.065960283570429601e+00 1.125533103944194835e+01
4.900000000000000466e-01 -1.160297109055159703e+00 8.140470151285871481e+00
5.000000000000001110e-01 -1.228769686596147048e+00 5.830767076205622956e+00
5.100000000000000089e-01 -1.276912450579272162e+00 4.022747249351611210e+00
5.200000000000001288e-01 -1.309224631583179255e+00 2.483222990483294979e+00
5.300000000000000266e-01 -1.326576910388937991e+00 1.058140521344307139e+00
5.400000000000001465e-01 -1.330387442010065424e+00 -3.705183302519157729e-01
5.500000000000000444e-01 -1.319166543783899748e+00 -1.768434845026712221e+00
5.600000000000000533e-01 -1.295018745109531189e+00 -2.934971767187977587e+00
5.700000000000000622e-01 -1.260467108440140205e+00 -3.727286704966857656e+00
5.800000000000000711e-01 -1.220473011010194009e+00 -4.205247257597068966e+00
5.900000000000000799e-01 -1.176362163288198648e+00 -4.524330375560809969e+00
6.000000000000000888e-01 -1.129986403498977721e+00 -4.731210500572712974e+00
6.100000000000000977e-01 -1.081737953276744379e+00 -4.851685295722082181e+00
6.199999999999999956e-01 -1.032952697584536006e+00 -4.925859594861199398e+00
6.300000000000001155e-01 -9.832207613795205248e-01 -4.972551030903757052e+00
6.400000000000001243e-01 -9.335016769664610248e-01 -4.937419794014091146e+00
6.500000000000000222e-01 -8.844723654992386885e-01 -4.819548208566459380e+00
6.600000000000001421e-01 -8.371107127951318283e-01 -4.695004213793488645e+00
6.700000000000001510e-01 -7.905722812233688668e-01 -4.644454996779682432e+00
6.800000000000000488e-01 -7.442216128595381397e-01 -4.623590928712159709e+00
6.900000000000000577e-01 -6.981004626491257303e-01 -4.517163432563305214e+00
7.000000000000001776e-01 -6.538783442082720665e-01 -4.232206153296426798e+00
7.100000000000000755e-01 -6.134563395831971189e-01 -3.810646795500740591e+00
7.200000000000000844e-01 -5.776654082982571881e-01 -3.376369571049882001e+00
7.300000000000000933e-01 -5.459289481621995010e-01 -3.012718327247283057e+00
7.400000000000001021e-01 -5.174110417533115402e-01 -2.711292519940036616e+00
7.500000000000001110e-01 -4.917030977633987665e-01 -2.471508785007953346e+00
7.600000000000001199e-01 -4.679808660531524778e-01 -2.317292934173838415e+00
7.700000000000000178e-01 -4.453572390799219738e-01 -2.207977453132355272e+00
7.800000000000001377e-01 -4.238213169905053479e-01 -2.049818620012866965e+00
7.900000000000001465e-01 -4.043608666796646434e-01 -1.845462263887120979e+00
8.000000000000000444e-01 -3.869120717127629283e-01 -1.672198348337429641e+00
8.100000000000001643e-01 -3.709168997129160816e-01 -1.554765157269120346e+00
8.200000000000001732e-01 -3.558167685673805369e-01 -1.456783761288633183e+00
8.300000000000000711e-01 -3.417812244871433758e-01 -1.387259309752868930e+00
8.400000000000000799e-01 -3.280715823723231450e-01 -1.389726528931464866e+00
8.500000000000001998e-01 -3.139866939085140807e-01 -1.430366845255242048e+00
8.600000000000000977e-01 -2.994642454672183374e-01 -1.432854198646271060e+00
8.700000000000001066e-01 -2.853296099355886462e-01 -1.384820985577253305e+00
8.800000000000001155e-01 -2.717678257556732646e-01 -1.326086121713598853e+00
8.900000000000001243e-01 -2.588078875013166691e-01 -1.300657578480314047e+00
9.000000000000001332e-01 -2.457546741860669737e-01 -1.323681898765556086e+00
9.100000000000001421e-01 -2.323342495260055651e-01 -1.374162488994265185e+00
9.200000000000000400e-01 -2.182714244061816633e-01 -1.422370604729598753e+00
9.300000000000001599e-01 -2.038868374314135867e-01 -1.448039894006020845e+00
9.400000000000001688e-01 -1.893106265260612320e-01 -1.443112840422151599e+00
9.500000000000000666e-01 -1.750245806229705492e-01 -1.392949375971645143e+00
9.600000000000001865e-01 -1.614516390066283447e-01 -1.301506126293003218e+00
9.700000000000001954e-01 -1.489944580971104826e-01 -1.190734580370483409e+00
9.800000000000000933e-01 -1.376369473992186676e-01 -1.077671298529533805e+00
9.900000000000001021e-01 -1.274410321265198043e-01 -9.740635625116266239e-01
1.000000000000000222e+00 -1.181556761489861301e-01 -8.954730458651649627e-01
1.010000000000000231e+00 -1.095315712092164995e-01 -8.513091348976683514e-01
1.020000000000000018e+00 -1.011294934510327675e-01 -8.345145498522917871e-01
1.030000000000000027e+00 -9.284128021217066817e-02 -8.276687020985705745e-01
1.040000000000000258e+00 -8.457611940906134551e-02 -8.220480485916009661e-01
1.050000000000000266e+00 -7.640031924033864608e-02 -8.087224134634664052e-01
1.060000000000000053e+00 -6.840167113979202240e-02 -7.789252373171937638e-01
1.070000000000000062e+00 -6.082181449399477052e-02 -7.342685748553323677e-01
1.080000000000000293e+00 -5.371629964268537227e-02 -6.854912453585310095e-01
1.090000000000000080e+00 -4.711198958682415172e-02 -6.397728425597090096e-01
1.100000000000000089e+00 -4.092084279149119097e-02 -6.001983084508408783e-01
1.110000000000000098e+00 -3.510802341780733249e-02 -5.633819574924109341e-01
1.120000000000000107e+00 -2.965320364164297437e-02 -5.246318342428096804e-01
1.130000000000000115e+00 -2.461538673295113680e-02 -4.808245128767121845e-01
1.140000000000000124e+00 -2.003671338410872860e-02 -4.345239192668591266e-01
1.150000000000000133e+00 -1.592490834761395649e-02 -3.924720634220084103e-01
1.160000000000000142e+00 -1.218727211566856053e-02 -6.096027162418680145e-01
1.170000000000000151e+00 -3.732854022776592971e-03 -5.891984572748477644e-01
1.180000000000000160e+00 -4.033029701716046964e-04 -1.851488473766608744e-01
1.190000000000000169e+00 -2.987707524337522615e-05 -2.016514850858023428e-02
1.200000000000000178e+00 0.000000000000000000e+00 -2.987707524337522656e-03
