0.000000000000000000e+00 6.417192029830522415e+01 1.673715496383821062e+02
1.000000000000000194e-02 6.249820480192139627e+01 1.673715496383827031e+02
2.000000000000000389e-02 6.082448930553756128e+01 1.673715496383832999e+02
3.000000000000000583e-02 5.915077380915373340e+01 1.673715496383832999e+02
4.000000000000000777e-02 5.747705831276989841e+01 1.673715496383832999e+02
5.000000000000000278e-02 5.580334281638606342e+01 1.673715496383832999e+02
6.000000000000001166e-02 5.412962732000222843e+01 1.673715496383835841e+02
7.000000000000000666e-02 5.245591182361839344e+01 1.673715496383832999e+02
8.000000000000001554e-02 5.078219632723456556e+01 1.673715496383832999e+02
9.000000000000001055e-02 4.910848083085072346e+01 1.673715496383832999e+02
1.000000000000000056e-01 4.743476533446690269e+01 1.673715496383829873e+02
1.100000000000000144e-01 4.576104983808306770e+01 1.673715496383832999e+02
1.200000000000000233e-01 4.408733434169923271e+01 1.673715496383832999e+02
1.300000000000000322e-01 4.241361884531539772e+01 1.673715496383832999e+02
1.400000000000000133e-01 4.073990334893156984e+01 1.673715496383832999e+02
1.500000000000000222e-01 3.906618785254773485e+01 1.673715496383832999e+02
1.600000000000000311e-01 3.739247235616389986e+01 1.673715496383832999e+02
1.700000000000000122e-01 3.571875685978006487e+01 1.673715496383832999e+02
1.800000000000000211e-01 3.404504136339623699e+01 1.673715496383832999e+02
1.900000000000000300e-01 3.237132586701240200e+01 1.673715496383832999e+02
2.000000000000000111e-01 3.069761037062856701e+01 1.673715496383832999e+02
2.100000000000000200e-01 2.902389487424473558e+01 1.673715496383832999e+02
2.200000000000000289e-01 2.735017937786090059e+01 1.673715496383831578e+02
2.300000000000000100e-01 2.567646388147707270e+01 1.673715496383834704e+02
2.400000000000000466e-01 2.400274838509323416e+01 1.673715496383835841e+02
2.500000000000000555e-01 2.232903288870939917e+01 1.673715496383832999e+02
2.600000000000000644e-01 2.065531739232556774e+01 1.673715496383832999e+02
2.700000000000000733e-01 1.898160189594173275e+01 1.673715496383831578e+02
2.800000000000000266e-01 1.730788639955790487e+01 1.673715496383831578e+02
2.900000000000000355e-01 1.563417090317406988e+01 1.673715496383832999e+02
3.000000000000000444e-01 1.396045540679023667e+01 1.673715496383830725e+02
3.099999999999999978e-01 1.228673991040640878e+01 1.673715496383832999e+02
3.200000000000000622e-01 1.061302441402257024e+01 1.673715496383838115e+02
3.300000000000000711e-01 8.939308917638731700e+00 1.673715496383832999e+02
3.400000000000000244e-01 7.265593421254904705e+00 2.127365805140497628e+02
3.500000000000000888e-01 4.684577307357736586e+00 2.344265566691347829e+02
3.600000000000000422e-01 2.577062287872208479e+00 1.863418914153650405e+02
3.700000000000000511e-01 9.577394790504354383e-01 1.401892228508054075e+02
3.800000000000000600e-01 -2.267221691439000320e-01 1.006639063693306042e+02
3.900000000000000688e-01 -1.055538648336176610e+00 6.852142726500588310e+01
4.000000000000000222e-01 -1.597150714444017794e+00 4.311247428941280901e+01
4.100000000000000866e-01 -1.917788134124432720e+00 2.407055106667977995e+01
4.200000000000000400e-01 -2.078561735777613606e+00 1.117318380237438191e+01
4.300000000000000488e-01 -2.141251810171920233e+00 3.637933468865962361e+00
4.400000000000000577e-01 -2.151320405154932836e+00 -5.064481338430601998e-01
4.500000000000000666e-01 -2.131122847495058981e+00 -3.483660586690329630e+00
4.600000000000000200e-01 -2.081647193421126030e+00 -6.341668356907436355e+00
4.700000000000000844e-01 -2.004289480356910680e+00 -8.765922383617843039e+00
4.800000000000000933e-01 -1.906328745748769204e+00 -1.024486012454965866e+01
4.900000000000000466e-01 -1.799392277865917267e+00 -1.073326654693572912e+01
5.000000000000001110e-01 -1.691663414810054666e+00 -1.065927843562111121e+01
5.100000000000000089e-01 -1.586206709153495042e+00 -1.031532626882529691e+01
5.200000000000001288e-01 -1.485356889433548710e+00 -9.444859460494917869e+00
5.300000000000000266e-01 -1.397309519943596756e+00 -7.634148818564121086e+00
5.400000000000001465e-01 -1.332673913062266235e+00 -5.190980085344870432e+00
5.500000000000000444e-01 -1.293489918236699232e+00 -2.756507143147416627e+00
5.600000000000000533e-01 -1.277543770199317974e+00 -7.616380383406164967e-01
5.700000000000000622e-01 -1.278257157469886884e+00 2.839332468316084768e-01
5.800000000000000711e-01 -1.283222435135950024e+00 -5.396770416833815420e-02
5.900000000000000799e-01 -1.277177803386520205e+00 -1.578688686372470729e+00
6.000000000000000888e-01 -1.251648661408500729e+00 -3.441416542792677724e+00
6.100000000000000977e-01 -1.208349472530666713e+00 -4.754360758607241166e+00
6.199999999999999956e-01 -1.156561446236355817e+00 -5.346496831664391713e+00
6.300000000000001155e-01 -1.101419535897378843e+00 -5.430637414353482129e+00
6.400000000000001243e-01 -1.047948697949286245e+00 -5.137657470177013685e+00
6.500000000000000222e-01 -9.986663864938385426e-01 -4.725394622293676683e+00
6.600000000000001421e-01 -9.534408055034125917e-01 -4.377886598634904480e+00
6.700000000000001510e-01 -9.111086545211404264e-01 -3.951631764104389433e+00
6.800000000000000488e-01 -8.744081702213247764e-01 -3.412867499931770077e+00
6.900000000000000577e-01 -8.428513045225050071e-01 -2.844646093237160667e+00
7.000000000000001776e-01 -8.175152483565816253e-01 -2.326256037194167181e+00
7.100000000000000755e-01 -7.963261837786216324e-01 -2.025097176216233752e+00
7.200000000000000844e-01 -7.770133048322569458e-01 -2.068937813503438417e+00
7.300000000000000933e-01 -7.549474275085529262e-01 -2.380089726597575339e+00
7.400000000000001021e-01 -7.294115103003053768e-01 -2.832344942325756065e+00
7.500000000000001110e-01 -6.983005286620377339e-01 -3.417427808871293493e+00
7.600000000000001199e-01 -6.610629541228795203e-01 -4.034048611451305888e+00
7.700000000000000178e-01 -6.176195564330115850e-01 -4.394183181747199463e+00
7.800000000000001377e-01 -5.731792904879355888e-01 -4.172893319306905546e+00
7.900000000000001465e-01 -5.341616900468735274e-01 -3.433111688985079457e+00
8.000000000000000444e-01 -5.045170567082339907e-01 -2.490954076646658244e+00
8.100000000000001643e-01 -4.843426085139403425e-01 -1.623562552114025559e+00
8.200000000000001732e-01 -4.720458056659534440e-01 -1.030518493653692857e+00
8.300000000000000711e-01 -4.637322386408664898e-01 -8.526608657535039715e-01
8.400000000000000799e-01 -4.549925883508833535e-01 -1.000576107012972615e+00
8.500000000000001998e-01 -4.437207165006070153e-01 -1.354787217601717497e+00
8.600000000000000977e-01 -4.278968439988490302e-01 -1.824821121312905969e+00
8.700000000000001066e-01 -4.072242940743489026e-01 -2.345952791712349494e+00
8.800000000000001155e-01 -3.809777881646020381e-01 -2.889753251120324329e+00
8.900000000000001243e-01 -3.494292290519424582e-01 -3.439722913312353469e+00
9.000000000000001332e-01 -3.121833298983549554e-01 -4.004902455905120284e+00
9.100000000000001421e-01 -2.693311799338400370e-01 -4.581893414336377646e+00
9.200000000000000400e-01 -2.205454616116273858e-01 -5.102599908398051554e+00
9.300000000000001599e-01 -1.672791817658789981e-01 -5.466936142387785580e+00
9.400000000000001688e-01 -1.112067387638716598e-01 -5.543299081237005765e+00
9.500000000000000666e-01 -5.641320014113885423e-02 -5.167282330734265905e+00
9.600000000000001865e-01 -7.861092149186340444e-03 -4.360990601810816436e+00
9.700000000000001954e-01 3.080661189507747505e-02 -3.305639590765968805e+00
9.800000000000000933e-01 5.825169966613304162e-02 -2.173776000124345575e+00
9.900000000000001021e-01 7.428213189756438517e-02 -1.078109406366963396e+00
1.000000000000000222e+00 7.981388779347231566e-02 -1.037920241996017207e-01
1.010000000000000231e+00 7.635797238155642153e-02 6.941215429555143146e-01
1.020000000000000018e+00 6.593145693436203159e-02 1.265176015989086578e+00
1.030000000000000027e+00 5.105445206177468970e-02 1.551078897288009406e+00
1.040000000000000258e+00 3.490987898860184457e-02 1.533584218660213327e+00
1.050000000000000266e+00 2.038276768857041205e-02 1.281774108324263084e+00
1.060000000000000053e+00 9.274396822116576927e-03 9.453462758128445831e-01
1.070000000000000062e+00 1.475842172313518051e-03 6.320670550377290864e-01
1.080000000000000293e+00 -3.366944278638005651e-03 3.601431613456472225e-01
1.090000000000000080e+00 -5.727021054599426217e-03 1.323408894063914376e-01
1.100000000000000089e+00 -6.013762066765834802e-03 -3.562874380481247105e-02
1.110000000000000098e+00 -5.014446178503177177e-03 -1.292648863282454819e-01
1.120000000000000107e+00 -3.428464340200925147e-03 -1.336368606462207398e-01
1.130000000000000115e+00 -2.341708965578761983e-03 -5.872842896717109934e-02
1.140000000000000124e+00 -2.253895760857502987e-03 4.699759448937827072e-02
1.150000000000000133e+00 -3.281660855366327293e-03 1.266843224524054623e-01
1.160000000000000142e+00 -4.787582209905612285e-03 -1.657594366540967867e-01
1.170000000000000151e+00 3.352787771560854002e-05 -2.387881982315134821e-01
1.180000000000000160e+00 -1.181824527534243658e-05 2.029751371557045759e-03
1.190000000000000169e+00 -7.067149715532371737e-06 -5.909122637671218288e-04
1.200000000000000178e+00 0.000000000000000000e+00 -7.067149715532371635e-04
