0.000000000000000000e+00 1.938250032748636045e+02 6.908554485450936227e+02
1.000000000000000194e-02 1.869164487894126694e+02 6.908554485450923721e+02
2.000000000000000389e-02 1.800078943039617627e+02 6.908554485450912352e+02
3.000000000000000583e-02 1.730993398185108560e+02 6.908554485450912352e+02
4.000000000000000777e-02 1.661907853330599210e+02 6.908554485450923721e+02
5.000000000000000278e-02 1.592822308476089859e+02 6.908554485450923721e+02
6.000000000000001166e-02 1.523736763621580792e+02 6.908554485450923721e+02
7.000000000000000666e-02 1.454651218767071441e+02 6.908554485450923721e+02
8.000000000000001554e-02 1.385565673912562374e+02 6.908554485450923721e+02
9.000000000000001055e-02 1.316480129058053024e+02 6.908554485450912352e+02
1.000000000000000056e-01 1.247394584203544099e+02 6.908554485450912352e+02
1.100000000000000144e-01 1.178309039349034748e+02 6.908554485450936227e+02
1.200000000000000233e-01 1.109223494494525397e+02 6.908554485450923721e+02
1.300000000000000322e-01 1.040137949640016188e+02 6.908554485450918037e+02
1.400000000000000133e-01 9.710524047855069796e+01 6.908554485450918037e+02
1.500000000000000222e-01 9.019668599309979129e+01 6.908554485450918037e+02
1.600000000000000311e-01 8.328813150764887041e+01 6.908554485450923721e+02
1.700000000000000122e-01 7.637957702219793532e+01 6.908554485450918037e+02
1.800000000000000211e-01 6.947102253674702865e+01 6.908554485450918037e+02
1.900000000000000300e-01 6.256246805129610067e+01 6.908554485450918037e+02
2.000000000000000111e-01 5.565391356584518689e+01 6.908554485450918037e+02
2.100000000000000200e-01 4.874535908039426602e+01 6.908554485450918037e+02
2.200000000000000289e-01 4.183680459494335224e+01 6.908554485450918037e+02
2.300000000000000100e-01 3.492825010949243136e+01 6.908554485450932816e+02
2.400000000000000466e-01 2.801969562404148562e+01 6.908554485450930542e+02
2.500000000000000555e-01 2.111114113859056829e+01 6.908554485450919174e+02
2.600000000000000644e-01 1.420258665313964741e+01 6.908554485450920311e+02
2.700000000000000733e-01 7.294032167688727419e+00 5.076370916640713631e+02
2.800000000000000266e-01 4.049844819858219758e+00 2.612351131000401665e+02
2.900000000000000355e-01 2.069329905687923077e+00 1.626366344507574411e+02
3.000000000000000444e-01 7.971121308430714203e-01 1.036815887879114229e+02
3.099999999999999978e-01 -4.301870070305718018e-03 6.542727025531809204e+01
3.200000000000000622e-01 -5.114332742632905493e-01 4.432563653501948409e+01
3.300000000000000711e-01 -8.908146007706955194e-01 3.729540373425427902e+01
3.400000000000000244e-01 -1.257341348948376014e+00 3.721468607103926729e+01
3.500000000000000888e-01 -1.635108322191480834e+00 3.565689016148997581e+01
3.600000000000000422e-01 -1.970479152178175708e+00 2.769790433711609978e+01
3.700000000000000511e-01 -2.189066408933802776e+00 1.333855327889042108e+01
3.800000000000000600e-01 -2.237250217755983872e+00 -4.463257817854516141e+00
3.900000000000000688e-01 -2.099801252576712685e+00 -2.165085440373107062e+01
4.000000000000000222e-01 -1.804233129681362513e+00 -3.365462171979348938e+01
4.100000000000000866e-01 -1.426708818180842719e+00 -3.642559909705218502e+01
4.200000000000000400e-01 -1.075721147740318795e+00 -2.959501043375658824e+01
4.300000000000000488e-01 -8.348086095057108968e-01 -1.844805776752086501e+01
4.400000000000000577e-01 -7.067599923899016146e-01 -1.001093985301384315e+01
4.500000000000000666e-01 -6.345898124454339984e-01 -6.499446946879998244e+00
4.600000000000000200e-01 -5.767710534523016186e-01 -4.632188304604349938e+00
4.700000000000000844e-01 -5.419460463533469774e-01 -1.323553050777936946e+00
4.800000000000000933e-01 -5.502999924367428797e-01 2.649428864382231463e+00
4.900000000000000466e-01 -5.949346236409916999e-01 5.307194779997609579e+00
5.000000000000001110e-01 -6.564438880366950668e-01 5.981711036280972671e+00
5.100000000000000089e-01 -7.145688443666111667e-01 4.838649874605461143e+00
5.200000000000001288e-01 -7.532168855288042808e-01 2.436150781003421528e+00
5.300000000000000266e-01 -7.632918599866795883e-01 -5.209113864188822385e-01
5.400000000000001465e-01 -7.427986578004266427e-01 -3.422708458757196315e+00
5.500000000000000444e-01 -6.948376908115356798e-01 -5.855274573217575274e+00
5.600000000000000533e-01 -6.256931663360751905e-01 -7.599405890765514648e+00
5.700000000000000622e-01 -5.428495729962253824e-01 -8.491378845416218013e+00
5.800000000000000711e-01 -4.558655894277507392e-01 -8.588948087127672437e+00
5.900000000000000799e-01 -3.710706112536719115e-01 -8.243955054091106405e+00
6.000000000000000888e-01 -2.909864883459286067e-01 -7.730660055847314638e+00
6.100000000000000977e-01 -2.164574101367255921e-01 -7.074059265999872004e+00
6.199999999999999956e-01 -1.495053030259311522e-01 -6.378920632292490289e+00
6.300000000000001155e-01 -8.887899749087577184e-02 -5.765297327281171391e+00
6.400000000000001243e-01 -3.419935648030771741e-02 -5.221543028864466862e+00
6.500000000000000222e-01 1.555186308641356811e-02 -4.739387495054214305e+00
6.600000000000001421e-01 6.058839342077657758e-02 -4.256177212938766274e+00
6.700000000000001510e-01 1.006754073451888998e-01 -3.638730267317241029e+00
6.800000000000000488e-01 1.333629987671214046e-01 -2.859832108949745599e+00
6.900000000000000577e-01 1.578720495241838218e-01 -1.876007877831111115e+00
7.000000000000001776e-01 1.708831563237436235e-01 -7.160916498336667990e-01
7.100000000000000755e-01 1.721938825208571555e-01 4.380559142680232609e-01
7.200000000000000844e-01 1.621220380383831539e-01 1.455300124918686544e+00
7.300000000000000933e-01 1.430878800224834047e-01 2.185088728662227364e+00
7.400000000000001021e-01 1.184202634651386060e-01 2.544557545198305348e+00
7.500000000000001110e-01 9.219672911851731212e-02 2.580211715607811929e+00
7.600000000000001199e-01 6.681602915298236189e-02 2.421422808500118151e+00
7.700000000000000178e-01 4.376827294851493716e-02 2.226213917600118108e+00
7.800000000000001377e-01 2.229175080097998626e-02 2.148489787819086949e+00
7.900000000000001465e-01 7.984771921331991268e-04 2.208521825926562876e+00
8.000000000000000444e-01 -2.187868571755127028e-02 2.262625172291021780e+00
8.100000000000001643e-01 -4.445402625368724547e-02 2.164857896744249999e+00
8.200000000000001732e-01 -6.517584365243626887e-02 1.891978661966920994e+00
8.300000000000000711e-01 -8.229359949302565702e-02 1.466982635200833274e+00
8.400000000000000799e-01 -9.451549635645294101e-02 8.654092662742897124e-01
8.500000000000001998e-01 -9.960178481851145182e-02 1.511613049029975619e-01
8.600000000000000977e-01 -9.753872245451289391e-02 -4.995940572385680900e-01
8.700000000000001066e-01 -8.960990367374009613e-02 -9.228619346028523740e-01
8.800000000000001155e-01 -7.908148376245584255e-02 -1.103230172125521324e+00
8.900000000000001243e-01 -6.754530023122966298e-02 -1.066112814317109692e+00
9.000000000000001332e-01 -5.775922747611365177e-02 -7.955151216540840009e-01
9.100000000000001421e-01 -5.163499779814798019e-02 -3.767389091043710780e-01
9.200000000000000400e-01 -5.022444929402623132e-02 -8.678925061762115048e-03
9.300000000000001599e-01 -5.146141929691273875e-02 1.611187813109146161e-01
9.400000000000001688e-01 -5.344682492024452336e-02 1.339120386969605558e-01
9.500000000000000666e-01 -5.413966007085195542e-02 6.001628112816143057e-02
9.600000000000001865e-01 -5.464715054280774864e-02 1.313024764047387993e-01
9.700000000000001954e-01 -5.676570959894673002e-02 3.356499846152042887e-01
9.800000000000000933e-01 -6.136015023511183497e-02 4.934944897036306344e-01
9.900000000000001021e-01 -6.663559939301934298e-02 4.691787991478209019e-01
1.000000000000000222e+00 -7.074372621806825079e-02 2.420901330897487769e-01
1.010000000000000231e+00 -7.147740205481431519e-02 -1.598573507161816509e-01
1.020000000000000018e+00 -6.754657920374462776e-02 -6.491045679824135606e-01
1.030000000000000027e+00 -5.849531069516604453e-02 -1.095881082403118212e+00
1.040000000000000258e+00 -4.562895755568226186e-02 -1.382708078932747053e+00
1.050000000000000266e+00 -3.084114911651110458e-02 -1.462301558959314907e+00
1.060000000000000053e+00 -1.638292637649595845e-02 -1.356410348453574333e+00
1.070000000000000062e+00 -3.712942147439616831e-03 -1.119405248511495587e+00
1.080000000000000293e+00 6.005178593733956870e-03 -8.153558582921013320e-01
1.090000000000000080e+00 1.259417501840241066e-02 -5.078202194774809053e-01
1.100000000000000089e+00 1.616158298328357334e-02 -2.445726623294587898e-01
1.110000000000000098e+00 1.748562826499158729e-02 -7.190119542868970981e-02
1.120000000000000107e+00 1.759960689185736948e-02 8.491898635121794894e-03
1.130000000000000115e+00 1.731579029228915226e-02 5.194352799884590505e-02
1.140000000000000124e+00 1.656073633188044972e-02 1.160363164763768135e-01
1.150000000000000133e+00 1.499506396276161467e-02 2.102818876266222270e-01
1.160000000000000142e+00 1.235509857934800719e-02 6.669929585177721831e-01
1.170000000000000151e+00 1.655204792406170375e-03 6.105447780409055669e-01
1.180000000000000160e+00 1.442030185298945799e-04 8.226163655557548748e-02
1.190000000000000169e+00 9.972061294660421619e-06 7.210150926494729266e-03
1.200000000000000178e+00 0.000000000000000000e+00 9.972061294660421009e-04
