0.000000000000000000e+00 2.903245274690850692e+02 7.431572002471331189e+02
1.000000000000000194e-02 2.828929554666137278e+02 7.431572002471283440e+02
2.000000000000000389e-02 2.754613834641425001e+02 7.431572002471283440e+02
3.000000000000000583e-02 2.680298114616711587e+02 7.431572002471283440e+02
4.000000000000000777e-02 2.605982394591999309e+02 7.431572002471283440e+02
5.000000000000000278e-02 2.531666674567285895e+02 7.431572002471331189e+02
6.000000000000001166e-02 2.457350954542572765e+02 7.431572002471283440e+02
7.000000000000000666e-02 2.383035234517860204e+02 7.431572002471283440e+02
8.000000000000001554e-02 2.308719514493147074e+02 7.431572002471307314e+02
9.000000000000001055e-02 2.234403794468434228e+02 7.431572002471283440e+02
1.000000000000000056e-01 2.160088074443721382e+02 7.431572002471283440e+02
1.100000000000000144e-01 2.085772354419008536e+02 7.431572002471283440e+02
1.200000000000000233e-01 2.011456634394295691e+02 7.431572002471295946e+02
1.300000000000000322e-01 1.937140914369582561e+02 7.431572002471295946e+02
1.400000000000000133e-01 1.862825194344869715e+02 7.431572002471283440e+02
1.500000000000000222e-01 1.788509474320156869e+02 7.431572002471283440e+02
1.600000000000000311e-01 1.714193754295444023e+02 7.431572002471283440e+02
1.700000000000000122e-01 1.639878034270731177e+02 7.431572002471295946e+02
1.800000000000000211e-01 1.565562314246018047e+02 7.431572002471295946e+02
1.900000000000000300e-01 1.491246594221305202e+02 7.431572002471283440e+02
2.000000000000000111e-01 1.416930874196592356e+02 7.431572002471283440e+02
2.100000000000000200e-01 1.342615154171879510e+02 7.431572002471283440e+02
2.200000000000000289e-01 1.268299434147166664e+02 7.431572002471283440e+02
2.300000000000000100e-01 1.193983714122453819e+02 7.431572002471307314e+02
2.400000000000000466e-01 1.119667994097740547e+02 7.431572002471307314e+02
2.500000000000000555e-01 1.045352274073027701e+02 7.431572002471283440e+02
2.600000000000000644e-01 9.710365540483148550e+01 7.431572002471290261e+02
2.700000000000000733e-01 8.967208340236018671e+01 7.431572002471290261e+02
2.800000000000000266e-01 8.224051139988890213e+01 7.431572002471290261e+02
2.900000000000000355e-01 7.480893939741760335e+01 7.431572002471290261e+02
3.000000000000000444e-01 6.737736739494631877e+01 7.431572002471272071e+02
3.099999999999999978e-01 5.994579539247506261e+01 7.431572002471290261e+02
3.200000000000000622e-01 5.251422339000374251e+01 7.431572002471314136e+02
3.300000000000000711e-01 4.508265138753243662e+01 7.431572002471286851e+02
3.400000000000000244e-01 3.765107938506116625e+01 7.431572002471290261e+02
3.500000000000000888e-01 3.021950738258985325e+01 6.475273286867241040e+02
3.600000000000000422e-01 2.470053281132668488e+01 5.051176316025386654e+02
3.700000000000000511e-01 2.011715475053907909e+01 4.116989216730160592e+02
3.800000000000000600e-01 1.646655437786636256e+01 3.310146339839603797e+02
3.900000000000000688e-01 1.349686207085987100e+01 2.699750079825599300e+02
4.000000000000000222e-01 1.106705421821516389e+01 2.232040703789444365e+02
4.100000000000000866e-01 9.032780663280982836e+00 1.875597678548758154e+02
4.200000000000000400e-01 7.315858861117646939e+00 1.579991573577878796e+02
4.300000000000000488e-01 5.872797516125224604e+00 1.332437857973892790e+02
4.400000000000000577e-01 4.650983145169861110e+00 1.131884664693037195e+02
4.500000000000000666e-01 3.609028186739149824e+00 9.629827282233959806e+01
4.600000000000000200e-01 2.725017688723069043e+00 8.166965226139662093e+01
4.700000000000000844e-01 1.975635141511217441e+00 6.897637878355364194e+01
4.800000000000000933e-01 1.345490113051996284e+00 5.795845015911651643e+01
4.900000000000000466e-01 8.164661383288869256e-01 4.864330105460989984e+01
5.000000000000001110e-01 3.726240919597981205e-01 4.101210882778871536e+01
5.100000000000000089e-01 -3.776038226887405789e-03 3.483357592860819096e+01
5.200000000000001288e-01 -3.240474266123657410e-01 2.960514405233224622e+01
5.300000000000000266e-01 -5.958789192735323148e-01 2.458311201532819723e+01
5.400000000000001465e-01 -8.157096669189296545e-01 1.988449623606730299e+01
5.500000000000000444e-01 -9.935688439948784367e-01 1.627904113556114396e+01
5.600000000000000533e-01 -1.141290489630152560e+00 1.364885657370516014e+01
5.700000000000000622e-01 -1.266545975468981622e+00 1.124880870788430798e+01
5.800000000000000711e-01 -1.366266663787838676e+00 8.735103003801468091e+00
5.900000000000000799e-01 -1.441248035545011019e+00 5.695812300036418918e+00
6.000000000000000888e-01 -1.480182909788567036e+00 2.258737756433003785e+00
6.100000000000000977e-01 -1.486422790673671113e+00 -6.528715207808208909e-01
6.199999999999999956e-01 -1.467125479372950680e+00 -2.526665237922602891e+00
6.300000000000001155e-01 -1.435889485915219144e+00 -3.350158045452427569e+00
6.400000000000001243e-01 -1.400122318463902227e+00 -3.524155297827197053e+00
6.500000000000000222e-01 -1.365406379958675087e+00 -4.134164205490683308e+00
6.600000000000001421e-01 -1.317439034354088490e+00 -5.746052609278544665e+00
6.700000000000001510e-01 -1.250485327773104283e+00 -7.649607390435118504e+00
6.800000000000000488e-01 -1.164446886545386084e+00 -8.729467758815918188e+00
6.900000000000000577e-01 -1.075895972596785821e+00 -8.503573130619528797e+00
7.000000000000001776e-01 -9.943754239329954947e-01 -7.640930533130481983e+00
7.100000000000000755e-01 -9.230773619341762215e-01 -7.162884031200859702e+00
7.200000000000000844e-01 -8.511177433089782696e-01 -7.376135259691170454e+00
7.300000000000000933e-01 -7.755546567403528435e-01 -7.887012654336898798e+00
7.400000000000001021e-01 -6.933774902222403780e-01 -8.105333650845777171e+00
7.500000000000001110e-01 -6.134479837234372290e-01 -7.615584517599759629e+00
7.600000000000001199e-01 -5.410657998702451676e-01 -6.641200685879668164e+00
7.700000000000000178e-01 -4.806239700058438924e-01 -5.680606800725920280e+00
7.800000000000001377e-01 -4.274536638557266954e-01 -5.133622563062444577e+00
7.900000000000001465e-01 -3.779515187445949831e-01 -5.150918426198836997e+00
8.000000000000000444e-01 -3.244352953317499733e-01 -5.276102526502275403e+00
8.100000000000001643e-01 -2.724294682145494972e-01 -4.698803649880330724e+00
8.200000000000001732e-01 -2.304592223341433710e-01 -3.317172963376824324e+00
8.300000000000000711e-01 -2.060860089470129830e-01 -1.673235001472368033e+00
8.400000000000000799e-01 -1.969945223046959959e-01 -4.190915049028349770e-01
8.500000000000001998e-01 -1.977041788489562746e-01 7.668575918637703104e-02
8.600000000000000977e-01 -1.985282374884235201e-01 -1.722502238199640490e-01
8.700000000000001066e-01 -1.942591743725569919e-01 -7.308576091470978531e-01
8.800000000000001155e-01 -1.839110853054815864e-01 -1.126481167423922791e+00
8.900000000000001243e-01 -1.717295510240785528e-01 -1.051739730054362720e+00
9.000000000000001332e-01 -1.628762907043943275e-01 -5.056531841039647590e-01
9.100000000000001421e-01 -1.616164873419992376e-01 2.551478128731006767e-01
9.200000000000000400e-01 -1.679792469618563433e-01 8.062740480861704251e-01
9.300000000000001599e-01 -1.777419683037226583e-01 8.166162204867943863e-01
9.400000000000001688e-01 -1.843115713715922088e-01 2.661981645424353893e-01
9.500000000000000666e-01 -1.830659315945713794e-01 -5.469887200401654104e-01
9.600000000000001865e-01 -1.733717969707889162e-01 -1.221287782302655334e+00
9.700000000000001954e-01 -1.586401759485182583e-01 -1.396687162922456427e+00
9.800000000000000933e-01 -1.454380537123397821e-01 -1.068540959252262112e+00
9.900000000000001021e-01 -1.372693567634730161e-01 -6.044812340659518890e-01
1.000000000000000222e+00 -1.333484290310207321e-01 -3.168461007910940985e-01
1.010000000000000231e+00 -1.309324347476511219e-01 -2.696591850876994823e-01
1.020000000000000018e+00 -1.279552453292667480e-01 -4.080611976089584814e-01
1.030000000000000027e+00 -1.227712107954719578e-01 -6.627737571016639739e-01
1.040000000000000258e+00 -1.146997701872334713e-01 -9.391920773979014481e-01
1.050000000000000266e+00 -1.039873692475139222e-01 -1.135461928855260760e+00
1.060000000000000053e+00 -9.199053161012825386e-02 -1.239326653583329607e+00
1.070000000000000062e+00 -7.920083617584733338e-02 -1.283825481249906142e+00
1.080000000000000293e+00 -6.631402198513013102e-02 -1.259323980632840900e+00
1.090000000000000080e+00 -5.401435656319051454e-02 -1.152836750423593237e+00
1.100000000000000089e+00 -4.325728697665826711e-02 -9.747558728679623918e-01
1.110000000000000098e+00 -3.451923910583126059e-02 -7.723669191995767846e-01
1.120000000000000107e+00 -2.780994859266672573e-02 -6.088297301592175970e-01
1.130000000000000115e+00 -2.234264450264690852e-02 -5.027159761505539670e-01
1.140000000000000124e+00 -1.775562906965564777e-02 -4.324968093074456621e-01
1.150000000000000133e+00 -1.369270831649799756e-02 -3.830654425882671354e-01
1.160000000000000142e+00 -1.009432021789030340e-02 -5.615043321044712599e-01
1.170000000000000151e+00 -2.462621674408571864e-03 -4.898401045439220725e-01
1.180000000000000160e+00 -2.975181270118624328e-04 -1.219518571959265496e-01
1.190000000000000169e+00 -2.358453049004062831e-05 -1.487590635059312001e-02
1.200000000000000178e+00 0.000000000000000000e+00 -2.358453049004062465e-03
