0.000000000000000000e+00 2.409238504954074926e+02 6.716989168480536136e+02
1.000000000000000194e-02 2.342068613269269406e+02 6.716989168480512262e+02
2.000000000000000389e-02 2.274898721584464454e+02 6.716989168480488388e+02
3.000000000000000583e-02 2.207728829899659786e+02 6.716989168480488388e+02
4.000000000000000777e-02 2.140558938214854834e+02 6.716989168480488388e+02
5.000000000000000278e-02 2.073389046530049882e+02 6.716989168480488388e+02
6.000000000000001166e-02 2.006219154845244930e+02 6.716989168480512262e+02
7.000000000000000666e-02 1.939049263160439693e+02 6.716989168480488388e+02
8.000000000000001554e-02 1.871879371475635310e+02 6.716989168480488388e+02
9.000000000000001055e-02 1.804709479790829789e+02 6.716989168480488388e+02
1.000000000000000056e-01 1.737539588106025406e+02 6.716989168480488388e+02
1.100000000000000144e-01 1.670369696421220169e+02 6.716989168480512262e+02
1.200000000000000233e-01 1.603199804736415217e+02 6.716989168480488388e+02
1.300000000000000322e-01 1.536029913051610265e+02 6.716989168480488388e+02
1.400000000000000133e-01 1.468860021366805597e+02 6.716989168480488388e+02
1.500000000000000222e-01 1.401690129682000645e+02 6.716989168480488388e+02
1.600000000000000311e-01 1.334520237997195693e+02 6.716989168480499757e+02
1.700000000000000122e-01 1.267350346312390599e+02 6.716989168480499757e+02
1.800000000000000211e-01 1.200180454627585647e+02 6.716989168480499757e+02
1.900000000000000300e-01 1.133010562942780552e+02 6.716989168480494072e+02
2.000000000000000111e-01 1.065840671257975742e+02 6.716989168480482704e+02
2.100000000000000200e-01 9.986707795731709325e+01 6.716989168480494072e+02
2.200000000000000289e-01 9.315008878883658383e+01 6.716989168480494072e+02
2.300000000000000100e-01 8.643309962035610283e+01 6.716989168480499757e+02
2.400000000000000466e-01 7.971611045187559341e+01 6.716989168480499757e+02
2.500000000000000555e-01 7.299912128339509820e+01 6.716989168480494072e+02
2.600000000000000644e-01 6.628213211491460299e+01 6.716989168480499757e+02
2.700000000000000733e-01 5.956514294643410068e+01 6.716989168480491799e+02
2.800000000000000266e-01 5.284815377795361968e+01 6.716989168480488388e+02
2.900000000000000355e-01 4.613116460947312447e+01 6.716989168480491799e+02
3.000000000000000444e-01 3.941417544099263637e+01 6.716989168480482704e+02
3.099999999999999978e-01 3.269718627251215537e+01 6.716989168480494072e+02
3.200000000000000622e-01 2.598019710403164240e+01 6.716989168480513399e+02
3.300000000000000711e-01 1.926320793555112942e+01 5.697817488448048380e+02
3.400000000000000244e-01 1.458456212713554656e+01 4.007785067948148026e+02
3.500000000000000888e-01 1.124763779965483224e+01 2.981678688937935249e+02
3.600000000000000422e-01 8.621204749259675282e+00 2.385030243510606454e+02
3.700000000000000511e-01 6.477577312633618689e+00 1.963823676588155251e+02
3.800000000000000600e-01 4.693557396083365418e+00 1.629992822545773095e+02
3.900000000000000688e-01 3.217591667542071932e+00 1.350608199120345319e+02
4.000000000000000222e-01 1.992340997842674932e+00 1.115957648931099158e+02
4.100000000000000866e-01 9.856763696798734875e-01 9.202458660220629838e+01
4.200000000000000400e-01 1.518492657985487937e-01 7.577093153251102819e+01
4.300000000000000488e-01 -5.297422609703471563e-01 6.143948188211400208e+01
4.400000000000000577e-01 -1.076940371843731370e+00 4.851607920975328625e+01
4.500000000000000666e-01 -1.500063845165412912e+00 3.743153778466257364e+01
4.600000000000000200e-01 -1.825571127536982807e+00 2.836381264753986287e+01
4.700000000000000844e-01 -2.067340098116210445e+00 2.015395830751728212e+01
4.800000000000000933e-01 -2.228650293687328698e+00 1.244230267809053281e+01
4.900000000000000466e-01 -2.316186151678020888e+00 5.840378269671265166e+00
5.000000000000001110e-01 -2.345457859080753771e+00 4.151890762497603693e-01
5.100000000000000089e-01 -2.324489933203016001e+00 -4.103207722702672200e+00
5.200000000000001288e-01 -2.263393704626700309e+00 -7.259450741746472424e+00
5.300000000000000266e-01 -2.179300918368086482e+00 -8.691286018862983909e+00
5.400000000000001465e-01 -2.089567984249440791e+00 -8.644625596873765971e+00
5.500000000000000444e-01 -2.006408406430611358e+00 -7.612817149238227721e+00
5.600000000000000533e-01 -1.937311641264676032e+00 -6.307171790998343575e+00
5.700000000000000622e-01 -1.880264970610644459e+00 -5.741481551896338686e+00
5.800000000000000711e-01 -1.822482010226749383e+00 -6.242881354636239166e+00
5.900000000000000799e-01 -1.755407343517919605e+00 -7.105599491666071188e+00
6.000000000000000888e-01 -1.680370020393427977e+00 -8.035462615927533747e+00
6.100000000000000977e-01 -1.594698091199368895e+00 -9.125018188040355582e+00
6.199999999999999956e-01 -1.497869656632620838e+00 -1.006313254292779114e+01
6.300000000000001155e-01 -1.393435440340813125e+00 -1.053429877077721066e+01
6.400000000000001243e-01 -1.287183681217076492e+00 -1.106611854907273518e+01
6.500000000000000222e-01 -1.172113069359358439e+00 -1.169346931955446500e+01
6.600000000000001421e-01 -1.053314294825987263e+00 -1.148294002808935765e+01
6.700000000000001510e-01 -9.424542687975712152e-01 -1.039193968280686597e+01
6.800000000000000488e-01 -8.454755011698499301e-01 -9.102445778336102578e+00
6.900000000000000577e-01 -7.604053532308491237e-01 -7.877226943888972599e+00
7.000000000000001776e-01 -6.879309622920705136e-01 -6.962363555694873973e+00
7.100000000000000755e-01 -6.211580821169515598e-01 -6.769191271910937502e+00
7.200000000000000844e-01 -5.525471368538517059e-01 -6.903707235702617240e+00
7.300000000000000933e-01 -4.830839374028992328e-01 -6.639381548764730745e+00
7.400000000000001021e-01 -4.197595058785570932e-01 -5.775428677446221570e+00
7.500000000000001110e-01 -3.675753638539748236e-01 -4.531457448663262610e+00
7.600000000000001199e-01 -3.291303569052918543e-01 -3.041256804352243215e+00
7.700000000000000178e-01 -3.067502277669299504e-01 -1.884601765532814222e+00
7.800000000000001377e-01 -2.914383215946355632e-01 -1.810466643052402791e+00
7.900000000000001465e-01 -2.705408949058819013e-01 -2.655502188481861925e+00
8.000000000000000444e-01 -2.383282778249983247e-01 -3.325799315823308344e+00
8.100000000000001643e-01 -2.040249085894157155e-01 -3.098320348126329726e+00
8.200000000000001732e-01 -1.763618708624717091e-01 -2.227437758352243780e+00
8.300000000000000711e-01 -1.594761534223708421e-01 -1.224589593864769732e+00
8.400000000000000799e-01 -1.518700789851763211e-01 -6.205018346029665954e-01
8.500000000000001998e-01 -1.470661167303115024e-01 -7.675035831219872984e-01
8.600000000000000977e-01 -1.365200073227365585e-01 -1.258229148272639542e+00
8.700000000000001066e-01 -1.219015337648587244e-01 -1.426199253156713365e+00
8.800000000000001155e-01 -1.079960222596022951e-01 -1.192693731707777927e+00
8.900000000000001243e-01 -9.804765913070315198e-02 -7.506210417902127174e-01
9.000000000000001332e-01 -9.298360142379805127e-02 -3.415353470151387683e-01
9.100000000000001421e-01 -9.121695219040037994e-02 -2.314800067383842863e-01
9.200000000000000400e-01 -8.835400128903035666e-02 -4.692014376204822756e-01
9.300000000000001599e-01 -8.183292343799074275e-02 -7.829765829441157621e-01
9.400000000000001688e-01 -7.269446963014804253e-02 -9.218108235960617014e-01
9.500000000000000666e-01 -6.339670696606949929e-02 -8.550144759758010471e-01
9.600000000000001865e-01 -5.559418011063201742e-02 -7.344642739585611757e-01
9.700000000000001954e-01 -4.870742148689827938e-02 -6.739331424826403572e-01
9.800000000000000933e-01 -4.211551726097920861e-02 -6.277327429558127170e-01
9.900000000000001021e-01 -3.615276662778202366e-02 -5.229773056134104925e-01
1.000000000000000222e+00 -3.165597114871099987e-02 -3.766221691567334662e-01
1.010000000000000231e+00 -2.862032324464735406e-02 -2.392379132564987909e-01
1.020000000000000018e+00 -2.687121288358102628e-02 -1.747796598007202717e-01
1.030000000000000027e+00 -2.512473004863294626e-02 -1.184900436489149667e-01
1.040000000000000258e+00 -2.450141201060272722e-02 8.956073571490792695e-02
1.050000000000000266e+00 -2.691594476293110438e-02 4.062794334659398099e-01
1.060000000000000053e+00 -3.262700067992152508e-02 5.559456021292100703e-01
1.070000000000000062e+00 -3.803485680551530607e-02 3.415138216069726895e-01
1.080000000000000293e+00 -3.945727711206097749e-02 -1.310403650178357249e-01
1.090000000000000080e+00 -3.541404950515859157e-02 -5.500655010668435985e-01
1.100000000000000089e+00 -2.845596709072410399e-02 -6.543810673602589167e-01
1.110000000000000098e+00 -2.232642815795341656e-02 -4.697252852608723717e-01
1.120000000000000107e+00 -1.906146138550665614e-02 -1.895776178686426894e-01
1.130000000000000115e+00 -1.853487580058056292e-02 2.215939351506121882e-02
1.140000000000000124e+00 -1.950464925580788073e-02 6.702952833069626692e-02
1.150000000000000133e+00 -1.987546636719448798e-02 -7.771520813109107639e-02
1.160000000000000142e+00 -1.795034509318605906e-02 -6.957995353470354249e-01
1.170000000000000151e+00 -5.959475660253777535e-03 -8.591342940727212385e-01
1.180000000000000160e+00 -7.676592117316320815e-04 -2.948690083893665270e-01
1.190000000000000169e+00 -6.209549246644744422e-05 -3.838296058658160342e-02
1.200000000000000178e+00 0.000000000000000000e+00 -6.209549246644743663e-03
