0.000000000000000000e+00 5.379578000000000429e+03 8.197153333333334012e+04
1.000000200000000262e-02 4.613822320000000218e+03 7.118587866666667105e+04
1.999999800000000494e-02 3.955884136000001035e+03 6.115550573333333887e+04
3.000000000000000583e-02 3.390701048000000355e+03 5.253067786666667234e+04
4.000000200000000672e-02 2.905269184000000223e+03 4.511495626666666794e+04
4.999999800000000383e-02 2.488404712000000472e+03 3.873930733333333774e+04
6.000000000000001166e-02 2.130484432000000197e+03 3.325833706666666694e+04
7.000000200000000561e-02 1.823236576000000241e+03 2.854694386666666833e+04
7.999999800000001660e-02 1.559544160000000147e+03 2.449752920000000449e+04
9.000000000000001055e-02 1.333285992000000306e+03 2.101741746666666950e+04
1.000000020000000045e-01 1.139194416000000047e+03 1.802697320000000036e+04
1.099999980000000155e-01 9.727465280000001258e+02 1.545757880000000114e+04
1.200000000000000233e-01 8.300428400000000693e+02 1.325030960000000232e+04
1.300000020000000311e-01 7.077403360000000703e+02 1.135446946666666736e+04
1.399999980000000144e-01 6.029562399999999798e+02 9.726265866666666625e+03
1.500000000000000222e-01 5.132136239999999816e+02 8.328252000000000407e+03
1.600000020000000300e-01 4.363912000000000262e+02 7.128071600000000217e+03
1.699999980000000133e-01 3.706526104000000146e+02 6.098005666666666912e+03
1.800000000000000211e-01 3.144301104000000464e+02 5.214086853333334147e+03
1.900000020000000289e-01 2.663710128000000736e+02 4.455785666666666657e+03
1.999999980000000122e-01 2.253146760000000199e+02 3.805417733333333672e+03
2.100000000000000200e-01 1.902627975999999990e+02 3.247795133333333524e+03
2.200000020000000278e-01 1.603584944000000405e+02 2.769828920000000380e+03
2.299999980000000388e-01 1.348662192000000175e+02 2.360292026666666516e+03
2.400000000000000466e-01 1.131529328000000163e+02 2.009512440000000197e+03
2.500000020000000545e-01 9.467597040000001130e+01 1.709184920000000147e+03
2.599999980000000654e-01 7.896923440000001904e+01 1.452168773333333320e+03
2.700000000000000733e-01 6.563231600000001720e+01 1.578204799999999977e+03
2.800000020000000256e-01 4.740513840000000556e+01 2.125381346666666559e+03
2.899999980000000366e-01 2.312488431999999960e+01 1.493457880000000159e+03
3.000000000000000444e-01 1.753585528000000338e+01 3.356495453333333785e+02
3.100000020000000522e-01 1.641186551999999921e+01 2.140966746666666722e+02
3.199999980000000632e-01 1.325390784000000188e+01 3.157957680000000096e+02
3.300000000000000711e-01 1.009599200000000074e+01 2.146740666666667039e+02
3.400000020000000789e-01 8.960454400000001485e+00 1.217906613333333325e+02
3.499999980000000344e-01 7.660150880000000662e+00 1.256218106666666614e+02
3.600000000000000422e-01 6.448004240000000387e+00 1.138013133333333400e+02
3.700000020000000500e-01 5.384138560000000240e+00 9.975562533333334159e+01
3.799999980000000610e-01 4.452905680000000643e+00 8.891627600000001053e+01
3.900000000000000688e-01 3.605808856000000784e+00 8.196456000000000586e+01
4.000000020000000767e-01 2.813610296000000233e+00 7.657556800000000408e+01
4.099999980000000321e-01 2.074301680000000037e+00 7.089020933333334540e+01
4.200000000000000400e-01 1.395807503999999977e+00 6.483414826666667352e+01
4.300000020000000478e-01 7.776215040000000744e-01 5.899942080000000999e+01
4.399999980000000588e-01 2.158207615999999940e-01 5.362800159999999750e+01
4.500000000000000666e-01 -2.949406200000000422e-01 4.874994573333333392e+01
4.600000020000000744e-01 -7.591784320000001252e-01 4.430326026666666905e+01
4.699999980000000854e-01 -1.181005128000000237e+00 4.016409879999999788e+01
4.800000000000000933e-01 -1.562460408000000189e+00 3.612165746666666877e+01
4.900000020000001011e-01 -1.903439672000000416e+00 3.202322026666666943e+01
4.999999980000000566e-01 -2.202926208000000052e+00 2.791251000000000460e+01
5.100000000000000089e-01 -2.461689872000000445e+00 2.390577213333333617e+01
5.200000020000000722e-01 -2.681040256000000621e+00 2.015621080000000021e+01
5.299999980000000832e-01 -2.864814088000000591e+00 1.672560973333333223e+01
5.400000000000001465e-01 -3.015551056000000507e+00 1.355044186666666661e+01
5.500000020000000989e-01 -3.135820136000000424e+00 1.063119533333333422e+01
5.599999980000001099e-01 -3.228173568000000326e+00 8.066751999999999256e+00
5.700000000000000622e-01 -3.297155176000000409e+00 5.858025373333333619e+00
5.800000020000000145e-01 -3.345338120000000082e+00 3.874377026666667057e+00
5.899999980000001365e-01 -3.374642856000000357e+00 2.050947986666666445e+00
6.000000000000000888e-01 -3.386353871999999932e+00 4.819403160000000352e-01
6.100000020000000411e-01 -3.384282792000000484e+00 -7.800231199999999587e-01
6.199999980000001631e-01 -3.370755920000000572e+00 -1.929800266666666708e+00
6.300000000000001155e-01 -3.345685392000000480e+00 -3.158090173333333528e+00
6.400000020000000678e-01 -3.307594256000000232e+00 -4.440388546666667047e+00
6.499999980000001898e-01 -3.256879992000000446e+00 -5.686976480000000223e+00
6.600000000000001421e-01 -3.193852216000000244e+00 -6.845044920000000310e+00
6.700000020000000944e-01 -3.119979512000000454e+00 -7.811388533333333939e+00
6.799999980000001054e-01 -3.037625840000000466e+00 -8.521692266666667237e+00
6.900000000000000577e-01 -2.949544272000000245e+00 -8.983675599999999761e+00
7.000000020000000100e-01 -2.857952328000000097e+00 -9.255426400000001053e+00
7.099999980000001321e-01 -2.764435744000000472e+00 -9.513091066666666151e+00
7.200000000000000844e-01 -2.667689112000000584e+00 -9.909943466666666367e+00
7.300000020000000367e-01 -2.566235480000000457e+00 -1.038977853333333456e+01
7.399999980000001587e-01 -2.459894936000000421e+00 -1.079109386666666737e+01
7.500000000000001110e-01 -2.350416392000000521e+00 -1.107504800000000067e+01
7.600000020000000633e-01 -2.238393976000000229e+00 -1.128431773333333332e+01
7.699999980000001853e-01 -2.124727248000000124e+00 -1.144791213333333246e+01
7.800000000000001377e-01 -2.009432944000000276e+00 -1.154902546666666652e+01
7.900000020000000900e-01 -1.893749528000000071e+00 -1.158117253333333529e+01
7.999999980000002120e-01 -1.777810888000000089e+00 -1.153779839999999979e+01
8.100000000000001643e-01 -1.662993560000000315e+00 -1.138145626666666743e+01
8.200000020000001166e-01 -1.550180368000000364e+00 -1.107414146666666710e+01
8.299999980000001276e-01 -1.441509336000000197e+00 -1.064270133333333490e+01
8.400000000000000799e-01 -1.337327735999999989e+00 -1.017451173333333436e+01
8.500000020000000323e-01 -1.238020496000000303e+00 -9.741328266666666735e+00
8.599999980000001543e-01 -1.142499776000000189e+00 -9.372159999999999158e+00
8.700000000000001066e-01 -1.050577296000000160e+00 -8.999923466666666982e+00
8.800000020000000589e-01 -9.625040960000000867e-01 -8.512487466666666336e+00
8.899999980000001809e-01 -8.803261520000000839e-01 -7.901762933333333905e+00
9.000000000000001332e-01 -8.044660480000001002e-01 -7.259030800000000561e+00
9.100000020000000855e-01 -7.351455360000000994e-01 -6.645335626666667217e+00
9.199999980000002076e-01 -6.715612880000000340e-01 -6.084226360000000611e+00
9.300000000000001599e-01 -6.134622640000000349e-01 -5.595876853333333401e+00
9.400000020000001122e-01 -5.596434720000000862e-01 -5.172602493333333662e+00
9.499999980000002342e-01 -5.100086800000001030e-01 -4.762012626666667359e+00
9.600000000000001865e-01 -4.644030800000000792e-01 -4.321528080000000216e+00
9.700000020000001388e-01 -4.235797920000000660e-01 -3.834866120000000045e+00
9.799999980000001498e-01 -3.877057576000000338e-01 -3.319745986666666759e+00
9.900000000000001021e-01 -3.571834776000000766e-01 -2.816626959999999791e+00
1.000000002000000165e+00 -3.313732184000000025e-01 -2.386476893333333127e+00
1.009999998000000065e+00 -3.094540792000000096e-01 -2.057551733333333299e+00
1.020000000000000018e+00 -2.902223232000000763e-01 -1.814426466666666737e+00
1.030000002000000192e+00 -2.731654104000000305e-01 -1.633726480000000203e+00
1.039999998000000092e+00 -2.575477936000000745e-01 -1.509001440000000027e+00
1.050000000000000266e+00 -2.429853816000000222e-01 -1.416486226666666681e+00
1.060000002000000219e+00 -2.292179296000000366e-01 -1.346411200000000141e+00
1.069999998000000119e+00 -2.160571576000000216e-01 -1.304076093333333297e+00
1.080000000000000293e+00 -2.031361288000000376e-01 -1.294913133333333466e+00
1.090000002000000245e+00 -1.901590344000000099e-01 -1.315080013333333353e+00
1.099999998000000145e+00 -1.768346680000000282e-01 -1.356920013333333452e+00
1.110000000000000320e+00 -1.630207736000000296e-01 -1.395433733333333537e+00
1.120000002000000272e+00 -1.489257144000000199e-01 -1.414931173333333403e+00
1.129999998000000172e+00 -1.347222896000000170e-01 -1.437043613333333525e+00
1.140000000000000124e+00 -1.201849816000000043e-01 -1.504120106666666956e+00
1.150000002000000077e+00 -1.046397480000000185e-01 -1.641815546666666847e+00
1.159999998000000199e+00 -8.734894960000001707e-02 -4.551961880000000349e+00
1.170000000000000151e+00 -1.360042672000000286e-02 -4.299087893333333632e+00
1.180000002000000103e+00 -1.367084344000000107e-03 -6.738220426666666762e-01
1.189999998000000225e+00 -1.239802880000000034e-04 -6.835421720000001145e-02
1.200000000000000178e+00 0.000000000000000000e+00 4.355767146666666978e-02
