0.000000000000000000e+00 1.819672956738473886e+02 5.264030301496314905e+02
1.000000000000000194e-02 1.767032653723510691e+02 5.264030301496314905e+02
2.000000000000000389e-02 1.714392350708547497e+02 5.264030301496314905e+02
3.000000000000000583e-02 1.661752047693584586e+02 5.264030301496302400e+02
4.000000000000000777e-02 1.609111744678621676e+02 5.264030301496302400e+02
5.000000000000000278e-02 1.556471441663658482e+02 5.264030301496314905e+02
6.000000000000001166e-02 1.503831138648695287e+02 5.264030301496326274e+02
7.000000000000000666e-02 1.451190835633731808e+02 5.264030301496314905e+02
8.000000000000001554e-02 1.398550532618768898e+02 5.264030301496314905e+02
9.000000000000001055e-02 1.345910229603805419e+02 5.264030301496314905e+02
1.000000000000000056e-01 1.293269926588842509e+02 5.264030301496314905e+02
1.100000000000000144e-01 1.240629623573879314e+02 5.264030301496314905e+02
1.200000000000000233e-01 1.187989320558916404e+02 5.264030301496302400e+02
1.300000000000000322e-01 1.135349017543953209e+02 5.264030301496314905e+02
1.400000000000000133e-01 1.082708714528990015e+02 5.264030301496314905e+02
1.500000000000000222e-01 1.030068411514026963e+02 5.264030301496309221e+02
1.600000000000000311e-01 9.774281084990639101e+01 5.264030301496309221e+02
1.700000000000000122e-01 9.247878054841007156e+01 5.264030301496314905e+02
1.800000000000000211e-01 8.721475024691375211e+01 5.264030301496314905e+02
1.900000000000000300e-01 8.195071994541744687e+01 5.264030301496314905e+02
2.000000000000000111e-01 7.668668964392112741e+01 5.264030301496314905e+02
2.100000000000000200e-01 7.142265934242480796e+01 5.264030301496309221e+02
2.200000000000000289e-01 6.615862904092850272e+01 5.264030301496309221e+02
2.300000000000000100e-01 6.089459873943219037e+01 5.264030301496320590e+02
2.400000000000000466e-01 5.563056843793586381e+01 5.264030301496320590e+02
2.500000000000000555e-01 5.036653813643955147e+01 5.264030301496314905e+02
2.600000000000000644e-01 4.510250783494323201e+01 5.264030301496314905e+02
2.700000000000000733e-01 3.983847753344691967e+01 5.264030301496311495e+02
2.800000000000000266e-01 3.457444723195061442e+01 5.264030301496309221e+02
2.900000000000000355e-01 2.931041693045430208e+01 5.264030301496311495e+02
3.000000000000000444e-01 2.404638662895798618e+01 3.224374769760266304e+02
3.099999999999999978e-01 2.286166739093376776e+01 3.666529722851222459e+02
3.200000000000000622e-01 1.671332718325554367e+01 5.058094176468007959e+02
3.300000000000000711e-01 1.274547903799775384e+01 3.435422138711983848e+02
3.400000000000000244e-01 9.842482905831573703e+00 2.571990258181837703e+02
3.500000000000000888e-01 7.601498521634077576e+00 2.016106877527122663e+02
3.600000000000000422e-01 5.810269150777327418e+00 1.629971175769761658e+02
3.700000000000000511e-01 4.341556170094554190e+00 1.354240668100783012e+02
3.800000000000000600e-01 3.101787814575761359e+00 1.142061983025119929e+02
3.900000000000000688e-01 2.057432204044314261e+00 9.576896247057671019e+01
4.000000000000000222e-01 1.186408565164226880e+00 7.847829324891485214e+01
4.100000000000000866e-01 4.878663390660170074e-01 6.197644023244149025e+01
4.200000000000000400e-01 -5.312023948460299627e-02 4.656915289159484672e+01
4.300000000000000488e-01 -4.435167187658801136e-01 3.228478846860559059e+01
4.400000000000000577e-01 -6.988160088567149097e-01 1.941997645966737807e+01
4.500000000000000666e-01 -8.319162479592276949e-01 8.665092541889324096e+00
4.600000000000000200e-01 -8.721178596945013961e-01 8.962769326311623708e-01
4.700000000000000844e-01 -8.498417866118509467e-01 -3.722812705858578930e+00
4.800000000000000933e-01 -7.976616055773297909e-01 -5.770079202823948705e+00
4.900000000000000466e-01 -7.344402025553720126e-01 -6.393323795987780223e+00
5.000000000000001110e-01 -6.697951296575741509e-01 -6.627684505571473927e+00
5.100000000000000089e-01 -6.018865124439424230e-01 -6.870122050849303719e+00
5.200000000000001288e-01 -5.323926886405880854e-01 -6.966095139182058915e+00
5.300000000000000266e-01 -4.625646096603012736e-01 -6.790000952047869909e+00
5.400000000000001465e-01 -3.965926695996306872e-01 -6.389470311862496921e+00
5.500000000000000444e-01 -3.347752034230513374e-01 -5.892211802215360450e+00
5.600000000000000533e-01 -2.787484335553234716e-01 -5.276347498904787159e+00
5.700000000000000622e-01 -2.292482534449555853e-01 -4.547634495376148500e+00
5.800000000000000711e-01 -1.877957436478004949e-01 -3.614562384204117240e+00
5.900000000000000799e-01 -1.569570057608732361e-01 -2.338063980422042221e+00
6.000000000000000888e-01 -1.410344640393596527e-01 -1.191168993827423916e+00
6.100000000000000977e-01 -1.331336258843247577e-01 -9.661123248780396633e-01
6.199999999999999956e-01 -1.217122175417988533e-01 -1.598675674825413395e+00
6.300000000000001155e-01 -1.011601123878164837e-01 -2.018196387239206580e+00
6.400000000000001243e-01 -8.134828979701472229e-02 -1.284287591070933043e+00
6.500000000000000222e-01 -7.547436056639782176e-02 3.991660386174247233e-01
6.600000000000001421e-01 -8.933161056936321509e-02 2.205062169430793695e+00
6.700000000000001510e-01 -1.195756039550136957e-01 3.284223502887630541e+00
6.800000000000000488e-01 -1.550160806271158320e-01 3.228075031689255692e+00
6.900000000000000577e-01 -1.841371045887988112e-01 2.514111159329917466e+00
7.000000000000001776e-01 -2.052983038137141669e-01 2.177133957401548692e+00
7.100000000000000755e-01 -2.276797837368297883e-01 2.553235616627334004e+00
7.200000000000000844e-01 -2.563630161462608359e-01 3.266777430017944628e+00
7.300000000000000933e-01 -2.930153323371886831e-01 3.701414314588544752e+00
7.400000000000001021e-01 -3.303913024380317753e-01 3.296214355301377186e+00
7.500000000000001110e-01 -3.589396194432162290e-01 2.083434624322718864e+00
7.600000000000001199e-01 -3.720599949244861593e-01 7.502415478759729695e-01
7.700000000000000178e-01 -3.739444504007357062e-01 -7.680968418552129584e-02
7.800000000000001377e-01 -3.705238012407757187e-01 -3.551320983071726833e-01
7.900000000000001465e-01 -3.668418084345922425e-01 -4.668526949040286422e-01
8.000000000000000444e-01 -3.611867473426951247e-01 -8.042292425463054562e-01
8.100000000000001643e-01 -3.507572235836661223e-01 -1.503932570968552485e+00
8.200000000000001732e-01 -3.311080959233240750e-01 -2.427068379829596889e+00
8.300000000000000711e-01 -3.022158559870741779e-01 -3.168923574486441463e+00
8.400000000000000799e-01 -2.677296244335952702e-01 -3.386324624619885260e+00
8.500000000000001998e-01 -2.344893634946764727e-01 -3.145741859722336997e+00
8.600000000000000977e-01 -2.048147872391485047e-01 -2.887995628418450700e+00
8.700000000000001066e-01 -1.767294509263074576e-01 -2.904497565944726301e+00
8.800000000000001155e-01 -1.467248359202539820e-01 -3.172486551211981087e+00
8.900000000000001243e-01 -1.132797199020678242e-01 -3.406886884140501337e+00
9.000000000000001332e-01 -7.858709823744394751e-02 -3.221437678912532299e+00
9.100000000000001421e-01 -4.885096632381717707e-02 -2.642233495626316486e+00
9.200000000000000400e-01 -2.574242832491761487e-02 -2.083454091413847298e+00
9.300000000000001599e-01 -7.181884495540228133e-03 -1.714977007914324059e+00
9.400000000000001688e-01 8.557111833368871365e-03 -1.483178777325137698e+00
9.500000000000000666e-01 2.248169105096253090e-02 -1.300107972898720821e+00
9.600000000000001865e-01 3.455927129134329229e-02 -1.057521155842856109e+00
9.700000000000001954e-01 4.363211416781965363e-02 -6.961052663861604373e-01
9.800000000000000933e-01 4.848137661906649909e-02 -2.740688184365712154e-01
9.900000000000001021e-01 4.911349053655107710e-02 6.022194245963653075e-02
1.000000000000000222e+00 4.727693776987376695e-02 1.968095165640716959e-01
1.010000000000000231e+00 4.517730020526964513e-02 1.880773118109784481e-01
1.020000000000000018e+00 4.351539153365419771e-02 1.821556226611517892e-01
1.030000000000000027e+00 4.153418775204660573e-02 2.688042561576253209e-01
1.040000000000000258e+00 3.813930641050169296e-02 4.155108639772107093e-01
1.050000000000000266e+00 3.322397047250238988e-02 5.306002650737506876e-01
1.060000000000000053e+00 2.752730110902668059e-02 5.566501563285016774e-01
1.070000000000000062e+00 2.209096734593235870e-02 5.317350590773494146e-01
1.080000000000000293e+00 1.689259992747969494e-02 5.056646733947691708e-01
1.090000000000000080e+00 1.197767387803697244e-02 4.478718128582595548e-01
1.100000000000000089e+00 7.935163670314502107e-03 3.469303727249974378e-01
1.110000000000000098e+00 5.039066423537023193e-03 2.453869500765935296e-01
1.120000000000000107e+00 3.027424668782630751e-03 1.698079104074985135e-01
1.130000000000000115e+00 1.642908215387053244e-03 1.224595574769915540e-01
1.140000000000000124e+00 5.782335192427993020e-04 8.635753951957653163e-02
1.150000000000000133e+00 -8.424257500447750126e-05 4.746747856699367468e-02
1.160000000000000142e+00 -3.711160520970743239e-04 1.527727092314475343e-01
1.170000000000000151e+00 -3.139696759633428189e-03 1.150775380255194234e-02
1.180000000000000160e+00 -6.012711281481131166e-04 -1.542334840394000151e-01
1.190000000000000169e+00 -5.502707884542775904e-05 -3.006355640740565605e-02
1.200000000000000178e+00 0.000000000000000000e+00 -5.502707884542775742e-03
