0.000000000000000000e+00 2.154183165079222704e+02 6.612319153796474893e+02
1.000000000000000194e-02 2.088059973541257932e+02 6.612319153796451019e+02
2.000000000000000389e-02 2.021936782003293729e+02 6.612319153796438513e+02
3.000000000000000583e-02 1.955813590465328957e+02 6.612319153796438513e+02
4.000000000000000777e-02 1.889690398927364754e+02 6.612319153796438513e+02
5.000000000000000278e-02 1.823567207389400266e+02 6.612319153796451019e+02
6.000000000000001166e-02 1.757444015851435779e+02 6.612319153796451019e+02
7.000000000000000666e-02 1.691320824313471292e+02 6.612319153796438513e+02
8.000000000000001554e-02 1.625197632775507088e+02 6.612319153796438513e+02
9.000000000000001055e-02 1.559074441237542601e+02 6.612319153796438513e+02
1.000000000000000056e-01 1.492951249699578113e+02 6.612319153796451019e+02
1.100000000000000144e-01 1.426828058161613342e+02 6.612319153796451019e+02
1.200000000000000233e-01 1.360704866623649139e+02 6.612319153796438513e+02
1.300000000000000322e-01 1.294581675085684651e+02 6.612319153796438513e+02
1.400000000000000133e-01 1.228458483547720448e+02 6.612319153796438513e+02
1.500000000000000222e-01 1.162335292009755818e+02 6.612319153796438513e+02
1.600000000000000311e-01 1.096212100471791615e+02 6.612319153796438513e+02
1.700000000000000122e-01 1.030088908933827128e+02 6.612319153796451019e+02
1.800000000000000211e-01 9.639657173958626402e+01 6.612319153796438513e+02
1.900000000000000300e-01 8.978425258578982948e+01 6.612319153796438513e+02
2.000000000000000111e-01 8.317193343199338074e+01 6.612319153796438513e+02
2.100000000000000200e-01 7.655961427819694620e+01 6.612319153796438513e+02
2.200000000000000289e-01 6.994729512440049746e+01 6.612319153796445335e+02
2.300000000000000100e-01 6.333497597060405582e+01 6.612319153796451019e+02
2.400000000000000466e-01 5.672265681680759286e+01 6.612319153796454430e+02
2.500000000000000555e-01 5.011033766301115122e+01 6.612319153796445335e+02
2.600000000000000644e-01 4.349801850921470248e+01 6.612319153796441924e+02
2.700000000000000733e-01 3.688569935541826794e+01 6.612319153796438513e+02
2.800000000000000266e-01 3.027338020162182630e+01 6.612319153796440787e+02
2.900000000000000355e-01 2.366106104782538466e+01 4.951569752666640056e+02
3.000000000000000444e-01 2.037024069628854406e+01 5.554822702154108356e+02
3.099999999999999978e-01 1.255141564351716532e+01 6.169893733651146022e+02
3.200000000000000622e-01 8.030453228986251801e+00 3.800977932845628970e+02
3.300000000000000711e-01 4.949459777825907736e+00 2.636370354295763718e+02
3.400000000000000244e-01 2.757712520394723921e+00 1.884339986961697377e+02
3.500000000000000888e-01 1.180779803902513247e+00 1.335151611686543731e+02
3.600000000000000422e-01 8.740929702163655057e-02 8.982835509689735431e+01
3.700000000000000511e-01 -6.157872980354340831e-01 5.461671936783918824e+01
3.800000000000000600e-01 -1.004925090335147209e+00 2.692431159379450634e+01
3.900000000000000688e-01 -1.154273529911324259e+00 6.081274530161683955e+00
4.000000000000000222e-01 -1.126550580938380897e+00 -8.416846809991330502e+00
4.100000000000000866e-01 -9.859365937114975553e-01 -1.691005781660147278e+01
4.200000000000000400e-01 -7.883494246063513788e-01 -2.063934181504777143e+01
4.300000000000000488e-01 -5.731497574105421933e-01 -2.124816972781769664e+01
4.400000000000000577e-01 -3.633860300499975327e-01 -1.998438664394021202e+01
4.500000000000000666e-01 -1.734620245317378961e-01 -1.840898429195156893e+01
4.600000000000000200e-01 4.793655789033924967e-03 -1.792272590562755497e+01
4.700000000000000844e-01 1.849924935808131832e-01 -1.806221273499455293e+01
4.800000000000000933e-01 3.660379104889249224e-01 -1.736497994223320518e+01
4.900000000000000466e-01 5.322920924254772590e-01 -1.555083503251903565e+01
5.000000000000001110e-01 6.770546111393056510e-01 -1.272893885552732840e+01
5.100000000000000089e-01 7.868708695360239203e-01 -9.039918211135553605e+00
5.200000000000001288e-01 8.578529753620167675e-01 -5.110559101798285653e+00
5.300000000000000266e-01 8.890820515719896067e-01 -1.662224806824955881e+00
5.400000000000001465e-01 8.910974714985159251e-01 1.129502894883978703e+00
5.500000000000000444e-01 8.664919936743100681e-01 3.275674806273925821e+00
5.600000000000000533e-01 8.255839753730374042e-01 5.000118048907142843e+00
5.700000000000000622e-01 7.664896326961672113e-01 6.450208911115902666e+00
5.800000000000000711e-01 6.965797971507192710e-01 7.445554439841621353e+00
5.900000000000000799e-01 6.175785438993347531e-01 7.737353483582978697e+00
6.000000000000000888e-01 5.418327274790597503e-01 7.349530263867539936e+00
6.100000000000000977e-01 4.705879386219839478e-01 6.989271822390848321e+00
6.199999999999999956e-01 4.020472910312427595e-01 7.094103608102214409e+00
6.300000000000001155e-01 3.287058664599396551e-01 7.533245018087051825e+00
6.400000000000001243e-01 2.513823906695016874e-01 7.972176297644501197e+00
6.500000000000000222e-01 1.692623405070496356e-01 8.017316527484329214e+00
6.600000000000001421e-01 9.103606011981510426e-02 7.218630160013569608e+00
6.700000000000001510e-01 2.488973730677823334e-02 5.943642478569834964e+00
6.800000000000000488e-01 -2.783678945158159918e-02 4.968565546887138140e+00
6.900000000000000577e-01 -7.448157363096453987e-02 4.459437134642639577e+00
7.000000000000001776e-01 -1.170255321444343966e-01 4.062261365111370814e+00
7.100000000000000755e-01 -1.557268009331919667e-01 3.408101130769096265e+00
7.200000000000000844e-01 -1.851875547598163252e-01 2.209464873194857848e+00
7.300000000000000933e-01 -1.999160983970891259e-01 5.358345371609843921e-01
7.400000000000001021e-01 -1.959042455030360064e-01 -1.184296373079621878e+00
7.500000000000001110e-01 -1.762301709354966994e-01 -2.381198107903876426e+00
7.600000000000001199e-01 -1.482802833449584634e-01 -2.821247679161483557e+00
7.700000000000000178e-01 -1.198052173522670127e-01 -2.823124457836899026e+00
7.800000000000001377e-01 -9.181779418822048899e-02 -2.651090700313347703e+00
7.900000000000001465e-01 -6.678340334600005312e-02 -2.348528474920656528e+00
8.000000000000000444e-01 -4.484722468980735510e-02 -1.972659711733966814e+00
8.100000000000001643e-01 -2.733020911132072114e-02 -1.472981684539615754e+00
8.200000000000001732e-01 -1.538759099901503523e-02 -8.397767233460595726e-01
8.300000000000000711e-01 -1.053467464439953108e-02 -3.387611084117166382e-01
8.400000000000000799e-01 -8.612368830780701631e-03 -2.015551527967059109e-01
8.500000000000001998e-01 -6.503571588465412341e-03 -3.255484962967157281e-01
8.600000000000000977e-01 -2.101398904846387469e-03 -4.871512540803386582e-01
8.700000000000001066e-01 3.239453493141361724e-03 -5.098957338070394529e-01
8.800000000000001155e-01 8.096515771294403654e-03 -3.044665818288299630e-01
8.900000000000001243e-01 9.328785129717961228e-03 7.237498876644204993e-02
9.000000000000001332e-01 6.649015995965562933e-03 4.032162471783771740e-01
9.100000000000001421e-01 1.264460186150417583e-03 5.834953985069371019e-01
9.200000000000000400e-01 -5.020891974173180908e-03 6.654918567545374808e-01
9.300000000000001599e-01 -1.204537694894033256e-02 7.130140700928843112e-01
9.400000000000001688e-01 -1.928117337603086831e-02 7.256482580842080754e-01
9.500000000000000666e-01 -2.655834211062449782e-02 7.470913696437493368e-01
9.600000000000001865e-01 -3.422300076890585213e-02 7.965754882929309000e-01
9.700000000000001954e-01 -4.248985187648311734e-02 8.293955882571014682e-01
9.800000000000000933e-01 -5.081091253404788205e-02 8.300223050333704888e-01
9.900000000000001021e-01 -5.909029797715052712e-02 8.117538914416100315e-01
1.000000000000000222e+00 -6.704599036288008684e-02 7.484656744035041998e-01
1.010000000000000231e+00 -7.405961146522060945e-02 6.107640827547213824e-01
1.020000000000000018e+00 -7.926127201797451838e-02 3.890902143649936917e-01
1.030000000000000027e+00 -8.184141575252049106e-02 9.269698012365017170e-02
1.040000000000000258e+00 -8.111521162044751931e-02 -2.253815546604707731e-01
1.050000000000000266e+00 -7.733378465931106671e-02 -4.839523541357494962e-01
1.060000000000000053e+00 -7.143616453773252162e-02 -6.357952995042510658e-01
1.070000000000000062e+00 -6.461787866922605317e-02 -7.184177696198035257e-01
1.080000000000000293e+00 -5.706780914533645527e-02 -7.686634715433356968e-01
1.090000000000000080e+00 -4.924460923835933396e-02 -7.807027964582087254e-01
1.100000000000000089e+00 -4.145375321617227743e-02 -7.824911263433885766e-01
1.110000000000000098e+00 -3.359478671149156159e-02 -8.058389001178311029e-01
1.120000000000000107e+00 -2.533697521381565385e-02 -8.102266172953522805e-01
1.130000000000000115e+00 -1.739025436558451487e-02 -7.495812741357191777e-01
1.140000000000000124e+00 -1.034534973110127001e-02 -6.301069985657548056e-01
1.150000000000000133e+00 -4.788114394269416159e-03 -4.682686542791618112e-01
1.160000000000000142e+00 -9.799766455180340154e-04 -1.286495897012155942e-01
1.170000000000000151e+00 -2.215122600245104847e-03 -2.703557609036699727e-02
1.180000000000000160e+00 -4.392651237106940222e-04 -1.089763369077344085e-01
1.190000000000000169e+00 -3.559586209041660501e-05 -2.196325618553470263e-02
1.200000000000000178e+00 0.000000000000000000e+00 -3.559586209041660284e-03
