0.000000000000000000e+00 2.651949180430044635e+02 6.193649707289363278e+02
1.000000000000000194e-02 2.590012683357151104e+02 6.193649707289363278e+02
2.000000000000000389e-02 2.528076186284257290e+02 6.193649707289363278e+02
3.000000000000000583e-02 2.466139689211363759e+02 6.193649707289315529e+02
4.000000000000000777e-02 2.404203192138471081e+02 6.193649707289315529e+02
5.000000000000000278e-02 2.342266695065577267e+02 6.193649707289363278e+02
6.000000000000001166e-02 2.280330197992683736e+02 6.193649707289363278e+02
7.000000000000000666e-02 2.218393700919790206e+02 6.193649707289339403e+02
8.000000000000001554e-02 2.156457203846896959e+02 6.193649707289339403e+02
9.000000000000001055e-02 2.094520706774003429e+02 6.193649707289339403e+02
1.000000000000000056e-01 2.032584209701110183e+02 6.193649707289339403e+02
1.100000000000000144e-01 1.970647712628216652e+02 6.193649707289339403e+02
1.200000000000000233e-01 1.908711215555323406e+02 6.193649707289339403e+02
1.300000000000000322e-01 1.846774718482429876e+02 6.193649707289363278e+02
1.400000000000000133e-01 1.784838221409536061e+02 6.193649707289339403e+02
1.500000000000000222e-01 1.722901724336643099e+02 6.193649707289339403e+02
1.600000000000000311e-01 1.660965227263749284e+02 6.193649707289339403e+02
1.700000000000000122e-01 1.599028730190856322e+02 6.193649707289339403e+02
1.800000000000000211e-01 1.537092233117962508e+02 6.193649707289339403e+02
1.900000000000000300e-01 1.475155736045069261e+02 6.193649707289339403e+02
2.000000000000000111e-01 1.413219238972175731e+02 6.193649707289350772e+02
2.100000000000000200e-01 1.351282741899282485e+02 6.193649707289339403e+02
2.200000000000000289e-01 1.289346244826388954e+02 6.193649707289350772e+02
2.300000000000000100e-01 1.227409747753495282e+02 6.193649707289363278e+02
2.400000000000000466e-01 1.165473250680601751e+02 6.193649707289339403e+02
2.500000000000000555e-01 1.103536753607708505e+02 6.193649707289339403e+02
2.600000000000000644e-01 1.041600256534814974e+02 6.193649707289350772e+02
2.700000000000000733e-01 9.796637594619215861e+01 6.193649707289339403e+02
2.800000000000000266e-01 9.177272623890281977e+01 6.193649707289339403e+02
2.900000000000000355e-01 8.557907653161346673e+01 6.193649707289339403e+02
3.000000000000000444e-01 7.938542682432412789e+01 6.193649707289339403e+02
3.099999999999999978e-01 7.319177711703478906e+01 6.193649707289350772e+02
3.200000000000000622e-01 6.699812740974543601e+01 6.193649707289363278e+02
3.300000000000000711e-01 6.080447770245606876e+01 6.193649707289339403e+02
3.400000000000000244e-01 5.461082799516675124e+01 6.193649707289339403e+02
3.500000000000000888e-01 4.841717828787739109e+01 6.193649707289341677e+02
3.600000000000000422e-01 4.222352858058806646e+01 6.193649707289341677e+02
3.700000000000000511e-01 3.602987887329870631e+01 6.193649707289341677e+02
3.800000000000000600e-01 2.983622916600938169e+01 3.676685781401358781e+02
3.900000000000000688e-01 2.867650731049598534e+01 2.964028865958520100e+02
4.000000000000000222e-01 2.390817143409234191e+01 4.452732726292235270e+02
4.100000000000000866e-01 1.977104185791151636e+01 3.745544584684966480e+02
4.200000000000000400e-01 1.641708226472240995e+01 3.059339993925098042e+02
4.300000000000000488e-01 1.365236187006131985e+01 2.563110468313828960e+02
4.400000000000000577e-01 1.129086132809474918e+01 2.205343676646235167e+02
4.500000000000000666e-01 9.241674516768847880e+00 1.914493307459974858e+02
4.600000000000000200e-01 7.461874713174800000e+00 1.658986881566264913e+02
4.700000000000000844e-01 5.923700753636317984e+00 1.426579783971315010e+02
4.800000000000000933e-01 4.608715145232169519e+00 1.217144070492172858e+02
4.900000000000000466e-01 3.489412612651972445e+00 1.039397311171834133e+02
5.000000000000001110e-01 2.529920522888501111e+00 8.933316339105344639e+01
5.100000000000000089e-01 1.702749344830903011e+00 7.680566643300900864e+01
5.200000000000001288e-01 9.938071942283208671e-01 6.582081830689273261e+01
5.300000000000000266e-01 3.863329786930482235e-01 5.610046568288937863e+01
5.400000000000001465e-01 -1.282021194294667987e-01 4.702186994287983168e+01
5.500000000000000444e-01 -5.541044201645483058e-01 3.840057502721492000e+01
5.600000000000000533e-01 -8.962136199737651410e-01 3.069500613881469420e+01
5.700000000000000622e-01 -1.168004542940842327e+00 2.446834648050544914e+01
5.800000000000000711e-01 -1.385580549583874221e+00 1.990438643933424956e+01
5.900000000000000799e-01 -1.566092271727527407e+00 1.641062898109427337e+01
6.000000000000000888e-01 -1.713793129205759769e+00 1.307594984747762723e+01
6.100000000000000977e-01 -1.827611268677079792e+00 9.452095991892926818e+00
6.199999999999999956e-01 -1.902835049043618332e+00 5.619976232356992618e+00
6.300000000000001155e-01 -1.940010793324219662e+00 1.971280353126418250e+00
6.400000000000001243e-01 -1.942260656106146621e+00 -1.140443849006046229e+00
6.500000000000000222e-01 -1.917201916344098755e+00 -3.572782120646839754e+00
6.600000000000001421e-01 -1.870805013693209728e+00 -5.287277964828362542e+00
6.700000000000001510e-01 -1.811456357047531496e+00 -6.508472792769030235e+00
6.800000000000000488e-01 -1.740635557837829195e+00 -7.844869305639359247e+00
6.900000000000000577e-01 -1.654558970934744355e+00 -9.438192051878697697e+00
7.000000000000001776e-01 -1.551871716800255152e+00 -1.074321525451192194e+01
7.100000000000000755e-01 -1.439694665844506005e+00 -1.140756099250187994e+01
7.200000000000000844e-01 -1.323720496950217651e+00 -1.146963798091464071e+01
7.300000000000000933e-01 -1.210301906226213031e+00 -1.103765309657514138e+01
7.400000000000001021e-01 -1.102967435018714859e+00 -1.041741495204194301e+01
7.500000000000001110e-01 -1.001953607185374295e+00 -9.929270762558477514e+00
7.600000000000001199e-01 -9.043820197675452865e-01 -9.536475702664532150e+00
7.700000000000000178e-01 -8.112240931320835458e-01 -9.090962919747296311e+00
7.800000000000001377e-01 -7.225627613725993381e-01 -8.519397954156431751e+00
7.900000000000001465e-01 -6.408361340489548974e-01 -7.854559418961562400e+00
8.000000000000000444e-01 -5.654715729933680324e-01 -7.194246376009541422e+00
8.100000000000001643e-01 -4.969512065287641223e-01 -6.608431711534987762e+00
8.200000000000001732e-01 -4.333029387626683437e-01 -6.060781054820415292e+00
8.300000000000000711e-01 -3.757355854323558009e-01 -5.362086430202412934e+00
8.400000000000000799e-01 -3.260612101586200517e-01 -4.356388496439474345e+00
8.500000000000001998e-01 -2.886078155035662896e-01 -3.267362240691269459e+00
8.600000000000000977e-01 -2.607139653447946848e-01 -2.382449116719919768e+00
8.700000000000001066e-01 -2.409588331691678853e-01 -1.588839743197551169e+00
8.800000000000001155e-01 -2.289371704808436381e-01 -7.598385552577950897e-01
8.900000000000001243e-01 -2.257620620640120035e-01 -2.730300063776035929e-02
9.000000000000001332e-01 -2.283911104680884374e-01 4.594909576430240561e-01
9.100000000000001421e-01 -2.349518812168724657e-01 6.921854206230837470e-01
9.200000000000000400e-01 -2.422348188805501235e-01 6.431102687680652075e-01
9.300000000000001599e-01 -2.478140865922337788e-01 4.275082190335280918e-01
9.400000000000001688e-01 -2.507849832612206731e-01 2.330129041034906534e-01
9.500000000000000666e-01 -2.524743446743035746e-01 1.731231944338049722e-01
9.600000000000001865e-01 -2.542474471498967770e-01 1.794918239969647000e-01
9.700000000000001954e-01 -2.560641811542428981e-01 1.630440673840973798e-01
9.800000000000000933e-01 -2.575083284975787090e-01 4.954655703337147027e-02
9.900000000000001021e-01 -2.570551122949102929e-01 -1.854194801191514363e-01
1.000000000000000222e+00 -2.537999388951956981e-01 -5.401555894987229989e-01
1.010000000000000231e+00 -2.462520005049358696e-01 -9.112401862808697794e-01
1.020000000000000018e+00 -2.355751351695783147e-01 -1.209177491032410012e+00
1.030000000000000027e+00 -2.220684506842876549e-01 -1.421726984126612914e+00
1.040000000000000258e+00 -2.071405954870460253e-01 -1.530554967940863209e+00
1.050000000000000266e+00 -1.914573513254703985e-01 -1.552328115187617374e+00
1.060000000000000053e+00 -1.760940331832936967e-01 -1.559628980346011717e+00
1.070000000000000062e+00 -1.602647717185501641e-01 -1.632321231868048006e+00
1.080000000000000293e+00 -1.434476085459327199e-01 -1.760431549948318963e+00
1.090000000000000080e+00 -1.250561407195837638e-01 -1.875200208351869513e+00
1.100000000000000089e+00 -1.059436043788953286e-01 -1.870459411274143502e+00
1.110000000000000098e+00 -8.764695249410089928e-02 -1.692094935002636635e+00
1.120000000000000107e+00 -7.210170567884259529e-02 -1.388958235778002592e+00
1.130000000000000115e+00 -5.986778777854084160e-02 -1.102826760284599805e+00
1.140000000000000124e+00 -5.004517047315060196e-02 -9.518834030922189715e-01
1.150000000000000133e+00 -4.083011971669646412e-02 -9.456322322965160510e-01
1.160000000000000142e+00 -3.113252582722027956e-02 -1.683709533039633222e+00
1.170000000000000151e+00 -7.155929055903799060e-03 -1.514325605166497946e+00
1.180000000000000160e+00 -8.460137238903196006e-04 -3.546075625286456701e-01
1.190000000000000169e+00 -6.377780533088618870e-05 -4.230068619451597678e-02
1.200000000000000178e+00 0.000000000000000000e+00 -6.377780533088617948e-03
