0.000000000000000000e+00 2.131742001250731846e+02 4.820569757986087893e+02
1.000000000000000194e-02 2.083536303670871064e+02 4.820569757986075956e+02
2.000000000000000389e-02 2.035330606091010281e+02 4.820569757986075956e+02
3.000000000000000583e-02 1.987124908511149499e+02 4.820569757986075956e+02
4.000000000000000777e-02 1.938919210931288717e+02 4.820569757986075956e+02
5.000000000000000278e-02 1.890713513351427935e+02 4.820569757986064019e+02
6.000000000000001166e-02 1.842507815771567437e+02 4.820569757986064019e+02
7.000000000000000666e-02 1.794302118191706654e+02 4.820569757986075956e+02
8.000000000000001554e-02 1.746096420611845872e+02 4.820569757986075956e+02
9.000000000000001055e-02 1.697890723031985090e+02 4.820569757986075956e+02
1.000000000000000056e-01 1.649685025452124592e+02 4.820569757986075956e+02
1.100000000000000144e-01 1.601479327872263525e+02 4.820569757986075956e+02
1.200000000000000233e-01 1.553273630292403027e+02 4.820569757986064019e+02
1.300000000000000322e-01 1.505067932712542245e+02 4.820569757986075956e+02
1.400000000000000133e-01 1.456862235132681462e+02 4.820569757986075956e+02
1.500000000000000222e-01 1.408656537552820680e+02 4.820569757986064019e+02
1.600000000000000311e-01 1.360450839972960182e+02 4.820569757986075956e+02
1.700000000000000122e-01 1.312245142393099400e+02 4.820569757986075956e+02
1.800000000000000211e-01 1.264039444813238617e+02 4.820569757986064019e+02
1.900000000000000300e-01 1.215833747233377977e+02 4.820569757986075956e+02
2.000000000000000111e-01 1.167628049653517053e+02 4.820569757986075956e+02
2.100000000000000200e-01 1.119422352073656413e+02 4.820569757986064019e+02
2.200000000000000289e-01 1.071216654493795772e+02 4.820569757986075956e+02
2.300000000000000100e-01 1.023010956913934990e+02 4.820569757986087893e+02
2.400000000000000466e-01 9.748052593340740657e+01 4.820569757986075956e+02
2.500000000000000555e-01 9.265995617542134255e+01 4.820569757986064019e+02
2.600000000000000644e-01 8.783938641743527853e+01 4.820569757986075956e+02
2.700000000000000733e-01 8.301881665944918609e+01 4.820569757986075956e+02
2.800000000000000266e-01 7.819824690146312207e+01 4.820569757986064019e+02
2.900000000000000355e-01 7.337767714347705805e+01 4.820569757986075956e+02
3.000000000000000444e-01 6.855710738549096561e+01 4.820569757986064019e+02
3.099999999999999978e-01 6.373653762750493001e+01 4.820569757986064019e+02
3.200000000000000622e-01 5.891596786951884468e+01 4.820569757986094146e+02
3.300000000000000711e-01 5.409539811153273803e+01 4.820569757986075956e+02
3.400000000000000244e-01 4.927482835354668822e+01 4.820569757986070272e+02
3.500000000000000888e-01 4.445425859556060288e+01 4.820569757986070272e+02
3.600000000000000422e-01 3.963368883757454597e+01 4.820569757986070272e+02
3.700000000000000511e-01 3.481311907958846064e+01 4.820569757986072545e+02
3.800000000000000600e-01 2.999254932160240017e+01 4.633901912643228229e+02
3.900000000000000688e-01 2.554531525430200389e+01 3.878432017128154143e+02
4.000000000000000222e-01 2.223568528734609018e+01 3.219183370709106384e+02
4.100000000000000866e-01 1.910694851288378970e+01 3.034522454897086732e+02
4.200000000000000400e-01 1.616664037755191785e+01 2.801864986929032284e+02
4.300000000000000488e-01 1.350321853902572578e+01 2.492069932900293452e+02
4.400000000000000577e-01 1.118250051175133031e+01 2.143868461048823519e+02
4.500000000000000666e-01 9.215481616928077102e+00 1.788275046989217287e+02
4.600000000000000200e-01 7.605950417772896266e+00 1.451838091462281000e+02
4.700000000000000844e-01 6.311805434003514570e+00 1.168284983195340772e+02
4.800000000000000933e-01 5.269380451382214225e+00 9.640898510983411995e+01
4.900000000000000466e-01 4.383625731806832349e+00 8.297133617113607329e+01
5.000000000000001110e-01 3.609953727959492653e+00 7.394836224256027890e+01
5.100000000000000089e-01 2.904658486955626895e+00 6.714823780521669505e+01
5.200000000000001288e-01 2.266988971855158574e+00 6.036403800095052219e+01
5.300000000000000266e-01 1.697377726936616149e+00 5.242764498921999916e+01
5.400000000000001465e-01 1.218436072070758547e+00 4.430675209576683926e+01
5.500000000000000444e-01 8.112426850212793861e-01 3.788323589899206212e+01
5.600000000000000533e-01 4.607713540909173511e-01 3.355802304621558108e+01
5.700000000000000622e-01 1.400822240969678278e-01 3.054100191455060909e+01
5.800000000000000711e-01 -1.500486842000949284e-01 2.751073842898844646e+01
5.900000000000000799e-01 -4.101325444828011757e-01 2.340004031733550249e+01
6.000000000000000888e-01 -6.180494905468049138e-01 1.852241107507234119e+01
6.100000000000000977e-01 -7.805807659842479707e-01 1.417271224521919315e+01
6.199999999999999956e-01 -9.015037354511887813e-01 1.093216352355531029e+01
6.300000000000001155e-01 -9.992240364553541809e-01 8.725434558661516959e+00
6.400000000000001243e-01 -1.076012426624419094e+00 6.822171060482483895e+00
6.500000000000000222e-01 -1.135667457665003877e+00 4.744109350140274906e+00
6.600000000000001421e-01 -1.170894613627224690e+00 2.352734109112172067e+00
6.700000000000001510e-01 -1.182722139847247389e+00 -1.083038922677115601e-01
6.800000000000000488e-01 -1.168728535781870415e+00 -2.083688338460374379e+00
6.900000000000000577e-01 -1.141048373078039857e+00 -3.284554797838095119e+00
7.000000000000001776e-01 -1.103037439825108601e+00 -4.067901924729346419e+00
7.100000000000000755e-01 -1.059690334583452964e+00 -4.888800999097405509e+00
7.200000000000000844e-01 -1.005261419843160420e+00 -5.979222769181173902e+00
7.300000000000000933e-01 -9.401058791998294639e-01 -7.016068505607153227e+00
7.400000000000001021e-01 -8.649400497310173463e-01 -7.525215275531198067e+00
7.500000000000001110e-01 -7.896015736892054715e-01 -7.460373205121490159e+00
7.600000000000001199e-01 -7.157325856285875476e-01 -7.221251072969980811e+00
7.700000000000000178e-01 -6.451765522298058553e-01 -6.958528505648885698e+00
7.800000000000001377e-01 -5.765620155156098159e-01 -6.608845623883536469e+00
7.900000000000001465e-01 -5.129996397521351392e-01 -6.236909496567425215e+00
8.000000000000000444e-01 -4.518238255842613182e-01 -5.799468948676810953e+00
8.100000000000001643e-01 -3.970102607785989113e-01 -5.074866850918168026e+00
8.200000000000001732e-01 -3.503264885658979311e-01 -4.264936084047099563e+00
8.300000000000000711e-01 -3.117115390976569200e-01 -3.641098461193784441e+00
8.400000000000000799e-01 -2.775045193420222489e-01 -3.308488188781534500e+00
8.500000000000001998e-01 -2.455417753220262012e-01 -3.094067066295584034e+00
8.600000000000000977e-01 -2.156231780161105560e-01 -2.868217207219930120e+00
8.700000000000001066e-01 -1.881774311776276132e-01 -2.468347817478246498e+00
8.800000000000001155e-01 -1.662562216665456338e-01 -1.696076480472197723e+00
8.900000000000001243e-01 -1.542559015681836676e-01 -6.707870481223758841e-01
9.000000000000001332e-01 -1.528404807040981139e-01 2.069491307513727230e-01
9.100000000000001421e-01 -1.583948841832111265e-01 7.310198861774331869e-01
9.200000000000000400e-01 -1.674608784276467865e-01 7.627787212275369821e-01
9.300000000000001599e-01 -1.736504586077618484e-01 3.160175509941735572e-01
9.400000000000001688e-01 -1.737812294475302444e-01 -1.596830381610764849e-01
9.500000000000000666e-01 -1.704567978445403198e-01 -2.886704633762896544e-01
9.600000000000001865e-01 -1.680078201800044579e-01 -1.872795955944928370e-01
9.700000000000001954e-01 -1.667112059326504581e-01 -1.273078955499462872e-01
9.800000000000000933e-01 -1.654616622690055217e-01 -1.776162951496315090e-01
9.900000000000001021e-01 -1.631588800296578379e-01 -3.555212282326503104e-01
1.000000000000000222e+00 -1.583512377043525265e-01 -6.015194793804584661e-01
1.010000000000000231e+00 -1.511284904420486797e-01 -6.870077827870072484e-01
1.020000000000000018e+00 -1.446110820486123660e-01 -5.223490065100457880e-01
1.030000000000000027e+00 -1.406815103118477517e-01 -3.550517809442308437e-01
1.040000000000000258e+00 -1.375100464297277503e-01 -4.618333847119342472e-01
1.050000000000000266e+00 -1.314448426176090534e-01 -7.927658075787258340e-01
1.060000000000000053e+00 -1.216547302781532391e-01 -1.123304433516534973e+00
1.070000000000000062e+00 -1.089787539472783645e-01 -1.303331953900246365e+00
1.080000000000000293e+00 -9.558809120014831462e-02 -1.303825314966834847e+00
1.090000000000000080e+00 -8.290224764794167089e-02 -1.197086811291592667e+00
1.100000000000000089e+00 -7.164635497431645628e-02 -1.128339645573341432e+00
1.110000000000000098e+00 -6.033545473647483615e-02 -1.144150082205489749e+00
1.120000000000000107e+00 -4.876335333020666296e-02 -1.156275273188316133e+00
1.130000000000000115e+00 -3.720994927270851460e-02 -1.086517400481529005e+00
1.140000000000000124e+00 -2.703300532057607494e-02 -9.120048592862274317e-01
1.150000000000000133e+00 -1.896985208698396055e-02 -6.850483828941030806e-01
1.160000000000000142e+00 -1.333203766269401395e-02 -7.748026237763333546e-01
1.170000000000000151e+00 -3.473799611457295457e-03 -6.425114702000283007e-01
1.180000000000000160e+00 -4.818082586934471084e-04 -1.716415290138025296e-01
1.190000000000000169e+00 -4.096903118124441536e-05 -2.409041293467235195e-02
1.200000000000000178e+00 0.000000000000000000e+00 -4.096903118124441481e-03
