0.000000000000000000e+00 1.329980632000000151e+04 2.209507639999999956e+05
1.000000200000000262e-02 1.124818192000000090e+04 1.893755106666666688e+05
1.999999800000000494e-02 9.512324000000000524e+03 1.602269773333333433e+05
3.000000000000000583e-02 8.043656320000000960e+03 1.355595080000000016e+05
4.000000200000000672e-02 6.801133840000001328e+03 1.146848346666666766e+05
4.999999800000000383e-02 5.749945680000000721e+03 9.701928933333333407e+04
6.000000000000001166e-02 4.860720160000000760e+03 8.207125200000000768e+04
7.000000200000000561e-02 4.108537376000000222e+03 6.942169506666666712e+04
7.999999800000001660e-02 3.472297416000000339e+03 5.871825600000000122e+04
9.000000000000001055e-02 2.934172256000000289e+03 4.966163933333333262e+04
1.000000020000000045e-01 2.479061840000000302e+03 4.199878280000000086e+04
1.099999980000000155e-01 2.094196600000000217e+03 3.551546560000000318e+04
1.200000000000000233e-01 1.768752528000000211e+03 3.003024160000000120e+04
1.300000020000000311e-01 1.493587584000000334e+03 2.538976720000000205e+04
1.399999980000000144e-01 1.260957184000000325e+03 2.146412919999999940e+04
1.500000000000000222e-01 1.064305000000000064e+03 1.814335813333333499e+04
1.600000020000000300e-01 8.980914159999999811e+02 1.533442973333333248e+04
1.699999980000000133e-01 7.576178000000001020e+02 1.295861506666666537e+04
1.800000000000000211e-01 6.389177200000000312e+02 1.094931880000000092e+04
1.900000020000000289e-01 5.386314240000000382e+02 9.249987199999999575e+03
1.999999980000000122e-01 4.539179760000001238e+02 7.813062133333333804e+03
2.100000000000000200e-01 3.823703208000000018e+02 6.598070373333333919e+03
2.200000020000000278e-01 3.219558712000000469e+02 5.570842586666666648e+03
2.299999980000000388e-01 2.709533296000000746e+02 4.702453386666666120e+03
2.400000000000000466e-01 2.279066640000000348e+02 3.968433346666666694e+03
2.500000020000000545e-01 1.915845232000000351e+02 3.348071666666666715e+03
2.599999980000000654e-01 1.609455096000000083e+02 2.823830413333333127e+03
2.700000000000000733e-01 1.351080544000000145e+02 2.380891253333333680e+03
2.800000020000000256e-01 1.133278240000000210e+02 2.006702186666666648e+03
2.899999980000000366e-01 9.497387120000000493e+01 1.690656773333333376e+03
3.000000000000000444e-01 7.951440960000000757e+01 1.423766386666666676e+03
3.100000020000000522e-01 6.649882240000000877e+01 1.198437066666666624e+03
3.199999980000000632e-01 5.554594720000000763e+01 1.008239399999999932e+03
3.300000000000000711e-01 4.633403440000000728e+01 8.477341866666666874e+02
3.400000020000000789e-01 3.859104032000000473e+01 7.123329733333333706e+02
3.499999980000000344e-01 3.208726336000000146e+01 5.981341800000000148e+02
3.600000000000000422e-01 2.662831488000000491e+01 5.018554586666666637e+02
3.700000020000000500e-01 2.205014024000000106e+01 4.207137519999999995e+02
3.799999980000000610e-01 1.821403984000000165e+01 3.523562573333333603e+02
3.900000000000000688e-01 1.500302904000000126e+01 3.946279066666666608e+02
4.000000020000000767e-01 1.032150960000000062e+01 4.681512466666666796e+02
4.099999980000000321e-01 5.639990160000000863e+00 3.115545866666666370e+02
4.200000000000000400e-01 4.090408104000000655e+00 1.192621306666666783e+02
4.300000020000000478e-01 3.254746152000000059e+00 8.356633466666667687e+01
4.399999980000000588e-01 2.419084200000000351e+00 4.981065946666667088e+01
4.500000000000000666e-01 2.258531567999999989e+00 2.139341960000000142e+01
4.600000020000000744e-01 1.991215808000000420e+00 2.750394240000000323e+01
4.699999980000000854e-01 1.708452720000000369e+00 2.706455266666666759e+01
4.800000000000000933e-01 1.449923360000000105e+00 2.426203973333333508e+01
4.900000020000001011e-01 1.223213320000000159e+00 2.146461733333333299e+01
4.999999980000000566e-01 1.020632407999999991e+00 1.941222586666666672e+01
5.100000000000000089e-01 8.349674080000001331e-01 1.777690946666666605e+01
5.200000020000000722e-01 6.650928240000000269e-01 1.620958306666666715e+01
5.299999980000000832e-01 5.107785360000001162e-01 1.481658999999999970e+01
5.400000000000001465e-01 3.687610240000000483e-01 1.377944613333333379e+01
5.500000020000000989e-01 2.351880792000000109e-01 1.302039880000000061e+01
5.599999980000001099e-01 1.083526296000000139e-01 1.231260546666666755e+01
5.700000000000000622e-01 -1.106404408000000172e-02 1.142706186666666746e+01
5.800000020000000145e-01 -1.201879104000000142e-01 1.026760573333333326e+01
5.899999980000001365e-01 -2.164161448000000432e-01 8.939883066666666878e+00
6.000000000000000888e-01 -2.989857112000000594e-01 7.623317733333333734e+00
6.100000020000000411e-01 -3.688819416000000406e-01 6.445605413333334255e+00
6.199999980000001631e-01 -4.278976800000000025e-01 5.479394293333333721e+00
6.300000000000001155e-01 -4.784696880000000596e-01 4.739760719999999594e+00
6.400000020000000678e-01 -5.226945680000001371e-01 4.135751506666666799e+00
6.499999980000001898e-01 -5.611831840000000016e-01 3.538631946666666472e+00
6.600000000000001421e-01 -5.934669280000001157e-01 2.912461480000000158e+00
6.700000020000000944e-01 -6.194328320000000998e-01 2.282595146666666963e+00
6.799999980000001054e-01 -6.391185520000001175e-01 1.661403640000000070e+00
6.900000000000000577e-01 -6.526621600000001022e-01 1.046237093333333368e+00
7.000000020000000100e-01 -6.600427360000000743e-01 4.206698200000000276e-01
7.099999980000001321e-01 -6.610761840000000111e-01 -2.166035879999999858e-01
7.200000000000000844e-01 -6.557081120000001206e-01 -8.256914800000000332e-01
7.300000020000000367e-01 -6.445619360000001130e-01 -1.349946679999999954e+00
7.399999980000001587e-01 -6.287129440000001068e-01 -1.744867466666666811e+00
7.500000000000001110e-01 -6.096631920000000759e-01 -1.998487600000000031e+00
7.600000020000000633e-01 -5.887431920000000263e-01 -2.102857479999999946e+00
7.699999980000001853e-01 -5.676056240000001418e-01 -2.091930266666666594e+00
7.800000000000001377e-01 -5.469031920000000380e-01 -2.071442613333333238e+00
7.900000020000000900e-01 -5.261798400000000653e-01 -2.119363359999999918e+00
7.999999980000002120e-01 -5.045150880000000004e-01 -2.215190906666666848e+00
8.100000000000001643e-01 -4.818754640000000866e-01 -2.305153880000000211e+00
8.200000020000001166e-01 -4.584115920000000899e-01 -2.368869226666666883e+00
8.299999980000001276e-01 -4.344958480000000733e-01 -2.401783360000000034e+00
8.400000000000000799e-01 -4.103767616000000840e-01 -2.392432120000000051e+00
8.500000020000000323e-01 -3.866484608000000378e-01 -2.334588319999999939e+00
8.599999980000001543e-01 -3.636849952000000274e-01 -2.229214279999999881e+00
8.700000000000001066e-01 -3.420641752000000424e-01 -2.076972466666666683e+00
8.800000020000000589e-01 -3.221454064000000561e-01 -1.905051906666666683e+00
8.899999980000001809e-01 -3.039634160000000418e-01 -1.742517453333333410e+00
9.000000000000001332e-01 -2.872951968000000411e-01 -1.603497079999999908e+00
9.100000020000000855e-01 -2.718934744000000570e-01 -1.496867840000000172e+00
9.199999980000002076e-01 -2.573578400000000044e-01 -1.438368546666666470e+00
9.300000000000001599e-01 -2.431259640000000000e-01 -1.416953440000000120e+00
9.400000020000001122e-01 -2.290187712000000264e-01 -1.403048613333333527e+00
9.499999980000002342e-01 -2.150651312000000093e-01 -1.390817386666666655e+00
9.600000000000001865e-01 -2.012027024000000164e-01 -1.395133879999999937e+00
9.700000020000001388e-01 -1.871624536000000005e-01 -1.415872573333333273e+00
9.799999980000001498e-01 -1.728849720000000256e-01 -1.432238986666666714e+00
9.900000000000001021e-01 -1.585175344000000208e-01 -1.416569906666666823e+00
1.000000002000000165e+00 -1.445538528000000211e-01 -1.352994026666666683e+00
1.009999998000000065e+00 -1.314579328000000380e-01 -1.248930973333333361e+00
1.020000000000000018e+00 -1.195749544000000164e-01 -1.130990986666666753e+00
1.030000002000000192e+00 -1.088379736000000125e-01 -1.029612666666666732e+00
1.039999998000000092e+00 -9.898298000000001207e-02 -9.550049733333333402e-01
1.050000000000000266e+00 -8.973759520000000600e-02 -9.042042399999999924e-01
1.060000002000000219e+00 -8.089889520000001499e-02 -8.698605733333333312e-01
1.069999998000000119e+00 -7.234052320000000647e-02 -8.395126266666665948e-01
1.080000000000000293e+00 -6.410850319999999991e-02 -8.023726533333334077e-01
1.090000002000000245e+00 -5.629320960000000484e-02 -7.587056399999999590e-01
1.099999998000000145e+00 -4.893439040000000656e-02 -7.137206666666667809e-01
1.110000000000000320e+00 -4.201865680000000519e-02 -6.703304946666667208e-01
1.120000002000000272e+00 -3.552793392000000439e-02 -6.263169066666666174e-01
1.129999998000000172e+00 -2.949243024000000254e-02 -5.784819320000000875e-01
1.140000000000000124e+00 -2.395829528000000333e-02 -5.279531586666666998e-01
1.150000002000000077e+00 -1.893335312000000298e-02 -4.791551666666666875e-01
1.159999998000000199e+00 -1.437517800000000061e-02 -8.361933200000000177e-01
1.170000000000000151e+00 -2.209532744000000225e-03 -7.086161866666667031e-01
1.180000002000000103e+00 -2.028336256000000273e-04 -1.096201026666666772e-01
1.189999998000000225e+00 -1.712594880000000233e-05 -1.014166733333333320e-02
1.200000000000000178e+00 0.000000000000000000e+00 6.716400866666666358e-03
