0.000000000000000000e+00 2.166758193062265150e+02 5.965968153401109930e+02
1.000000000000000194e-02 2.107098511528253937e+02 5.965968153401086056e+02
2.000000000000000389e-02 2.047438829994243292e+02 5.965968153401073550e+02
3.000000000000000583e-02 1.987779148460232364e+02 5.965968153401086056e+02
4.000000000000000777e-02 1.928119466926221719e+02 5.965968153401097425e+02
5.000000000000000278e-02 1.868459785392210506e+02 5.965968153401097425e+02
6.000000000000001166e-02 1.808800103858199577e+02 5.965968153401097425e+02
7.000000000000000666e-02 1.749140422324188648e+02 5.965968153401086056e+02
8.000000000000001554e-02 1.689480740790178004e+02 5.965968153401086056e+02
9.000000000000001055e-02 1.629821059256166791e+02 5.965968153401086056e+02
1.000000000000000056e-01 1.570161377722156146e+02 5.965968153401086056e+02
1.100000000000000144e-01 1.510501696188145218e+02 5.965968153401109930e+02
1.200000000000000233e-01 1.450842014654134005e+02 5.965968153401097425e+02
1.300000000000000322e-01 1.391182333120123076e+02 5.965968153401086056e+02
1.400000000000000133e-01 1.331522651586112431e+02 5.965968153401086056e+02
1.500000000000000222e-01 1.271862970052101502e+02 5.965968153401086056e+02
1.600000000000000311e-01 1.212203288518090574e+02 5.965968153401086056e+02
1.700000000000000122e-01 1.152543606984079787e+02 5.965968153401086056e+02
1.800000000000000211e-01 1.092883925450068858e+02 5.965968153401097425e+02
1.900000000000000300e-01 1.033224243916057787e+02 5.965968153401097425e+02
2.000000000000000111e-01 9.735645623820468586e+01 5.965968153401086056e+02
2.100000000000000200e-01 9.139048808480360719e+01 5.965968153401091740e+02
2.200000000000000289e-01 8.542451993140250011e+01 5.965968153401091740e+02
2.300000000000000100e-01 7.945855177800142144e+01 5.965968153401097425e+02
2.400000000000000466e-01 7.349258362460031435e+01 5.965968153401097425e+02
2.500000000000000555e-01 6.752661547119922147e+01 5.965968153401091740e+02
2.600000000000000644e-01 6.156064731779812860e+01 5.965968153401091740e+02
2.700000000000000733e-01 5.559467916439704283e+01 5.965968153401086056e+02
2.800000000000000266e-01 4.962871101099595705e+01 5.965968153401091740e+02
2.900000000000000355e-01 4.366274285759485707e+01 5.965968153401091740e+02
3.000000000000000444e-01 3.769677470419377130e+01 5.965968153401080372e+02
3.099999999999999978e-01 3.173080655079269619e+01 5.965968153401090603e+02
3.200000000000000622e-01 2.576483839739158910e+01 4.797540784150962168e+02
3.300000000000000711e-01 2.213572498249077114e+01 3.128607991811558691e+02
3.400000000000000244e-01 1.950762241376846973e+01 2.780419606649509774e+02
3.500000000000000888e-01 1.657488576919175216e+01 2.888149346429155457e+02
3.600000000000000422e-01 1.373132372091015974e+01 2.704679040011455982e+02
3.700000000000000511e-01 1.116552768916883842e+01 2.405772508955080866e+02
3.800000000000000600e-01 8.919778702999996867e+00 2.067796338931547382e+02
3.900000000000000688e-01 7.029935011305743942e+00 1.732713600518983696e+02
4.000000000000000222e-01 5.454351501962030113e+00 1.429493772924367931e+02
4.100000000000000866e-01 4.170947465457007119e+00 1.163005245173091424e+02
4.200000000000000400e-01 3.128341011615847211e+00 9.476972507099107190e+01
4.300000000000000488e-01 2.275552964037185877e+00 8.007533924927932389e+01
4.400000000000000577e-01 1.526834226630260583e+00 7.170827196779995916e+01
4.500000000000000666e-01 8.413875246811866049e-01 6.566014848238303614e+01
4.600000000000000200e-01 2.136312569825998264e-01 5.828332209939075881e+01
4.700000000000000844e-01 -3.242789173066285557e-01 4.843019705569669497e+01
4.800000000000000933e-01 -7.549726841313341152e-01 3.670876847829565293e+01
4.900000000000000466e-01 -1.058454286872541728e+00 2.438605812231648073e+01
5.000000000000001110e-01 -1.242693846577663797e+00 1.279250205557680786e+01
5.100000000000000089e-01 -1.314304327984078036e+00 2.870345735257031183e+00
5.200000000000001288e-01 -1.300100761282804385e+00 -4.507188288511158270e+00
5.300000000000000266e-01 -1.224160562213854719e+00 -9.197525832764046783e+00
5.400000000000001465e-01 -1.116150244627523547e+00 -1.181284342324525838e+01
5.500000000000000444e-01 -9.879036937489495962e-01 -1.325539429305197991e+01
5.600000000000000533e-01 -8.510423587664838196e-01 -1.386433137698138651e+01
5.700000000000000622e-01 -7.106170662093219681e-01 -1.319570026039820831e+01
5.800000000000000711e-01 -5.871283535585196667e-01 -1.110754568549630861e+01
5.900000000000000799e-01 -4.884661524993957893e-01 -8.851531488047198692e+00
6.000000000000000888e-01 -4.100977237975756418e-01 -7.220788487145714640e+00
6.100000000000000977e-01 -3.440503827564814765e-01 -5.713235176125536441e+00
6.199999999999999956e-01 -2.958330202750649174e-01 -3.921073046378257487e+00
6.300000000000001155e-01 -2.656289218289162868e-01 -2.299143743910779136e+00
6.400000000000001243e-01 -2.498501453968493546e-01 -9.709612495781926311e-01
6.500000000000000222e-01 -2.462096968373524430e-01 2.288965950406812722e-01
6.600000000000001421e-01 -2.544280772976629801e-01 1.308037950022587381e+00
6.700000000000001510e-01 -2.723704558378042262e-01 2.049219250602410725e+00
6.800000000000000488e-01 -2.954124623097111879e-01 2.264187776961880783e+00
6.900000000000000577e-01 -3.176542113770418063e-01 2.271227726836417382e+00
7.000000000000001776e-01 -3.408370168464395222e-01 2.502761738149726245e+00
7.100000000000000755e-01 -3.677094461400363667e-01 3.071830621867770006e+00
7.200000000000000844e-01 -4.022736292837949534e-01 3.908041297509228240e+00
7.300000000000000933e-01 -4.458702720902208982e-01 4.613314421776176566e+00
7.400000000000001021e-01 -4.945399177193184892e-01 4.776137156698100128e+00
7.500000000000001110e-01 -5.413930152241829274e-01 4.468768383165865110e+00
7.600000000000001199e-01 -5.839152853826358180e-01 3.880818224507911918e+00
7.700000000000000178e-01 -6.190093797143411125e-01 2.992307731283271988e+00
7.800000000000001377e-01 -6.437614400083012667e-01 1.932868101472125844e+00
7.900000000000001465e-01 -6.576667417437837004e-01 1.054995554994087703e+00
8.000000000000000444e-01 -6.648613511081830074e-01 4.765560075755678193e-01
8.100000000000001643e-01 -6.671978618952950635e-01 -1.006443498698217781e-01
8.200000000000001732e-01 -6.628484641107865727e-01 -8.397615353170756469e-01
8.300000000000000711e-01 -6.504026311889534728e-01 -1.638071729558172818e+00
8.400000000000000799e-01 -6.300870295196231430e-01 -2.440359643157968605e+00
8.500000000000001998e-01 -6.015954383257940963e-01 -3.260115906133849162e+00
8.600000000000000977e-01 -5.648847113969460709e-01 -4.006032060494844949e+00
8.700000000000001066e-01 -5.214747971158972817e-01 -4.610734689548138476e+00
8.800000000000001155e-01 -4.726700176059833169e-01 -5.130589923858052792e+00
8.900000000000001243e-01 -4.188629986387361614e-01 -5.473234902979494443e+00
9.000000000000001332e-01 -3.632053195463934570e-01 -5.506519802713766509e+00
9.100000000000001421e-01 -3.087326025844608357e-01 -5.274817178671934670e+00
9.200000000000000400e-01 -2.577089759729547236e-01 -4.878316436193687267e+00
9.300000000000001599e-01 -2.111662738605870615e-01 -4.372412749362205808e+00
9.400000000000001688e-01 -1.702607209857106285e-01 -3.867723645785535957e+00
9.500000000000000666e-01 -1.338118009448763246e-01 -3.475353014853646894e+00
9.600000000000001865e-01 -1.007536606886376834e-01 -3.167948704293252149e+00
9.700000000000001954e-01 -7.045282685901128883e-02 -2.817072495308984514e+00
9.800000000000000933e-01 -4.441221078245798787e-02 -2.394485924252903519e+00
9.900000000000001021e-01 -2.256310837395321053e-02 -1.971899096691463793e+00
1.000000000000000222e+00 -4.974228848628708781e-03 -1.546003884103106962e+00
1.010000000000000231e+00 8.356969308108929545e-03 -1.117539812731306315e+00
1.020000000000000018e+00 1.737656740599742219e-02 -6.750405887600496868e-01
1.030000000000000027e+00 2.185778108330992467e-02 -2.751031959578825736e-01
1.040000000000000258e+00 2.287863132515507297e-02 -9.224230430094364566e-03
1.050000000000000266e+00 2.204226569191181095e-02 9.489955710558334312e-02
1.060000000000000053e+00 2.098064018304340514e-02 1.001918693616012102e-01
1.070000000000000062e+00 2.003842830467978536e-02 7.423618753172954443e-02
1.080000000000000293e+00 1.949591643240881564e-02 8.564730487938207459e-02
1.090000000000000080e+00 1.832548220709214609e-02 1.836891855421273201e-01
1.100000000000000089e+00 1.582213272156626771e-02 3.287188736863258520e-01
1.110000000000000098e+00 1.175110473336562697e-02 4.401761746647255835e-01
1.120000000000000107e+00 7.018609228271755103e-03 4.780441252581695832e-01
1.130000000000000115e+00 2.190222228202235236e-03 4.441136928138058604e-01
1.140000000000000124e+00 -1.863664628004361307e-03 3.598308106532089323e-01
1.150000000000000133e+00 -5.006393984861945076e-03 2.580449192980890372e-01
1.160000000000000142e+00 -7.024563013966142640e-03 -1.053709547851797990e-01
1.170000000000000151e+00 -2.898974889158348420e-03 -3.231026804844887579e-01
1.180000000000000160e+00 -5.625094042763668228e-04 -1.418228201897617780e-01
1.190000000000000169e+00 -6.251848536311315841e-05 -2.812547021381834114e-02
1.200000000000000178e+00 0.000000000000000000e+00 -6.251848536311316491e-03
