0.000000000000000000e+00 1.005457040000000052e+04 1.672763200000000070e+05
1.000000200000000262e-02 8.501385920000000624e+03 1.433556946666666772e+05
1.999999800000000494e-02 7.187442560000001322e+03 1.212746346666666650e+05
3.000000000000000583e-02 6.075921119999999974e+03 1.025888906666666735e+05
4.000000200000000672e-02 5.135650800000000345e+03 8.677685733333333337e+04
4.999999800000000383e-02 4.340356080000000475e+03 7.339782000000000698e+04
6.000000000000001166e-02 3.667711136000000806e+03 6.207710146666666697e+04
7.000000200000000561e-02 3.098825208000000202e+03 5.249853080000000045e+04
7.999999800000001660e-02 2.617740520000000288e+03 4.439433200000000215e+04
9.000000000000001055e-02 2.210938568000000487e+03 3.753787173333333340e+04
1.000000020000000045e-01 1.866984480000000076e+03 3.173724386666667124e+04
1.099999980000000155e-01 1.576196480000000065e+03 2.683017893333333632e+04
1.200000000000000233e-01 1.330382296000000224e+03 2.267923253333333196e+04
1.300000020000000311e-01 1.122609040000000050e+03 1.916808946666666816e+04
1.399999980000000144e-01 9.470191120000000637e+02 1.619828626666666787e+04
1.500000000000000222e-01 7.986461040000000366e+02 1.368663106666666681e+04
1.600000020000000300e-01 6.732892800000000761e+02 1.156248400000000038e+04
1.699999980000000133e-01 5.673964240000000245e+02 9.766362533333332976e+03
1.800000000000000211e-01 4.779592400000000225e+02 8.247570533333333515e+03
1.900000020000000289e-01 4.024430608000000120e+02 6.963549746666666579e+03
1.999999980000000122e-01 3.386901976000000332e+02 5.878066733333334014e+03
2.100000000000000200e-01 2.848818656000000260e+02 4.960543426666667074e+03
2.200000020000000278e-01 2.394791896000000406e+02 4.185087840000000142e+03
2.299999980000000388e-01 2.011801088000000277e+02 3.529789760000000115e+03
2.400000000000000466e-01 1.688833944000000145e+02 2.976114066666666986e+03
2.500000020000000545e-01 1.416576880000000074e+02 2.508384706666666716e+03
2.599999980000000654e-01 1.187159792000000209e+02 2.113324453333333167e+03
2.700000000000000733e-01 9.939133840000000930e+01 1.779706239999999980e+03
2.800000020000000256e-01 8.312185440000000369e+01 1.498046333333333450e+03
2.899999980000000366e-01 6.943055120000001068e+01 1.260297506666666777e+03
3.000000000000000444e-01 5.791576480000000515e+01 1.059667733333333217e+03
3.100000020000000522e-01 4.823691760000000528e+01 8.904109866666667585e+02
3.199999980000000632e-01 4.010740559999999988e+01 7.476668533333333926e+02
3.300000000000000711e-01 3.328376184000000393e+01 6.273196719999999686e+02
3.400000020000000789e-01 2.756101216000000420e+01 5.258925386666667237e+02
3.499999980000000344e-01 2.276589712000000176e+01 4.404454960000000483e+02
3.600000000000000422e-01 1.875210224000000281e+01 5.281498066666666773e+02
3.700000020000000500e-01 1.220288704000000202e+01 5.684333586666666633e+02
3.799999980000000610e-01 7.383421120000000393e+00 3.022361213333333012e+02
3.900000000000000688e-01 6.158178560000001411e+00 1.822410933333333105e+02
4.000000020000000767e-01 3.738604832000000489e+00 1.391598400000000026e+02
4.099999980000000321e-01 3.374985944000000071e+00 3.636188880000000268e+01
4.200000000000000400e-01 3.011367056000000098e+00 3.407345000000000113e+01
4.300000020000000478e-01 2.693516944000000191e+00 3.389423533333333438e+01
4.399999980000000588e-01 2.333483744000000470e+00 3.508500173333333549e+01
4.500000000000000666e-01 1.991818304000000150e+00 3.230278120000000541e+01
4.600000020000000744e-01 1.687428120000000309e+00 2.872901760000000237e+01
4.699999980000000854e-01 1.417237952000000245e+00 2.576346813333333685e+01
4.800000000000000933e-01 1.172160152000000233e+00 2.357014560000000358e+01
4.900000020000001011e-01 9.458350400000001823e-01 2.176147213333333497e+01
4.999999980000000566e-01 7.369321040000000878e-01 2.005705000000000027e+01
5.100000000000000089e-01 5.446940399999999904e-01 1.845102160000000069e+01
5.200000020000000722e-01 3.679091616000000342e-01 1.694338693333333268e+01
5.299999980000000832e-01 2.058268592000000174e-01 1.549872146666666772e+01
5.400000000000001465e-01 5.793459280000001071e-02 1.409185146666666810e+01
5.500000020000000989e-01 -7.601072800000001350e-02 1.271768640000000161e+01
5.599999980000001099e-01 -1.964187168000000039e-01 1.139777386666666636e+01
5.700000000000000622e-01 -3.039663448000000101e-01 1.015226679999999959e+01
5.800000020000000145e-01 -3.994640528000000246e-01 8.990509466666667393e+00
5.899999980000001365e-01 -4.837750000000000661e-01 7.897788133333333072e+00
6.000000000000000888e-01 -5.574217680000000952e-01 6.843141199999999813e+00
6.100000020000000411e-01 -6.206378240000001156e-01 5.812119920000000661e+00
6.199999980000001631e-01 -6.736616560000000531e-01 4.831599520000000147e+00
6.300000000000001155e-01 -7.172714880000000681e-01 3.935609866666666790e+00
6.400000020000000678e-01 -7.523752480000001075e-01 3.103349506666666979e+00
6.499999980000001898e-01 -7.793369440000000870e-01 2.293522360000000315e+00
6.600000000000001421e-01 -7.982444400000001661e-01 1.531553200000000059e+00
6.700000020000000944e-01 -8.099680080000001281e-01 8.797208666666667121e-01
6.799999980000001054e-01 -8.158381600000000899e-01 3.493172786666666751e-01
6.900000000000000577e-01 -8.169552880000000572e-01 -1.160118600000000083e-01
7.000000020000000100e-01 -8.135202240000001250e-01 -5.928267759999999997e-01
7.099999980000001321e-01 -8.050978320000001798e-01 -1.128543346666666780e+00
7.200000000000000844e-01 -7.909475440000001134e-01 -1.698899253333333359e+00
7.300000020000000367e-01 -7.711195680000001440e-01 -2.193190040000000174e+00
7.399999980000001587e-01 -7.470866720000001182e-01 -2.499730800000000031e+00
7.500000000000001110e-01 -7.211249520000000413e-01 -2.596681053333333544e+00
7.600000020000000633e-01 -6.951506800000001318e-01 -2.562344359999999988e+00
7.699999980000001853e-01 -6.698793200000001669e-01 -2.511704013333333485e+00
7.800000000000001377e-01 -6.449175760000001034e-01 -2.523321586666666505e+00
7.900000020000000900e-01 -6.194119120000000089e-01 -2.623005386666666716e+00
7.999999980000002120e-01 -5.924585840000000658e-01 -2.780853759999999841e+00
8.100000000000001643e-01 -5.637940000000000174e-01 -2.926812599999999875e+00
8.200000020000001166e-01 -5.339202400000000459e-01 -3.016259546666666846e+00
8.299999980000001276e-01 -5.034690880000000091e-01 -3.036928506666666916e+00
8.400000000000000799e-01 -4.731811120000000703e-01 -2.993003480000000049e+00
8.500000020000000323e-01 -4.436127840000000377e-01 -2.903988879999999995e+00
8.599999980000001543e-01 -4.151021712000000918e-01 -2.800002533333333155e+00
8.700000000000001066e-01 -3.876107808000000543e-01 -2.702759400000000145e+00
8.800000020000000589e-01 -3.610469832000000601e-01 -2.618263520000000177e+00
8.899999980000001809e-01 -3.352455104000000019e-01 -2.544959840000000195e+00
9.000000000000001332e-01 -3.101477864000000695e-01 -2.465394106666666918e+00
9.100000020000000855e-01 -2.859374888000000281e-01 -2.356205653333333316e+00
9.199999980000002076e-01 -2.630238128000000342e-01 -2.224897786666666821e+00
9.300000000000001599e-01 -2.414398120000000314e-01 -2.106030346666666553e+00
9.400000020000001122e-01 -2.209030664000000144e-01 -2.019428519999999949e+00
9.499999980000002342e-01 -2.010512416000000135e-01 -1.958718680000000267e+00
9.600000000000001865e-01 -1.817286928000000357e-01 -1.897771746666666814e+00
9.700000020000001388e-01 -1.630956672000000163e-01 -1.810563240000000240e+00
9.799999980000001498e-01 -1.455174280000000320e-01 -1.683411480000000182e+00
9.900000000000001021e-01 -1.294274376000000004e-01 -1.518917519999999799e+00
1.000000002000000165e+00 -1.151390776000000143e-01 -1.332520319999999980e+00
1.009999998000000065e+00 -1.027770312000000075e-01 -1.144038093333333395e+00
1.020000000000000018e+00 -9.225845520000001965e-02 -9.736446933333333664e-01
1.030000002000000192e+00 -8.330427680000000723e-02 -8.376437733333333968e-01
1.039999998000000092e+00 -7.550530080000000810e-02 -7.432527333333333042e-01
1.050000000000000266e+00 -6.843894320000000475e-02 -6.853078200000000120e-01
1.060000002000000219e+00 -6.179935360000000932e-02 -6.499913733333333443e-01
1.069999998000000119e+00 -5.543925520000000939e-02 -6.206315479999999773e-01
1.080000000000000293e+00 -4.938668080000000599e-02 -5.838172293333333540e-01
1.090000002000000245e+00 -4.376296640000000571e-02 -5.345931666666666748e-01
1.099999998000000145e+00 -3.869476168000000188e-02 -4.772849186666667243e-01
1.110000000000000320e+00 -3.421725408000000218e-02 -4.203504413333333800e-01
1.120000002000000272e+00 -3.028776680000000096e-02 -3.712742133333333250e-01
1.129999998000000172e+00 -2.679178376000000347e-02 -3.366439426666666956e-01
1.140000000000000124e+00 -2.355487400000000342e-02 -3.233834520000000157e-01
1.150000002000000077e+00 -2.032411472000000482e-02 -3.350596013333333456e-01
1.159999998000000199e+00 -1.685369592000000166e-02 -8.813177600000000611e-01
1.170000000000000151e+00 -2.697780440000000293e-03 -8.290247333333333746e-01
1.180000002000000103e+00 -2.732536928000000340e-04 -1.335567666666666597e-01
1.189999998000000225e+00 -2.664203840000000382e-05 -1.366264280000000116e-02
1.200000000000000178e+00 0.000000000000000000e+00 8.334388533333333959e-03
