0.000000000000000000e+00 2.326991031194430946e+02 5.325100300631504524e+02
1.000000000000000194e-02 2.273740028188115900e+02 5.325100300631504524e+02
2.000000000000000389e-02 2.220489025181800855e+02 5.325100300631504524e+02
3.000000000000000583e-02 2.167238022175485810e+02 5.325100300631515893e+02
4.000000000000000777e-02 2.113987019169170480e+02 5.325100300631528398e+02
5.000000000000000278e-02 2.060736016162855151e+02 5.325100300631504524e+02
6.000000000000001166e-02 2.007485013156540390e+02 5.325100300631504524e+02
7.000000000000000666e-02 1.954234010150225060e+02 5.325100300631515893e+02
8.000000000000001554e-02 1.900983007143910015e+02 5.325100300631515893e+02
9.000000000000001055e-02 1.847732004137594686e+02 5.325100300631515893e+02
1.000000000000000056e-01 1.794481001131279641e+02 5.325100300631504524e+02
1.100000000000000144e-01 1.741229998124964595e+02 5.325100300631515893e+02
1.200000000000000233e-01 1.687978995118649266e+02 5.325100300631515893e+02
1.300000000000000322e-01 1.634727992112334221e+02 5.325100300631504524e+02
1.400000000000000133e-01 1.581476989106019175e+02 5.325100300631504524e+02
1.500000000000000222e-01 1.528225986099704130e+02 5.325100300631515893e+02
1.600000000000000311e-01 1.474974983093388801e+02 5.325100300631515893e+02
1.700000000000000122e-01 1.421723980087073755e+02 5.325100300631504524e+02
1.800000000000000211e-01 1.368472977080758710e+02 5.325100300631504524e+02
1.900000000000000300e-01 1.315221974074443665e+02 5.325100300631504524e+02
2.000000000000000111e-01 1.261970971068128762e+02 5.325100300631515893e+02
2.100000000000000200e-01 1.208719968061813432e+02 5.325100300631515893e+02
2.200000000000000289e-01 1.155468965055498387e+02 5.325100300631504524e+02
2.300000000000000100e-01 1.102217962049183342e+02 5.325100300631515893e+02
2.400000000000000466e-01 1.048966959042868012e+02 5.325100300631515893e+02
2.500000000000000555e-01 9.957159560365529671e+01 5.325100300631515893e+02
2.600000000000000644e-01 9.424649530302377798e+01 5.325100300631515893e+02
2.700000000000000733e-01 8.892139500239227345e+01 5.325100300631504524e+02
2.800000000000000266e-01 8.359629470176076893e+01 5.325100300631510208e+02
2.900000000000000355e-01 7.827119440112925020e+01 5.325100300631515893e+02
3.000000000000000444e-01 7.294609410049773146e+01 5.325100300631498840e+02
3.099999999999999978e-01 6.762099379986625536e+01 5.325100300631504524e+02
3.200000000000000622e-01 6.229589349923472241e+01 5.325100300631528398e+02
3.300000000000000711e-01 5.697079319860319657e+01 5.325100300631513619e+02
3.400000000000000244e-01 5.164569289797169205e+01 5.325100300631513619e+02
3.500000000000000888e-01 4.632059259734016621e+01 5.325100300631510208e+02
3.600000000000000422e-01 4.099549229670867589e+01 5.325100300631510208e+02
3.700000000000000511e-01 3.567039199607714295e+01 5.325100300631510208e+02
3.800000000000000600e-01 3.034529169544565264e+01 4.005292858574397883e+02
3.900000000000000688e-01 2.765980627892834676e+01 2.992947967628402921e+02
4.000000000000000222e-01 2.435939576018884622e+01 3.615318707629396044e+02
4.100000000000000866e-01 2.042916886366955609e+01 3.738307381691628279e+02
4.200000000000000400e-01 1.688278099680558952e+01 3.339273168080791265e+02
4.300000000000000488e-01 1.375062252750797143e+01 2.883920680279719591e+02
4.400000000000000577e-01 1.111493963624614878e+01 2.431668582117107462e+02
4.500000000000000666e-01 8.887285363273756289e+00 2.075418660503476076e+02
4.600000000000000200e-01 6.964102315239196095e+00 1.805624692877814823e+02
4.700000000000000844e-01 5.276035977518127140e+00 1.583813436727181454e+02
4.800000000000000933e-01 3.796475441784832761e+00 1.393784355333321798e+02
4.900000000000000466e-01 2.488467266851483561e+00 1.230890549694982070e+02
5.000000000000001110e-01 1.334694342394868949e+00 1.085580095765484572e+02
5.100000000000000089e-01 3.173070753205141092e-01 9.510009828402324672e+01
5.200000000000001288e-01 -5.673076232855965850e-01 8.189727720569831604e+01
5.300000000000000266e-01 -1.320638468793452258e+00 6.819347434465770164e+01
5.400000000000001465e-01 -1.931177110178750711e+00 5.416657148907200536e+01
5.500000000000000444e-01 -2.403969898574892294e+00 4.105760735255922356e+01
5.600000000000000533e-01 -2.752329257229935155e+00 2.999368131397519477e+01
5.700000000000000622e-01 -3.003843524854396652e+00 2.127692430879994845e+01
5.800000000000000711e-01 -3.177867743405934142e+00 1.455284252934638012e+01
5.900000000000000799e-01 -3.294900375441323970e+00 9.160320202666197176e+00
6.000000000000000888e-01 -3.361074147459258032e+00 4.084578444197609848e+00
6.100000000000000977e-01 -3.376591944325276096e+00 -1.258242998059825757e+00
6.199999999999999956e-01 -3.335909287498061371e+00 -6.353386475551046964e+00
6.300000000000001155e-01 -3.249524214814255352e+00 -1.057136824184639678e+01
6.400000000000001243e-01 -3.124481922661133559e+00 -1.387241422134253455e+01
6.500000000000000222e-01 -2.972075930387404696e+00 -1.644369347196499476e+01
6.600000000000001421e-01 -2.795608053221833700e+00 -1.859199076543699647e+01
6.700000000000001510e-01 -2.600236115078664589e+00 -2.049455206822129583e+01
6.800000000000000488e-01 -2.385717011857407588e+00 -2.165743311431087292e+01
6.900000000000000577e-01 -2.167087452792447078e+00 -2.127385105368263041e+01
7.000000000000001776e-01 -1.960239990783755104e+00 -1.940223019991523401e+01
7.100000000000000755e-01 -1.779042848794142540e+00 -1.722546435344047211e+01
7.200000000000000844e-01 -1.615730703714945760e+00 -1.581572783570723217e+01
7.300000000000000933e-01 -1.462728292079997772e+00 -1.526002549739921044e+01
7.400000000000001021e-01 -1.310530193766961338e+00 -1.498338100122072980e+01
7.500000000000001110e-01 -1.163060672055583167e+00 -1.428223634813844178e+01
7.600000000000001199e-01 -1.024885466804192680e+00 -1.299620834731097041e+01
7.700000000000000178e-01 -9.031365051093637186e-01 -1.171704450011446319e+01
7.800000000000001377e-01 -7.905445768019032649e-01 -1.092315771684977754e+01
7.900000000000001465e-01 -6.846733507723682388e-01 -1.042182875790623697e+01
8.000000000000000444e-01 -5.821080016437785165e-01 -1.001201680756009793e+01
8.100000000000001643e-01 -4.844330146211662247e-01 -9.409746643843201142e+00
8.200000000000001732e-01 -3.939130687669145092e-01 -8.443230589619870941e+00
8.300000000000000711e-01 -3.155684028287688014e-01 -7.262223350175730729e+00
8.400000000000000799e-01 -2.486686017633998880e-01 -6.313403525535941085e+00
8.500000000000001998e-01 -1.893003323180499631e-01 -5.822637494445313422e+00
8.600000000000000977e-01 -1.322158518744936118e-01 -5.555910111630059767e+00
8.700000000000001066e-01 -7.818213008544876164e-02 -4.827514146665973449e+00
8.800000000000001155e-01 -3.566556894117415416e-02 -3.495196257128490913e+00
8.900000000000001243e-01 -8.278204942878940667e-03 -2.026204208390169015e+00
9.000000000000001332e-01 4.858515226629224817e-03 -8.188109712318736300e-01
9.100000000000001421e-01 8.098014481758531238e-03 4.170359298105368040e-02
9.200000000000000400e-01 4.024443367008151244e-03 4.270580962965089822e-01
9.300000000000001599e-01 -4.431474441716489149e-04 3.467714647754622237e-01
9.400000000000001688e-01 -2.910985928501094201e-03 7.206282324747247114e-02
9.500000000000000666e-01 -1.884403909121098487e-03 7.790615465789317573e-02
9.600000000000001865e-01 -4.469109021658958236e-03 5.927939387069797172e-01
9.700000000000001954e-01 -1.374028268326069405e-02 1.258461984835285374e+00
9.800000000000000933e-01 -2.963834871836466822e-02 1.640828999769236907e+00
9.900000000000001021e-01 -4.655686267864543593e-02 1.664875848810693171e+00
1.000000000000000222e+00 -6.293586569457854107e-02 1.537865086555413985e+00
1.010000000000000231e+00 -7.731416440975370785e-02 1.333064519623825550e+00
1.020000000000000018e+00 -8.959715608705505485e-02 9.801123295122978751e-01
1.030000000000000027e+00 -9.691641099999967479e-02 4.684946273327581512e-01
1.040000000000000258e+00 -9.896704863371021121e-02 -4.348583310419875531e-02
1.050000000000000266e+00 -9.604669433791569733e-02 -4.321724600563669472e-01
1.060000000000000053e+00 -9.032359943258287671e-02 -6.326201222900103005e-01
1.070000000000000062e+00 -8.339429189211548799e-02 -6.782146167886207166e-01
1.080000000000000293e+00 -7.675930709681046127e-02 -6.607702252688647526e-01
1.090000000000000080e+00 -7.017888738673819238e-02 -6.515092181314560138e-01
1.100000000000000089e+00 -6.372912273418133988e-02 -6.346398998427886795e-01
1.110000000000000098e+00 -5.748608938988242212e-02 -6.160550263886251932e-01
1.120000000000000107e+00 -5.140802220640883213e-02 -5.937168481329305747e-01
1.130000000000000115e+00 -4.561175242722381035e-02 -5.522759092898057443e-01
1.140000000000000124e+00 -4.036250402061271336e-02 -5.276736760726579156e-01
1.150000000000000133e+00 -3.505827890577065120e-02 -5.776651687023759418e-01
1.160000000000000142e+00 -2.880920064656519730e-02 -1.391801261070401363e+00
1.170000000000000151e+00 -7.222253684362618317e-03 -1.397657943365018918e+00
1.180000000000000160e+00 -8.560417792648167224e-04 -3.577137526718123794e-01
1.190000000000000169e+00 -6.797863092636969402e-05 -4.280208896324082940e-02
1.200000000000000178e+00 0.000000000000000000e+00 -6.797863092636968751e-03
