0.000000000000000000e+00 5.909596404613729828e+04 9.131688256008208264e+05
1.000000000000000194e-02 4.996427579012908973e+04 8.428373723921969067e+05
2.000000000000000389e-02 4.223921659829335113e+04 7.129906109504629858e+05
3.000000000000000583e-02 3.570446357111982798e+04 6.031141458554001292e+05
4.000000000000000777e-02 3.017693368118535000e+04 5.101392576370264287e+05
5.000000000000000278e-02 2.550167841837929882e+04 4.314685643374730134e+05
6.000000000000001166e-02 2.154756239443588856e+04 3.649036439601048478e+05
7.000000000000000666e-02 1.820360553917719881e+04 3.085837696848816704e+05
8.000000000000001554e-02 1.537588700073825567e+04 2.609340517182054173e+05
9.000000000000001055e-02 1.298492450481309061e+04 2.206215415773472050e+05
1.000000000000000056e-01 1.096345616919131317e+04 1.865180763294338831e+05
1.100000000000000144e-01 9.254562978224412291e+03 1.576688279860618350e+05
1.200000000000000233e-01 7.810079609470075411e+03 1.332656821225149615e+05
1.300000000000000322e-01 6.589249335774113206e+03 1.126247042688826768e+05
1.400000000000000133e-01 5.557585524092422020e+03 9.516706645312379987e+04
1.500000000000000222e-01 4.685908006711637427e+03 8.040290263308293652e+04
1.600000000000000311e-01 3.949527471430762944e+03 6.791764331831657910e+04
1.700000000000000122e-01 3.327555140345305517e+03 5.736044872453887365e+04
1.800000000000000211e-01 2.802318496939984925e+03 4.843441824582136178e+04
1.900000000000000300e-01 2.358866775428878100e+03 4.088830349968683004e+04
2.000000000000000111e-01 1.984552426946248488e+03 3.450949407536798390e+04
2.100000000000000200e-01 1.668676893921518285e+03 2.911808056172847500e+04
2.200000000000000289e-01 1.402190815711679079e+03 2.456182943564592279e+04
2.300000000000000100e-01 1.177440305208599966e+03 2.071192978948852033e+04
2.400000000000000466e-01 9.879522199219085223e+02 1.745939337488589081e+04
2.500000000000000555e-01 8.282524377108819635e+02 1.471200763792339239e+04
2.600000000000000644e-01 6.937120671634405653e+02 1.239175682489579958e+04
2.700000000000000733e-01 5.804173012129659810e+02 1.043263927678587243e+04
2.800000000000000266e-01 4.850592816277231805e+02 8.778820067765338536e+03
2.900000000000000355e-01 4.048408998576592239e+02 7.383067485587283954e+03
3.000000000000000444e-01 3.373979319159774946e+02 6.205429759911065958e+03
3.099999999999999978e-01 2.807323046594378866e+02 5.212115138593453594e+03
3.200000000000000622e-01 2.331556291441084170e+02 4.374544078199578507e+03
3.300000000000000711e-01 1.932414230954462937e+02 3.668547111226777815e+03
3.400000000000000244e-01 1.597846869195728345e+02 3.073686012360261429e+03
3.500000000000000888e-01 1.317677028482410435e+02 2.572679322553445672e+03
3.600000000000000422e-01 1.083311004685039194e+02 2.150916198551299658e+03
3.700000000000000511e-01 8.874937887721505092e+01 1.796045017661500879e+03
3.800000000000000600e-01 7.241020011527389499e+01 1.497625251700868148e+03
3.900000000000000688e-01 5.879687384319768739e+01 1.246832888148435813e+03
4.000000000000000222e-01 4.747354235230518071e+01 1.229473104252754183e+03
4.100000000000000866e-01 3.420741175814259805e+01 1.396248647926826607e+03
4.200000000000000400e-01 1.954856939376864844e+01 1.073567632426517321e+03
4.300000000000000488e-01 1.273605910961225085e+01 5.430814696587042363e+02
4.400000000000000577e-01 8.686940000594564282e+00 3.169701251893992549e+02
4.500000000000000666e-01 6.396656605824264652e+00 1.400930105244253525e+02
4.600000000000000200e-01 5.885079790106057196e+00 6.619491060709462715e+01
4.700000000000000844e-01 5.072758393682372358e+00 8.419744949290853242e+01
4.800000000000000933e-01 4.201130800247886654e+00 8.475566575257117563e+01
4.900000000000000466e-01 3.377645078630948650e+00 7.796067617188930399e+01
5.000000000000001110e-01 2.641917276810100468e+00 6.957409140059803576e+01
5.100000000000000089e-01 1.986163250618987908e+00 6.260378383743532993e+01
5.200000000000001288e-01 1.389841600061393789e+00 5.719192032810255455e+01
5.300000000000000266e-01 8.423248440569366391e-01 5.251989381717564243e+01
5.400000000000001465e-01 3.394437237178808409e-01 4.815571788164395173e+01
5.500000000000000444e-01 -1.207895135759424615e-01 4.388521312733895030e+01
5.600000000000000533e-01 -5.382605388288981274e-01 3.951791913019098246e+01
5.700000000000000622e-01 -9.111478961797621068e-01 3.497566654834189137e+01
5.800000000000000711e-01 -1.237773869795736115e+00 3.037676359322317765e+01
5.900000000000000799e-01 -1.518683168044225651e+00 2.606917240356217036e+01
6.000000000000000888e-01 -1.759157317866979486e+00 2.237802336792897506e+01
6.100000000000000977e-01 -1.966243635402805223e+00 1.919911889538888516e+01
6.199999999999999956e-01 -2.143139695774757048e+00 1.616103410608606694e+01
6.300000000000001155e-01 -2.289464317524526393e+00 1.310356002342327919e+01
6.400000000000001243e-01 -2.405210896243222596e+00 1.007614684410390282e+01
6.500000000000000222e-01 -2.490987254406604734e+00 7.125856589108980899e+00
6.600000000000001421e-01 -2.547728028025402214e+00 4.442068763184027880e+00
6.700000000000001510e-01 -2.579828629670285256e+00 2.286356878223257283e+00
6.800000000000000488e-01 -2.593455165589867661e+00 5.815909899354315682e-01
6.900000000000000577e-01 -2.591460449468993676e+00 -9.925431064024445860e-01
7.000000000000001776e-01 -2.573604303461818787e+00 -2.596105998298960937e+00
7.100000000000000755e-01 -2.539538329503014502e+00 -4.161857324321923457e+00
7.200000000000000844e-01 -2.490367156975380247e+00 -5.451401586468382909e+00
7.300000000000000933e-01 -2.430510297773647022e+00 -6.276366809922349965e+00
7.400000000000001021e-01 -2.364839820776932999e+00 -6.896263122087471942e+00
7.500000000000001110e-01 -2.292585035331897281e+00 -7.722199074332256608e+00
7.600000000000001199e-01 -2.210395839290288045e+00 -8.642051952334913523e+00
7.700000000000000178e-01 -2.119743996285199383e+00 -9.215792547468515394e+00
7.800000000000001377e-01 -2.026079988340917737e+00 -9.427360860078083604e+00
7.900000000000001465e-01 -1.931196779083637516e+00 -9.713164449686038537e+00
8.000000000000000444e-01 -1.831816699347196931e+00 -1.025697229255587217e+01
8.100000000000001643e-01 -1.726057333232519975e+00 -1.078304504029595812e+01
8.200000000000001732e-01 -1.616155798541277777e+00 -1.112547859896405278e+01
8.300000000000000711e-01 -1.503547761253239079e+00 -1.138270824023302907e+01
8.400000000000000799e-01 -1.388501633736617169e+00 -1.157152515334417231e+01
8.500000000000001998e-01 -1.272117258186355571e+00 -1.158376762037136665e+01
8.600000000000000977e-01 -1.156826281329189854e+00 -1.136093240901471191e+01
8.700000000000001066e-01 -1.044898610006061324e+00 -1.093863592464231971e+01
8.800000000000001155e-01 -9.380535628363433354e-01 -1.044783499277786554e+01
8.900000000000001243e-01 -8.359419101505040084e-01 -9.992676560613753978e+00
9.000000000000001332e-01 -7.382000316240683313e-01 -9.503686886854122662e+00
9.100000000000001421e-01 -6.458681724134215374e-01 -8.891870842896450355e+00
9.200000000000000400e-01 -5.603626147661392443e-01 -8.180684626863250486e+00
9.300000000000001599e-01 -4.822544798761564944e-01 -7.426524356335077570e+00
9.400000000000001688e-01 -4.118321276394377173e-01 -6.673387126690216498e+00
9.500000000000000666e-01 -3.487867373423521600e-01 -5.967457244067307265e+00
9.600000000000001865e-01 -2.924829827580915920e-01 -5.323881842048301394e+00
9.700000000000001954e-01 -2.423091005013860988e-01 -4.704285771283093887e+00
9.800000000000000933e-01 -1.983972673324297109e-01 -4.061381193872611206e+00
9.900000000000001021e-01 -1.610814766239338780e-01 -3.390849584905158309e+00
1.000000000000000222e+00 -1.305802756343265314e-01 -2.752761429205083932e+00
1.010000000000000231e+00 -1.060262480398321966e-01 -2.212021174341832985e+00
1.020000000000000018e+00 -8.633985214748987613e-02 -1.760167496233461693e+00
1.030000000000000027e+00 -7.082289811516297162e-02 -1.378653781968248726e+00
1.040000000000000258e+00 -5.876677650812489606e-02 -1.057773981686793929e+00
1.050000000000000266e+00 -4.966741848142708360e-02 -7.636231155168812235e-01
1.060000000000000053e+00 -4.349431419778726493e-02 -4.869767568993652596e-01
1.070000000000000062e+00 -3.992788334343978091e-02 -2.735814854168064914e-01
1.080000000000000293e+00 -3.802268448945114038e-02 -1.637244965424557996e-01
1.090000000000000080e+00 -3.665339341259066241e-02 -1.300521612467992472e-01
1.100000000000000089e+00 -3.542164126451514961e-02 -1.139245031259626534e-01
1.110000000000000098e+00 -3.437490335007140768e-02 -1.022699582474215219e-01
1.120000000000000107e+00 -3.337624209956672333e-02 -9.858904959366592002e-02
1.130000000000000115e+00 -3.240312235819808873e-02 -9.353719300038332296e-02
1.140000000000000124e+00 -3.150549823955905299e-02 -1.116857054377037306e-01
1.150000000000000133e+00 -3.016940824944401578e-02 -2.018700622744743489e-01
1.160000000000000142e+00 -2.746809699406956712e-02 -1.357005310877317017e+00
1.170000000000000151e+00 -3.029302031897674816e-03 -1.352912059964010094e+00
1.180000000000000160e+00 -4.098557947893635939e-04 -1.472574720683292038e-01
1.190000000000000169e+00 -8.415259053109046153e-05 -2.049278973946817850e-02
1.200000000000000178e+00 0.000000000000000000e+00 -8.415259053109046261e-03
