0.000000000000000000e+00 3.493709036000000197e+02 9.115024609333333956e+02
1.002000000000000113e-02 3.402558922400000370e+02 9.115024609333333956e+02
1.998000000000000470e-02 3.311408390400000599e+02 9.115024609333333956e+02
3.000000000000000583e-02 3.220258276800000772e+02 9.115024609333333956e+02
4.002000000000000002e-02 3.129108163200000376e+02 9.115024609333333956e+02
4.998000000000000359e-02 3.037957631200000037e+02 9.115024609333333956e+02
6.000000000000001166e-02 2.946807517600000210e+02 9.115024609333333956e+02
7.002000000000001279e-02 2.855657404000000383e+02 9.115024609333333956e+02
7.998000000000000942e-02 2.764506872000000044e+02 9.115024609333333956e+02
9.000000000000001055e-02 2.673356758400000217e+02 9.115024609333333956e+02
1.000200000000000117e-01 2.582206644800000390e+02 9.115024609333333956e+02
1.099800000000000083e-01 2.491056112800000335e+02 9.115024609333333956e+02
1.200000000000000233e-01 2.399905999200000508e+02 9.115024609333333956e+02
1.300200000000000244e-01 2.308755885600000113e+02 9.115024609333333956e+02
1.399800000000000211e-01 2.217605353600000342e+02 9.115024609333333956e+02
1.500000000000000222e-01 2.126455240000000231e+02 9.115024609333333956e+02
1.600200000000000233e-01 2.035305126400000120e+02 9.115024609333333956e+02
1.699800000000000200e-01 1.944155012800000293e+02 9.115024609333333956e+02
1.800000000000000211e-01 1.853004480800000238e+02 9.115024609333333956e+02
1.900200000000000222e-01 1.761854367200000127e+02 9.115024609333333956e+02
1.999800000000000189e-01 1.670704253600000300e+02 9.115024609333333956e+02
2.100000000000000200e-01 1.579553721600000245e+02 9.115024609333333956e+02
2.200200000000000489e-01 1.488403608000000133e+02 9.115024609333333956e+02
2.299800000000000177e-01 1.397253494400000022e+02 9.115024609333333956e+02
2.400000000000000466e-01 1.306102962399999967e+02 9.115024609333333956e+02
2.500200000000000200e-01 1.214952848800000140e+02 9.115024609333333956e+02
2.599800000000000444e-01 1.123802735200000171e+02 9.115024609333333956e+02
2.700000000000000733e-01 1.032652203200000116e+02 9.115024609333333956e+02
2.800200000000000466e-01 9.415020896000001471e+01 9.115024609333333956e+02
2.899800000000000710e-01 8.503519760000001781e+01 9.115024609333333956e+02
3.000000000000000444e-01 7.592014440000001230e+01 9.115024609333333956e+02
3.100200000000000733e-01 6.680513304000001540e+01 9.115024609333333956e+02
3.199800000000000422e-01 5.769012168000000429e+01 9.115024609333333956e+02
3.300000000000000711e-01 4.857506848000000588e+01 9.115024609333333956e+02
3.400200000000000444e-01 3.946005712000000898e+01 9.115024609333333956e+02
3.499800000000000688e-01 3.034504576000000142e+01 9.115024609333333956e+02
3.600000000000000422e-01 2.122999256000000301e+01 9.115024609333333956e+02
3.700200000000000711e-01 1.211498120000000256e+01 6.443580357333333950e+02
3.799800000000000400e-01 8.342854160000001684e+00 3.518735631999999782e+02
3.900000000000000688e-01 5.077493200000001039e+00 3.047520999999999844e+02
4.000200000000000422e-01 2.247812160000000059e+00 2.567385382666666942e+02
4.099800000000000666e-01 -5.723712000000000938e-02 2.029933846666666568e+02
4.200000000000000400e-01 -1.812048560000000030e+00 1.556200446666666721e+02
4.300200000000000689e-01 -3.169672880000000692e+00 1.198312243999999964e+02
4.399800000000000377e-01 -4.208685599999999916e+00 9.403344746666665799e+01
4.500000000000000666e-01 -5.050339040000000779e+00 7.667995879999999431e+01
4.600200000000000955e-01 -5.742288960000000664e+00 6.051110000000000610e+01
4.699800000000000644e-01 -6.260561040000000688e+00 4.578676720000000699e+01
4.800000000000000933e-01 -6.658041040000000521e+00 3.424081000000000330e+01
4.900200000000000666e-01 -6.945356320000000139e+00 2.695744226666666776e+01
4.999800000000000910e-01 -7.197149440000000453e+00 2.179257319999999964e+01
5.100000000000000089e-01 -7.381203600000000975e+00 1.286782226666666773e+01
5.200200000000000378e-01 -7.454507280000001401e+00 4.713345733333333953e+00
5.299800000000001177e-01 -7.475469120000001411e+00 -1.566071200000000108e+00
5.400000000000001465e-01 -7.423210960000001357e+00 -5.860807733333333935e+00
5.500200000000000644e-01 -7.358275280000000862e+00 -6.810715200000000635e+00
5.599800000000001443e-01 -7.286979920000001165e+00 -1.111144880000000157e+01
5.700000000000000622e-01 -7.136021200000000064e+00 -2.011186040000000119e+01
5.800200000000000911e-01 -6.884771999999999892e+00 -2.501767013333333267e+01
5.899800000000000599e-01 -6.635698480000001176e+00 -2.518461173333333392e+01
6.000000000000000888e-01 -6.381060240000000050e+00 -2.631526800000000321e+01
6.100200000000000067e-01 -6.109393120000000899e+00 -2.823251626666667136e+01
6.199800000000001976e-01 -5.816429440000001172e+00 -2.805727640000000278e+01
6.300000000000001155e-01 -5.548235040000000673e+00 -2.766195813333333220e+01
6.400200000000000333e-01 -5.263179120000000211e+00 -2.622280160000000038e+01
6.499800000000000022e-01 -5.023770640000000398e+00 -2.536431453333333508e+01
6.600000000000001421e-01 -4.755869120000000727e+00 -2.650187440000000194e+01
6.700200000000000600e-01 -4.493741520000000378e+00 -2.666637533333333110e+01
6.799800000000001399e-01 -4.222576480000000743e+00 -2.171684280000000200e+01
6.900000000000000577e-01 -4.059400479999999867e+00 -1.824942253333333397e+01
7.000200000000001976e-01 -3.857564320000000269e+00 -1.873413893333333391e+01
7.099800000000001665e-01 -3.684723280000000045e+00 -1.780159506666666758e+01
7.200000000000000844e-01 -3.501547760000000231e+00 -1.633077959999999962e+01
7.300200000000000022e-01 -3.358120240000000312e+00 -1.684032106666666806e+01
7.399800000000001932e-01 -3.164735760000000564e+00 -2.066868106666666804e+01
7.500000000000001110e-01 -2.944741040000000254e+00 -2.525155573333333336e+01
7.600200000000000289e-01 -2.659685120000000236e+00 -2.604114626666666510e+01
7.699800000000002198e-01 -2.423916720000000247e+00 -2.545196933333333433e+01
7.800000000000001377e-01 -2.150659680000000407e+00 -2.356031319999999951e+01
7.900200000000000555e-01 -1.952714639999999946e+00 -2.180679879999999926e+01
7.999800000000000244e-01 -1.714519520000000297e+00 -2.147772720000000035e+01
8.100000000000001643e-01 -1.523143360000000168e+00 -1.645915866666666716e+01
8.200200000000000822e-01 -1.385322400000000176e+00 -9.719292533333332429e+00
8.299800000000001621e-01 -1.328754720000000278e+00 -5.318282400000000187e+00
8.400000000000000799e-01 -1.278965120000000066e+00 -2.479647599999999841e+00
8.500200000000002198e-01 -1.279174320000000309e+00 3.794888000000000150e-01
8.599800000000001887e-01 -1.286580000000000279e+00 9.691538666666666968e-01
8.700000000000001066e-01 -1.298546240000000296e+00 1.245786000000000060e+00
8.800200000000000244e-01 -1.311474800000000274e+00 3.399848666666666741e+00
8.899800000000002154e-01 -1.366536240000000069e+00 4.924219333333333282e+00
9.000000000000001332e-01 -1.409966160000000190e+00 5.317654800000000570e+00
9.100200000000000511e-01 -1.472893520000000178e+00 6.686589866666667881e+00
9.199800000000002420e-01 -1.543686800000000137e+00 7.874357733333333442e+00
9.300000000000001599e-01 -1.630379280000000319e+00 8.865826266666667621e+00
9.400200000000000777e-01 -1.721004720000000043e+00 8.903621733333334731e+00
9.499800000000000466e-01 -1.808450320000000389e+00 6.553538666666666401e+00
9.600000000000001865e-01 -1.852089440000000087e+00 4.920244533333333337e+00
9.700200000000001044e-01 -1.906858000000000164e+00 4.192577199999999671e+00
9.799800000000001843e-01 -1.935936800000000124e+00 2.022336400000000367e+00
9.900000000000001021e-01 -1.947317280000000261e+00 -8.904946666666667399e-02
1.000020000000000131e+00 -1.934137680000000303e+00 -1.005206000000000044e+00
1.009980000000000100e+00 -1.927192240000000112e+00 -1.895073066666666861e+00
1.020000000000000018e+00 -1.896272480000000149e+00 -2.888633600000000357e+00
1.030020000000000158e+00 -1.869453040000000010e+00 -3.770202400000000065e+00
1.039980000000000127e+00 -1.820834960000000002e+00 -5.493382800000000010e+00
1.050000000000000266e+00 -1.759581200000000178e+00 -6.717411999999999495e+00
1.060020000000000184e+00 -1.686486720000000217e+00 -6.454029199999999911e+00
1.069980000000000153e+00 -1.630504800000000198e+00 -7.145714133333333606e+00
1.080000000000000293e+00 -1.543603119999999995e+00 -1.089123093333333259e+01
1.090020000000000211e+00 -1.412643920000000275e+00 -1.483492986666666802e+01
1.099980000000000180e+00 -1.246873840000000122e+00 -1.765592213333333405e+01
1.110000000000000320e+00 -1.059556160000000080e+00 -1.969394853333333373e+01
1.120020000000000238e+00 -8.529920800000000414e-01 -1.947247546666666551e+01
1.129980000000000206e+00 -6.701094400000000562e-01 -1.793283320000000103e+01
1.140000000000000124e+00 -4.943396000000000456e-01 -1.625497946666666493e+01
1.150020000000000264e+00 -3.450126400000000371e-01 -1.363112333333333304e+01
1.159980000000000233e+00 -2.217520000000000324e-01 -1.562242839999999866e+01
1.170000000000000151e+00 -3.255152000000000045e-02 -1.095747760000000071e+01
1.180020000000000069e+00 -2.594080000000000344e-03 -1.614187199999999933e+00
1.189980000000000260e+00 -2.510400000000000088e-04 -1.291461333333333295e-01
1.200000000000000178e+00 0.000000000000000000e+00 -2.608026666666667104e-02
