0.000000000000000000e+00 1.561182541009634406e+02 4.300320959265427518e+02
1.000000000000000194e-02 1.518179331416980062e+02 4.300320959265403644e+02
2.000000000000000389e-02 1.475176121824326287e+02 4.300320959265403644e+02
3.000000000000000583e-02 1.432172912231672228e+02 4.300320959265403644e+02
4.000000000000000777e-02 1.389169702639018453e+02 4.300320959265391707e+02
5.000000000000000278e-02 1.346166493046364394e+02 4.300320959265403644e+02
6.000000000000001166e-02 1.303163283453710335e+02 4.300320959265415581e+02
7.000000000000000666e-02 1.260160073861055992e+02 4.300320959265403644e+02
8.000000000000001554e-02 1.217156864268402217e+02 4.300320959265403644e+02
9.000000000000001055e-02 1.174153654675747873e+02 4.300320959265415581e+02
1.000000000000000056e-01 1.131150445083093814e+02 4.300320959265403644e+02
1.100000000000000144e-01 1.088147235490439755e+02 4.300320959265403644e+02
1.200000000000000233e-01 1.045144025897785838e+02 4.300320959265403644e+02
1.300000000000000322e-01 1.002140816305131779e+02 4.300320959265403644e+02
1.400000000000000133e-01 9.591376067124777194e+01 4.300320959265403644e+02
1.500000000000000222e-01 9.161343971198236602e+01 4.300320959265403644e+02
1.600000000000000311e-01 8.731311875271696010e+01 4.300320959265403644e+02
1.700000000000000122e-01 8.301279779345155418e+01 4.300320959265403644e+02
1.800000000000000211e-01 7.871247683418614827e+01 4.300320959265403644e+02
1.900000000000000300e-01 7.441215587492075656e+01 4.300320959265403644e+02
2.000000000000000111e-01 7.011183491565535064e+01 4.300320959265403644e+02
2.100000000000000200e-01 6.581151395638994472e+01 4.300320959265403644e+02
2.200000000000000289e-01 6.151119299712453881e+01 4.300320959265403644e+02
2.300000000000000100e-01 5.721087203785913289e+01 4.300320959265409897e+02
2.400000000000000466e-01 5.291055107859371986e+01 4.300320959265409897e+02
2.500000000000000555e-01 4.861023011932831395e+01 4.300320959265403644e+02
2.600000000000000644e-01 4.430990916006290803e+01 4.300320959265403644e+02
2.700000000000000733e-01 4.000958820079750922e+01 4.300320959265403644e+02
2.800000000000000266e-01 3.570926724153210330e+01 4.300320959265403644e+02
2.900000000000000355e-01 3.140894628226669738e+01 4.300320959265403644e+02
3.000000000000000444e-01 2.710862532300129502e+01 4.300320959265397960e+02
3.099999999999999978e-01 2.280830436373590331e+01 4.300320959265403644e+02
3.200000000000000622e-01 1.850798340447048673e+01 4.300320959265417287e+02
3.300000000000000711e-01 1.420766244520506838e+01 4.300320959265403644e+02
3.400000000000000244e-01 9.907341485939680226e+00 3.337089931649524033e+02
3.500000000000000888e-01 7.533482581906019604e+00 2.051574855166396389e+02
3.600000000000000422e-01 5.804191775606885706e+00 1.550812140151840595e+02
3.700000000000000511e-01 4.431858301602337846e+00 1.250424442468293478e+02
3.800000000000000600e-01 3.303342890670299070e+00 1.037192271451381345e+02
3.900000000000000688e-01 2.357473758699574873e+00 8.726052129084939679e+01
4.000000000000000222e-01 1.558132464853310806e+00 7.400855576263380442e+01
4.100000000000000866e-01 8.773026434468984558e-01 6.323601591478099238e+01
4.200000000000000400e-01 2.934121465576909338e-01 5.414128319246039922e+01
4.300000000000000488e-01 -2.055230204023096863e-01 4.588619980826408096e+01
4.400000000000000577e-01 -6.243118496075908963e-01 3.791692712024961054e+01
4.500000000000000666e-01 -9.638615628073020636e-01 2.997344072915677771e+01
4.600000000000000200e-01 -1.223780664190726508e+00 2.206201044036476588e+01
4.700000000000000844e-01 -1.405101771614597261e+00 1.451267454570456117e+01
4.800000000000000933e-01 -1.514034155104817536e+00 7.871998566509276429e+00
4.900000000000000466e-01 -1.562541742944782763e+00 2.721308924634829207e+00
5.000000000000001110e-01 -1.568460333597514245e+00 -6.296776534873077535e-01
5.100000000000000089e-01 -1.549948189875036686e+00 -2.294010806632187371e+00
5.200000000000001288e-01 -1.522580117464870542e+00 -2.765787964373093821e+00
5.300000000000000266e-01 -1.494632430587574889e+00 -2.709571503329119224e+00
5.400000000000001465e-01 -1.468388687398288095e+00 -2.682416292472201924e+00
5.500000000000000444e-01 -1.440984104738130878e+00 -2.934610067848735238e+00
5.600000000000000533e-01 -1.409696486041313479e+00 -3.512145298090308732e+00
5.700000000000000622e-01 -1.370741198776324499e+00 -4.251542746665937678e+00
5.800000000000000711e-01 -1.324665631107994734e+00 -4.769544180471761763e+00
5.900000000000000799e-01 -1.275350315166889459e+00 -4.762139327841020453e+00
6.000000000000000888e-01 -1.229422844551174121e+00 -4.161388659697407455e+00
6.100000000000000977e-01 -1.192122541972941319e+00 -2.972864896643181876e+00
6.199999999999999956e-01 -1.169965546618310537e+00 -1.241256430645279352e+00
6.300000000000001155e-01 -1.167297413360035563e+00 7.104334248861370327e-01
6.400000000000001243e-01 -1.184174215116033269e+00 2.238037174775234561e+00
6.500000000000000222e-01 -1.212058156855540414e+00 2.679800349023747863e+00
6.600000000000001421e-01 -1.237770222096508332e+00 1.858348938473020073e+00
6.700000000000001510e-01 -1.249225135625000815e+00 3.533063297144743188e-03
6.800000000000000488e-01 -1.237840883362451239e+00 -2.624891105646249390e+00
6.900000000000000577e-01 -1.196727313512075730e+00 -5.670827543400133841e+00
7.000000000000001776e-01 -1.124424332494448509e+00 -8.477186010453184650e+00
7.100000000000000755e-01 -1.027183593303012010e+00 -1.039995749539757242e+01
7.200000000000000844e-01 -9.164251825864970780e-01 -1.124591526909281924e+01
7.300000000000000933e-01 -8.022652879211555899e-01 -1.125460378225446689e+01
7.400000000000001021e-01 -6.913331069414077046e-01 -1.079174222002391659e+01
7.500000000000001110e-01 -5.864304435206773025e-01 -1.005595585534276459e+01
7.600000000000001199e-01 -4.902139898345523883e-01 -9.078215655317885435e+00
7.700000000000000178e-01 -4.048661304143195694e-01 -7.813070996983818794e+00
7.800000000000001377e-01 -3.339525698948759835e-01 -6.186007784909350882e+00
7.900000000000001465e-01 -2.811459747161325073e-01 -4.296232560537161405e+00
8.000000000000000444e-01 -2.480279186841327643e-01 -2.464186061829781504e+00
8.100000000000001643e-01 -2.318622534795369006e-01 -1.122176995508868957e+00
8.200000000000001732e-01 -2.255843787739553741e-01 -4.390212958709736046e-01
8.300000000000000711e-01 -2.230818275621174185e-01 -1.752566225016941592e-01
8.400000000000000799e-01 -2.220792463239215087e-01 6.399616150553048832e-02
8.500000000000001998e-01 -2.243617507922280319e-01 5.116007068734810259e-01
8.600000000000000977e-01 -2.323112604613911392e-01 1.144874790965304534e+00
8.700000000000001066e-01 -2.472592466115341170e-01 1.795469124619777368e+00
8.800000000000001155e-01 -2.682206429537866699e-01 2.287385756675168746e+00
8.900000000000001243e-01 -2.930069617450374864e-01 2.437993895140579514e+00
9.000000000000001332e-01 -3.169805208565982801e-01 2.213813201919804907e+00
9.100000000000001421e-01 -3.372832257834336156e-01 1.702894344123976778e+00
9.200000000000000400e-01 -3.510384077390777957e-01 1.033913702224424247e+00
9.300000000000001599e-01 -3.579614998279220806e-01 3.273227337117007862e-01
9.400000000000001688e-01 -3.575848624133118325e-01 -3.459712625992505397e-01
9.500000000000000666e-01 -3.510420745759370575e-01 -8.273814524785813029e-01
9.600000000000001865e-01 -3.410372333637401998e-01 -1.055563234056808186e+00
9.700000000000001954e-01 -3.299308098948008916e-01 -1.155561540270337417e+00
9.800000000000000933e-01 -3.179260025583334204e-01 -1.312428984706874191e+00
9.900000000000001021e-01 -3.036822302006634278e-01 -1.579087993095264597e+00
1.000000000000000222e+00 -2.863442426964281640e-01 -1.921554555165854605e+00
1.010000000000000231e+00 -2.652511390973463223e-01 -2.312509365773052217e+00
1.020000000000000018e+00 -2.400940553809670919e-01 -2.677272772170237403e+00
1.030000000000000027e+00 -2.117056836539415732e-01 -2.867358030680491332e+00
1.040000000000000258e+00 -1.827468947673572819e-01 -2.765745439929276905e+00
1.050000000000000266e+00 -1.563907748553560462e-01 -2.350214855586558738e+00
1.060000000000000053e+00 -1.357425976556261016e-01 -1.768370554925225546e+00
1.070000000000000062e+00 -1.210233637568515347e-01 -1.163760178850337779e+00
1.080000000000000293e+00 -1.124673940786193455e-01 -7.964302661240939551e-01
1.090000000000000080e+00 -1.050947584343696478e-01 -8.494354290797132556e-01
1.100000000000000089e+00 -9.547868549702506757e-02 -1.124979090434145235e+00
1.110000000000000098e+00 -8.259517662568674479e-02 -1.458989874494081684e+00
1.120000000000000107e+00 -6.629888800714343888e-02 -1.724469857541059303e+00
1.130000000000000115e+00 -4.810577947486556483e-02 -1.811771059677643514e+00
1.140000000000000124e+00 -3.006346681359056347e-02 -1.706572385424362182e+00
1.150000000000000133e+00 -1.397433176637831627e-02 -1.406266131156360899e+00
1.160000000000000142e+00 -1.938144190463344683e-03 -9.248176563494797664e-01
1.170000000000000151e+00 4.522021360611283222e-03 -1.384568193302473382e-01
1.180000000000000160e+00 8.309921961416022159e-04 2.225611767323402990e-01
1.190000000000000169e+00 7.079782596447646765e-05 4.154960980708011231e-02
1.200000000000000178e+00 0.000000000000000000e+00 7.079782596447646223e-03
