0.000000000000000000e+00 1.759583561840420884e+02 5.704169772469274449e+02
1.000000000000000194e-02 1.702541864115728174e+02 5.704169772469263080e+02
2.000000000000000389e-02 1.645500166391035748e+02 5.704169772469263080e+02
3.000000000000000583e-02 1.588458468666342753e+02 5.704169772469263080e+02
4.000000000000000777e-02 1.531416770941650327e+02 5.704169772469250574e+02
5.000000000000000278e-02 1.474375073216957901e+02 5.704169772469263080e+02
6.000000000000001166e-02 1.417333375492265191e+02 5.704169772469263080e+02
7.000000000000000666e-02 1.360291677767572480e+02 5.704169772469263080e+02
8.000000000000001554e-02 1.303249980042879770e+02 5.704169772469263080e+02
9.000000000000001055e-02 1.246208282318187344e+02 5.704169772469263080e+02
1.000000000000000056e-01 1.189166584593494633e+02 5.704169772469250574e+02
1.100000000000000144e-01 1.132124886868802349e+02 5.704169772469250574e+02
1.200000000000000233e-01 1.075083189144109497e+02 5.704169772469274449e+02
1.300000000000000322e-01 1.018041491419416786e+02 5.704169772469263080e+02
1.400000000000000133e-01 9.609997936947243602e+01 5.704169772469263080e+02
1.500000000000000222e-01 9.039580959700315077e+01 5.704169772469263080e+02
1.600000000000000311e-01 8.469163982453390815e+01 5.704169772469250574e+02
1.700000000000000122e-01 7.898747005206465133e+01 5.704169772469263080e+02
1.800000000000000211e-01 7.328330027959538029e+01 5.704169772469263080e+02
1.900000000000000300e-01 6.757913050712612346e+01 5.704169772469257396e+02
2.000000000000000111e-01 6.187496073465685953e+01 5.704169772469263080e+02
2.100000000000000200e-01 5.617079096218760270e+01 5.704169772469259669e+02
2.200000000000000289e-01 5.046662118971834587e+01 5.704169772469259669e+02
2.300000000000000100e-01 4.476245141724908194e+01 5.704169772469268764e+02
2.400000000000000466e-01 3.905828164477980380e+01 5.704169772469268764e+02
2.500000000000000555e-01 3.335411187231053987e+01 5.704169772469259669e+02
2.600000000000000644e-01 2.764994209984128304e+01 5.704169772469259669e+02
2.700000000000000733e-01 2.194577232737202266e+01 5.704169772469260806e+02
2.800000000000000266e-01 1.624160255490276228e+01 5.704169772469259669e+02
2.900000000000000355e-01 1.053743278243350012e+01 5.704169772469259669e+02
3.000000000000000444e-01 4.833263009964240631e+00 3.730307029881248013e+02
3.099999999999999978e-01 3.076818722671003759e+00 1.499488300893457335e+02
3.200000000000000622e-01 1.834286408177325578e+00 1.105716985885689212e+02
3.300000000000000711e-01 8.653847508996252991e-01 8.699368415474539518e+01
3.400000000000000244e-01 9.441272508241750627e-02 6.919355602638326275e+01
3.500000000000000888e-01 -5.184863696280402889e-01 5.514748425499363549e+01
3.600000000000000422e-01 -1.008536960017455186e+00 4.378280443612437978e+01
3.700000000000000511e-01 -1.394142458350527969e+00 3.370378742384482251e+01
3.800000000000000600e-01 -1.682612708494351628e+00 2.405888176073344908e+01
3.900000000000000688e-01 -1.875320093565197022e+00 1.610525586850338442e+01
4.000000000000000222e-01 -2.004717825864419378e+00 1.126201347871335301e+01
4.100000000000000866e-01 -2.100560363139464037e+00 8.744128108779978703e+00
4.200000000000000400e-01 -2.179600388040018988e+00 7.077316604198013117e+00
4.300000000000000488e-01 -2.242106695223424317e+00 5.556849794457485281e+00
4.400000000000000577e-01 -2.290737383929168924e+00 4.168776345595290422e+00
4.500000000000000666e-01 -2.325482222135330179e+00 2.873055556474725325e+00
4.600000000000000200e-01 -2.348198495058663404e+00 1.344732771157613582e+00
4.700000000000000844e-01 -2.352376877558482349e+00 -5.927406384405219386e-01
4.800000000000000933e-01 -2.336343682289852897e+00 -2.643523480736350351e+00
4.900000000000000466e-01 -2.299506407943755271e+00 -4.408865837505397067e+00
5.000000000000001110e-01 -2.248166365539745026e+00 -5.607539628238126461e+00
5.100000000000000089e-01 -2.187355615378992812e+00 -6.295481363387807505e+00
5.200000000000001288e-01 -2.122256738271988574e+00 -6.686921166045342702e+00
5.300000000000000266e-01 -2.053617192058085905e+00 -7.041537957375909151e+00
5.400000000000001465e-01 -1.981425979124470382e+00 -7.388248616593122264e+00
5.500000000000000444e-01 -1.905852219726223540e+00 -7.627243772921358911e+00
5.600000000000000533e-01 -1.828881103666043284e+00 -7.623949282127679972e+00
5.700000000000000622e-01 -1.753373234083669852e+00 -7.386556813945571953e+00
5.800000000000000711e-01 -1.681149967387131738e+00 -6.969904867091361922e+00
5.900000000000000799e-01 -1.613975136741842675e+00 -6.533069996356053011e+00
6.000000000000000888e-01 -1.550488567460010847e+00 -6.329762146082474672e+00
6.100000000000000977e-01 -1.487379893820193200e+00 -6.441302650141135011e+00
6.199999999999999956e-01 -1.421662514457188164e+00 -6.615633726927972802e+00
6.300000000000001155e-01 -1.355067219281633761e+00 -6.627176645488068729e+00
6.400000000000001243e-01 -1.289118981547426657e+00 -6.430080299285673817e+00
6.500000000000000222e-01 -1.226465613295920187e+00 -6.096710575904263685e+00
6.600000000000001421e-01 -1.167184770029341401e+00 -5.721833015084624385e+00
6.700000000000001510e-01 -1.112028952994227771e+00 -5.314537521155178190e+00
6.800000000000000488e-01 -1.060894019606237748e+00 -4.901488078517352243e+00
6.900000000000000577e-01 -1.013999191423880619e+00 -4.522844996979245913e+00
7.000000000000001776e-01 -9.704371196666529142e-01 -4.222223630208134182e+00
7.100000000000000755e-01 -9.295547188197179622e-01 -4.035717472683340468e+00
7.200000000000000844e-01 -8.897227702129860694e-01 -3.954573675107040831e+00
7.300000000000000933e-01 -8.504632453175772211e-01 -3.887286084248108065e+00
7.400000000000001021e-01 -8.119770485280238814e-01 -3.778047945343713021e+00
7.500000000000001110e-01 -7.749022864107029118e-01 -3.618972952571600565e+00
7.600000000000001199e-01 -7.395975894765919323e-01 -3.407610154032707950e+00
7.700000000000000178e-01 -7.067500833300487395e-01 -3.132741569901435597e+00
7.800000000000001377e-01 -6.769427580785631893e-01 -2.857936804622258187e+00
7.900000000000001465e-01 -6.495913472376035891e-01 -2.654269002113462061e+00
8.000000000000000444e-01 -6.238573780362939303e-01 -2.537746767390677949e+00
8.100000000000001643e-01 -5.988364118897899768e-01 -2.484120507872805028e+00
8.200000000000001732e-01 -5.741749678788378164e-01 -2.479394751649341977e+00
8.300000000000000711e-01 -5.492485168568032039e-01 -2.513015049164229797e+00
8.400000000000000799e-01 -5.239146668955532160e-01 -2.539423922404394407e+00
8.500000000000001998e-01 -4.984600384087152780e-01 -2.515186245327854397e+00
8.600000000000000977e-01 -4.736109419889961147e-01 -2.443460959810523470e+00
8.700000000000001066e-01 -4.495908192125048219e-01 -2.353465145705223360e+00
8.800000000000001155e-01 -4.265416390748916764e-01 -2.267908592493913300e+00
8.900000000000001243e-01 -4.042326473626265404e-01 -2.194977532668567655e+00
9.000000000000001332e-01 -3.826420884215203100e-01 -2.127882460067148873e+00
9.100000000000001421e-01 -3.616749981612835674e-01 -2.076964319213951082e+00
9.200000000000000400e-01 -3.411028020372413039e-01 -2.038284718920551963e+00
9.300000000000001599e-01 -3.209093037828725237e-01 -2.002665003452621661e+00
9.400000000000001688e-01 -3.010495019681888595e-01 -1.961232808213031253e+00
9.500000000000000666e-01 -2.816846476186118942e-01 -1.917252772089605095e+00
9.600000000000001865e-01 -2.627044465263967399e-01 -1.875868859819200374e+00
9.700000000000001954e-01 -2.441672704222278834e-01 -1.825132366807996176e+00
9.800000000000000933e-01 -2.262017991902368352e-01 -1.755558521941814609e+00
9.900000000000001021e-01 -2.090560999833916134e-01 -1.678364604321312736e+00
1.000000000000000222e+00 -1.926345071038105816e-01 -1.608547256379334156e+00
1.010000000000000231e+00 -1.768851548558049158e-01 -1.541843571485664421e+00
1.020000000000000018e+00 -1.617976356740972732e-01 -1.464310374936731662e+00
1.030000000000000027e+00 -1.475989473570702981e-01 -1.383225984941268472e+00
1.040000000000000258e+00 -1.341331159752719160e-01 -1.310040724261591238e+00
1.050000000000000266e+00 -1.213981328718384545e-01 -1.245666741781986664e+00
1.060000000000000053e+00 -1.092197811396321827e-01 -1.185596045227931050e+00
1.070000000000000062e+00 -9.768621196727983458e-02 -1.127120191176687936e+00
1.080000000000000293e+00 -8.667737731609842511e-02 -1.071296157730920573e+00
1.090000000000000080e+00 -7.626028881266141979e-02 -1.010045702198582696e+00
1.100000000000000089e+00 -6.647646327212676509e-02 -9.403226684727528095e-01
1.110000000000000098e+00 -5.745383544320636915e-02 -8.681589173719754804e-01
1.120000000000000107e+00 -4.911328492468725743e-02 -8.031527236395754610e-01
1.130000000000000115e+00 -4.139078097041485466e-02 -7.509494221476696874e-01
1.140000000000000124e+00 -3.409429648173385730e-02 -7.078504066706540199e-01
1.150000000000000133e+00 -2.723377283700177329e-02 -6.641794609344054967e-01
1.160000000000000142e+00 -2.081070726304574958e-02 -1.052646430588622284e+00
1.170000000000000151e+00 -6.180844225229322614e-03 -1.008796296707923368e+00
1.180000000000000160e+00 -6.347813288872782575e-04 -3.066304167139475290e-01
1.190000000000000169e+00 -4.823589095037221643e-05 -3.173906644436391006e-02
1.200000000000000178e+00 0.000000000000000000e+00 -4.823589095037221670e-03
