0.000000000000000000e+00 7.562688457346724817e+02 2.873174355881712472e+03
1.000000000000000194e-02 7.275371021758553525e+02 2.873174355881712472e+03
2.000000000000000389e-02 6.988053586170382232e+02 2.873174355881707925e+03
3.000000000000000583e-02 6.700736150582212076e+02 2.873174355881707925e+03
4.000000000000000777e-02 6.413418714994040783e+02 2.873174355881712472e+03
5.000000000000000278e-02 6.126101279405869491e+02 2.873174355881717474e+03
6.000000000000001166e-02 5.838783843817697061e+02 2.873174355881712472e+03
7.000000000000000666e-02 5.551466408229526905e+02 2.873174355881712472e+03
8.000000000000001554e-02 5.264148972641354476e+02 2.873174355881712472e+03
9.000000000000001055e-02 4.976831537053184320e+02 2.873174355881712472e+03
1.000000000000000056e-01 4.689514101465012459e+02 2.873174355881717474e+03
1.100000000000000144e-01 4.402196665876841166e+02 2.873174355881712472e+03
1.200000000000000233e-01 4.114879230288669874e+02 2.873174355881712472e+03
1.300000000000000322e-01 3.827561794700498581e+02 2.873174355881709744e+03
1.400000000000000133e-01 3.540244359112327857e+02 2.873174355881709744e+03
1.500000000000000222e-01 3.252926923524156564e+02 2.873174355881712472e+03
1.600000000000000311e-01 2.965609487935985271e+02 2.873174355881712472e+03
1.700000000000000122e-01 2.678292052347813978e+02 2.873174355881712472e+03
1.800000000000000211e-01 2.390974616759642402e+02 2.873174355881712472e+03
1.900000000000000300e-01 2.103657181171471109e+02 2.873174355881711108e+03
2.000000000000000111e-01 1.816339745583300100e+02 2.873174355881711108e+03
2.100000000000000200e-01 1.529022309995129092e+02 2.873174355881712472e+03
2.200000000000000289e-01 1.241704874406957657e+02 2.873174355881712472e+03
2.300000000000000100e-01 9.543874388187863644e+01 2.873174355881717020e+03
2.400000000000000466e-01 6.670700032306143612e+01 2.873174355881716110e+03
2.500000000000000555e-01 3.797525676424431396e+01 2.873174355881712017e+03
2.600000000000000644e-01 9.243513205427190016e+00 1.718024249125265897e+03
2.700000000000000733e-01 3.614771781738990608e+00 4.214907805397014613e+02
2.800000000000000266e-01 8.136975946331608256e-01 2.183380802333290660e+02
2.900000000000000355e-01 -7.519898229275904233e-01 1.187962162895689175e+02
3.000000000000000444e-01 -1.562226731158217641e+00 5.337762804710822451e+01
3.099999999999999978e-01 -1.819542383869754865e+00 5.341888070773535446e+00
3.200000000000000622e-01 -1.669064492573688385e+00 -2.667797823978225580e+01
3.300000000000000711e-01 -1.285982819074109829e+00 -3.627354615808143734e+01
3.400000000000000244e-01 -9.435935694120595185e-01 -2.211339889536697001e+01
3.500000000000000888e-01 -8.437148411667704240e-01 -1.117823913955328763e+00
3.600000000000000422e-01 -9.212370911329529344e-01 6.495968927375073143e+00
3.700000000000000511e-01 -9.736342197142718868e-01 2.625550185070540277e+00
3.800000000000000600e-01 -9.737480948343637532e-01 7.662142055711690380e-01
3.900000000000000688e-01 -9.889585038256952787e-01 3.896864093359267756e+00
4.000000000000000222e-01 -1.051685376701549046e+00 7.568795908228366898e+00
4.100000000000000866e-01 -1.140334421990262692e+00 9.361342652893849703e+00
4.200000000000000400e-01 -1.238912229759426165e+00 9.631653966336983785e+00
4.300000000000000488e-01 -1.332967501317002368e+00 8.583471217117379481e+00
4.400000000000000577e-01 -1.410581654101773719e+00 5.732490957934112785e+00
4.500000000000000666e-01 -1.447617320475684588e+00 6.723416493332751154e-01
4.600000000000000200e-01 -1.424028487088439210e+00 -5.660039593948794412e+00
4.700000000000000844e-01 -1.334416528596708673e+00 -1.130556418753446835e+01
4.800000000000000933e-01 -1.197917203337749870e+00 -1.469058389961689137e+01
4.900000000000000466e-01 -1.040604850604370801e+00 -1.565675836133466348e+01
5.000000000000001110e-01 -8.847820361110564358e-01 -1.492741078606553451e+01
5.100000000000000089e-01 -7.420566348830600623e-01 -1.331809843396908377e+01
5.200000000000001288e-01 -6.184200674316747692e-01 -1.144272614129229382e+01
5.300000000000000266e-01 -5.132021120572142214e-01 -9.736370426716456805e+00
5.400000000000001465e-01 -4.236926588973456420e-01 -8.462458112304735991e+00
5.500000000000000444e-01 -3.439529498111195127e-01 -7.420595445945685320e+00
5.600000000000000533e-01 -2.752807499784318823e-01 -6.245628233183477818e+00
5.700000000000000622e-01 -2.190403851474499175e-01 -4.873893585940413331e+00
5.800000000000000711e-01 -1.778028782596236257e-01 -3.501212205647478815e+00
5.900000000000000799e-01 -1.490161410345003379e-01 -2.467544867338605563e+00
6.000000000000000888e-01 -1.284519809128515100e-01 -2.116829018206521695e+00
6.100000000000000977e-01 -1.066795606703699051e-01 -2.457353029485649820e+00
6.199999999999999956e-01 -7.930492032313850304e-02 -3.215264670481264631e+00
6.300000000000001155e-01 -4.237426726074461358e-02 -3.987360391889475331e+00
6.400000000000001243e-01 4.422875146510066280e-04 -4.272631210584596495e+00
6.500000000000000222e-01 4.307835695094731215e-02 -3.763630469339390938e+00
6.600000000000001421e-01 7.571489690143883011e-02 -2.559622810934411241e+00
6.700000000000001510e-01 9.427081316963553670e-02 -1.064130378796224408e+00
6.800000000000000488e-01 9.699750447736332770e-02 2.657598967085498809e-01
6.900000000000000577e-01 8.895561523546453853e-02 1.104834999238759163e+00
7.000000000000001776e-01 7.490080449258813833e-02 1.409595579222910233e+00
7.100000000000000755e-01 6.076370365100632748e-02 1.271276766814283921e+00
7.200000000000000844e-01 4.947526915630245936e-02 8.731351956321409258e-01
7.300000000000000933e-01 4.330099973836350896e-02 4.659702780184039606e-01
7.400000000000001021e-01 4.015586359593438515e-02 1.577626743342511462e-01
7.500000000000001110e-01 4.014574625167848659e-02 -4.909377059035400365e-02
7.600000000000001199e-01 4.113773900774145981e-02 -4.374631080843097847e-02
7.700000000000000178e-01 4.102067246784710935e-02 2.141933323859364358e-01
7.800000000000001377e-01 3.685387236002272970e-02 5.653255160560509696e-01
7.900000000000001465e-01 2.971416214672608497e-02 8.131993914803861134e-01
8.000000000000000444e-01 2.058988453041500979e-02 9.489431644818785427e-01
8.100000000000001643e-01 1.073529885708851377e-02 1.062138306345185468e+00
8.200000000000001732e-01 -6.528815964887034950e-04 1.163864831229997288e+00
8.300000000000000711e-01 -1.254199776751143726e-02 1.169845827524157444e+00
8.400000000000000799e-01 -2.404979814697185206e-02 1.057354196934770396e+00
8.500000000000001998e-01 -3.368908170620684567e-02 9.045351476876511976e-01
8.600000000000000977e-01 -4.214050110072487670e-02 8.008642033178602349e-01
8.700000000000001066e-01 -4.970636577256404981e-02 7.821501340760131926e-01
8.800000000000001155e-01 -5.778350378224514361e-02 8.663060199004447570e-01
8.900000000000001243e-01 -6.703248617057294689e-02 1.017096922610317700e+00
9.000000000000001332e-01 -7.812544223445150315e-02 1.120550104633609045e+00
9.100000000000001421e-01 -8.944348826324512169e-02 1.036877199257475235e+00
9.200000000000000400e-01 -9.886298621960100397e-02 7.144137008426424407e-01
9.300000000000001599e-01 -1.037317622800979777e-01 2.206055336478870144e-01
9.400000000000001688e-01 -1.032750968925587459e-01 -2.845527036295519840e-01
9.500000000000000666e-01 -9.804070820750693249e-02 -6.499747670198627869e-01
9.600000000000001865e-01 -9.027560155216149407e-02 -8.005775477889889302e-01
9.700000000000001954e-01 -8.202915725172715833e-02 -7.792752317564443088e-01
9.800000000000000933e-01 -7.469009691703260012e-02 -6.882082799930647754e-01
9.900000000000001021e-01 -6.826499165186586393e-02 -6.226129673398124176e-01
1.000000000000000222e+00 -6.223783757023635538e-02 -6.022083770593978924e-01
1.010000000000000231e+00 -5.622082411067789998e-02 -6.130070114703671802e-01
1.020000000000000018e+00 -4.997769734082901233e-02 -6.412839978237815375e-01
1.030000000000000027e+00 -4.339514415420227256e-02 -6.803791118751251199e-01
1.040000000000000258e+00 -3.637011510332650854e-02 -6.963098777682782403e-01
1.050000000000000266e+00 -2.946894659883670525e-02 -6.709622996848819687e-01
1.060000000000000053e+00 -2.295086910962887070e-02 -5.787164538265551217e-01
1.070000000000000062e+00 -1.789461752230560310e-02 -4.172243723622784395e-01
1.080000000000000293e+00 -1.460638166238330260e-02 -2.326456964140311279e-01
1.090000000000000080e+00 -1.324170359402498075e-02 -7.518515169926930086e-02
1.100000000000000089e+00 -1.310267862839791658e-02 3.109660775971218385e-02
1.110000000000000098e+00 -1.386363574921922401e-02 8.300625042076990867e-02
1.120000000000000107e+00 -1.476280363681331358e-02 1.034120943528667041e-01
1.130000000000000115e+00 -1.593187763627655976e-02 1.249769821460115643e-01
1.140000000000000124e+00 -1.726234327973354479e-02 1.307512893700907564e-01
1.150000000000000133e+00 -1.854690342367837363e-02 6.748691285772112636e-02
1.160000000000000142e+00 -1.861208153688796718e-02 -7.011305177609095107e-01
1.170000000000000151e+00 -4.524293068460180645e-03 -9.014888062550923120e-01
1.180000000000000160e+00 -5.823054117861189592e-04 -2.238409876088456318e-01
1.190000000000000169e+00 -4.747331628326751149e-05 -2.911527058930594644e-02
1.200000000000000178e+00 0.000000000000000000e+00 -4.747331628326750472e-03
