0.000000000000000000e+00 3.720750867200000584e+02 1.287208506533333320e+03
1.002000000000000113e-02 3.592030107200000657e+02 1.287208506533333320e+03
1.998000000000000470e-02 3.463309347200000730e+02 1.287208506533333320e+03
3.000000000000000583e-02 3.334588587200000802e+02 1.287208506533333320e+03
4.002000000000000002e-02 3.205867408800000362e+02 1.287208506533333320e+03
4.998000000000000359e-02 3.077146648800000435e+02 1.287208506533333320e+03
6.000000000000001166e-02 2.948425888800000507e+02 1.287208506533333320e+03
7.002000000000001279e-02 2.819705128800000580e+02 1.287208506533333320e+03
7.998000000000000942e-02 2.690983950400000708e+02 1.287208506533333320e+03
9.000000000000001055e-02 2.562263190400000212e+02 1.287208506533333320e+03
1.000200000000000117e-01 2.433542430400000001e+02 1.287208506533333320e+03
1.099800000000000083e-01 2.304821670400000073e+02 1.287208506533333320e+03
1.200000000000000233e-01 2.176100910400000146e+02 1.287208506533333320e+03
1.300200000000000244e-01 2.047379732000000274e+02 1.287208506533333320e+03
1.399800000000000211e-01 1.918658972000000063e+02 1.287208506533333320e+03
1.500000000000000222e-01 1.789938212000000135e+02 1.287208506533333320e+03
1.600200000000000233e-01 1.661217452000000208e+02 1.287208506533333320e+03
1.699800000000000200e-01 1.532496692000000280e+02 1.287208506533333320e+03
1.800000000000000211e-01 1.403775513600000124e+02 1.287208506533333320e+03
1.900200000000000222e-01 1.275054753600000197e+02 1.287208506533333320e+03
1.999800000000000189e-01 1.146333993599999985e+02 1.287208506533333320e+03
2.100000000000000200e-01 1.017613233600000058e+02 1.287208506533333320e+03
2.200200000000000489e-01 8.888920552000000441e+01 1.287208506533333320e+03
2.299800000000000177e-01 7.601712952000001167e+01 1.287208506533333320e+03
2.400000000000000466e-01 6.314505352000000471e+01 1.287208506533333320e+03
2.500200000000000200e-01 5.027297752000000486e+01 1.287208506533333320e+03
2.599800000000000444e-01 3.740090152000000501e+01 1.287208506533333320e+03
2.700000000000000733e-01 2.452878368000000364e+01 1.287208506533333320e+03
2.800200000000000466e-01 1.165670768000000024e+01 9.005136033333334353e+02
2.899800000000000710e-01 6.518546480000001253e+00 4.541689462666666941e+02
3.000000000000000444e-01 2.573327360000000397e+00 3.279243471999999997e+02
3.100200000000000733e-01 -3.995720000000000521e-02 2.267689646666666761e+02
3.199800000000000422e-01 -1.962044960000000282e+00 1.698160777333333442e+02
3.300000000000000711e-01 -3.436277360000000058e+00 1.342940571999999975e+02
3.400200000000000444e-01 -4.647921920000000817e+00 1.091367809333333412e+02
3.499800000000000688e-01 -5.619028320000000853e+00 8.777913453333333393e+01
3.600000000000000422e-01 -6.403486480000000647e+00 6.639526840000000618e+01
3.700200000000000711e-01 -6.946904400000001090e+00 4.071324880000000235e+01
3.799800000000000400e-01 -7.217776560000001673e+00 1.741603946666666758e+01
3.900000000000000688e-01 -7.295222400000000995e+00 -4.051227733333333525e+00
4.000200000000000422e-01 -7.136732480000001821e+00 -2.969203493333333554e+01
4.099800000000000666e-01 -6.701387280000000501e+00 -5.285263666666666893e+01
4.200000000000000400e-01 -6.079686720000000655e+00 -6.514780880000000707e+01
4.300200000000000689e-01 -5.398447840000000220e+00 -6.304555799999999977e+01
4.399800000000000377e-01 -4.818796480000000493e+00 -5.205056386666667123e+01
4.500000000000000666e-01 -4.357426800000000711e+00 -4.203650853333333259e+01
4.600200000000000955e-01 -3.978063520000000519e+00 -3.206478133333333602e+01
4.699800000000000644e-01 -3.716145120000000635e+00 -2.734453200000000095e+01
4.800000000000000933e-01 -3.431172880000000092e+00 -2.396044306666667012e+01
4.900200000000000666e-01 -3.236909760000000080e+00 -2.129153920000000255e+01
4.999800000000000910e-01 -3.005325360000000501e+00 -1.618106213333333443e+01
5.100000000000000089e-01 -2.913319200000000553e+00 -9.639517599999999575e+00
5.200200000000000378e-01 -2.812526640000000633e+00 -9.495588000000001472e+00
5.299800000000001177e-01 -2.723407440000000346e+00 -1.053398706666666662e+01
5.400000000000001465e-01 -2.601862240000000437e+00 -1.292932706666666753e+01
5.500200000000000644e-01 -2.464794400000000163e+00 -1.564997306666666610e+01
5.599800000000001443e-01 -2.288857200000000258e+00 -1.580833746666666606e+01
5.700000000000000622e-01 -2.148651360000000121e+00 -1.951745346666666947e+01
5.800200000000000911e-01 -1.898490000000000011e+00 -2.805532386666666866e+01
5.899800000000000599e-01 -1.587535120000000077e+00 -3.297570786666666720e+01
6.000000000000000888e-01 -1.239007920000000151e+00 -2.967857640000000075e+01
6.100200000000000067e-01 -9.939510400000001189e-01 -2.458853120000000203e+01
6.199800000000001976e-01 -7.472205600000001446e-01 -2.260677960000000297e+01
6.300000000000001155e-01 -5.418280000000000873e-01 -1.895456599999999980e+01
6.400200000000000333e-01 -3.681501600000000596e-01 -1.066069253333333400e+01
6.499800000000000022e-01 -3.286113600000000190e-01 -6.146295999999999982e-01
6.600000000000001421e-01 -3.558492000000000322e-01 4.127376533333333875e+00
6.700200000000000600e-01 -4.111616800000000294e-01 6.687635866666666651e+00
6.799800000000001399e-01 -4.896116799999999936e-01 1.170271773333333343e+01
6.900000000000000577e-01 -6.452146400000000614e-01 1.945009106666666554e+01
7.000200000000001976e-01 -8.785981600000000169e-01 2.370521906666666823e+01
7.099800000000001665e-01 -1.119303680000000023e+00 2.601367133333333115e+01
7.200000000000000844e-01 -1.398878560000000215e+00 2.934232226666666676e+01
7.300200000000000022e-01 -1.706151520000000144e+00 2.992870986666666511e+01
7.399800000000001932e-01 -1.997441600000000150e+00 3.043016226666667023e+01
7.500000000000001110e-01 -2.314756160000000396e+00 3.017814600000000169e+01
7.600200000000000289e-01 -2.601025440000000355e+00 2.515120946666666768e+01
7.699800000000002198e-01 -2.817798480000000438e+00 1.984073720000000307e+01
7.800000000000001377e-01 -2.997836000000000389e+00 1.637115520000000046e+01
7.900200000000000555e-01 -3.145196480000000516e+00 1.131109533333333417e+01
7.999800000000000244e-01 -3.224064880000000688e+00 7.322627599999999681e+00
8.100000000000001643e-01 -3.291678320000000380e+00 4.135465599999999853e+00
8.200200000000000822e-01 -3.306740720000000078e+00 -6.973333333333333987e-03
8.299800000000001621e-01 -3.291510960000000541e+00 -3.359542800000000273e+00
8.400000000000000799e-01 -3.239545680000000427e+00 -6.258706133333332922e+00
8.500200000000002198e-01 -3.166367520000000546e+00 -7.153315066666667832e+00
8.599800000000001887e-01 -3.096494720000000367e+00 -9.828773866666667303e+00
8.700000000000001066e-01 -2.969761360000000572e+00 -1.368293520000000107e+01
8.800200000000000244e-01 -2.822819280000000042e+00 -1.549070213333333434e+01
8.899800000000002154e-01 -2.659978000000000176e+00 -1.590498786666666753e+01
9.000000000000001332e-01 -2.504751600000000522e+00 -1.437671213333333498e+01
9.100200000000000511e-01 -2.372411680000000356e+00 -1.586719240000000219e+01
9.199800000000002420e-01 -2.187395200000000095e+00 -1.882207266666666712e+01
9.300000000000001599e-01 -1.995977200000000229e+00 -1.847577693333333571e+01
9.400200000000000777e-01 -1.817864320000000200e+00 -1.966431186666666875e+01
9.499800000000000466e-01 -1.602723040000000099e+00 -1.957205466666666638e+01
9.600000000000001865e-01 -1.426451120000000072e+00 -1.913189786666666947e+01
9.700200000000001044e-01 -1.220054400000000205e+00 -2.007817920000000100e+01
9.799800000000001843e-01 -1.024870800000000193e+00 -1.923489400000000060e+01
9.900000000000001021e-01 -8.353774400000000266e-01 -1.547194386666666688e+01
1.000020000000000131e+00 -7.154221600000000292e-01 -1.215577519999999900e+01
1.009980000000000100e+00 -5.922452000000000272e-01 -1.457705600000000068e+01
1.020000000000000018e+00 -4.238810399999999867e-01 -1.488667199999999902e+01
1.030020000000000158e+00 -2.945117600000000113e-01 -1.132797080000000101e+01
1.039980000000000127e+00 -1.973174400000000384e-01 -9.785469466666667060e+00
1.050000000000000266e+00 -9.882608000000001058e-02 -7.394801600000000086e+00
1.060020000000000184e+00 -4.945488000000000661e-02 -5.004482399999999664e+00
1.069980000000000153e+00 1.297040000000000172e-03 -3.446500266666666867e+00
1.080000000000000293e+00 1.949744000000000477e-02 -2.257895599999999892e+00
1.090020000000000211e+00 4.644240000000000868e-02 -1.060992666666666695e+00
1.099980000000000180e+00 4.071032000000000123e-02 6.513093333333333512e-02
1.110000000000000320e+00 4.514536000000000243e-02 -1.273330666666666833e+00
1.120020000000000238e+00 6.619088000000000749e-02 -2.060619999999999952e-01
1.129980000000000206e+00 4.924568000000000695e-02 1.450453333333333372e+00
1.140000000000000124e+00 3.715392000000000694e-02 1.381138399999999988e+00
1.150020000000000264e+00 2.163128000000000273e-02 1.068454133333333278e+00
1.159980000000000233e+00 1.581552000000000305e-02 4.819968000000000585e-01
1.170000000000000151e+00 1.200808000000000084e-02 6.762041333333334014e-01
1.180020000000000069e+00 2.259360000000000188e-03 5.905018666666667082e-01
1.189980000000000260e+00 1.673600000000000239e-04 1.138048000000000115e-01
1.200000000000000178e+00 0.000000000000000000e+00 1.827013333333333406e-02
