0.000000000000000000e+00 3.492162508539283863e+02 8.506950293186300769e+02
1.000000000000000194e-02 3.407093005607421219e+02 8.506950293186276895e+02
2.000000000000000389e-02 3.322023502675558575e+02 8.506950293186276895e+02
3.000000000000000583e-02 3.236953999743695363e+02 8.506950293186276895e+02
4.000000000000000777e-02 3.151884496811832719e+02 8.506950293186276895e+02
5.000000000000000278e-02 3.066814993879970075e+02 8.506950293186276895e+02
6.000000000000001166e-02 2.981745490948107431e+02 8.506950293186276895e+02
7.000000000000000666e-02 2.896675988016244219e+02 8.506950293186276895e+02
8.000000000000001554e-02 2.811606485084381575e+02 8.506950293186276895e+02
9.000000000000001055e-02 2.726536982152518931e+02 8.506950293186276895e+02
1.000000000000000056e-01 2.641467479220656287e+02 8.506950293186276895e+02
1.100000000000000144e-01 2.556397976288793075e+02 8.506950293186300769e+02
1.200000000000000233e-01 2.471328473356930147e+02 8.506950293186276895e+02
1.300000000000000322e-01 2.386258970425067503e+02 8.506950293186276895e+02
1.400000000000000133e-01 2.301189467493204575e+02 8.506950293186276895e+02
1.500000000000000222e-01 2.216119964561342215e+02 8.506950293186266663e+02
1.600000000000000311e-01 2.131050461629479287e+02 8.506950293186276895e+02
1.700000000000000122e-01 2.045980958697616643e+02 8.506950293186276895e+02
1.800000000000000211e-01 1.960911455765753715e+02 8.506950293186276895e+02
1.900000000000000300e-01 1.875841952833891071e+02 8.506950293186276895e+02
2.000000000000000111e-01 1.790772449902028143e+02 8.506950293186276895e+02
2.100000000000000200e-01 1.705702946970165499e+02 8.506950293186276895e+02
2.200000000000000289e-01 1.620633444038302571e+02 8.506950293186276895e+02
2.300000000000000100e-01 1.535563941106439927e+02 8.506950293186289400e+02
2.400000000000000466e-01 1.450494438174576715e+02 8.506950293186289400e+02
2.500000000000000555e-01 1.365424935242714071e+02 8.506950293186289400e+02
2.600000000000000644e-01 1.280355432310851143e+02 8.506950293186289400e+02
2.700000000000000733e-01 1.195285929378988214e+02 8.506950293186276895e+02
2.800000000000000266e-01 1.110216426447125428e+02 8.506950293186271210e+02
2.900000000000000355e-01 1.025146923515262785e+02 8.506950293186271210e+02
3.000000000000000444e-01 9.400774205833999986e+01 8.506950293186266663e+02
3.099999999999999978e-01 8.550079176515374968e+01 8.506950293186283716e+02
3.200000000000000622e-01 7.699384147196744266e+01 8.506950293186307590e+02
3.300000000000000711e-01 6.848689117878113564e+01 8.506950293186276895e+02
3.400000000000000244e-01 5.997994088559487835e+01 8.506950293186276895e+02
3.500000000000000888e-01 5.147299059240857844e+01 8.506950293186276895e+02
3.600000000000000422e-01 4.296604029922232826e+01 8.506950293186280305e+02
3.700000000000000511e-01 3.445909000603601413e+01 8.506950293186279168e+02
3.800000000000000600e-01 2.595213971284976751e+01 7.403699876007378862e+02
3.900000000000000688e-01 1.965169025402125769e+01 5.692251950495553956e+02
4.000000000000000222e-01 1.456763581185865597e+01 4.429275243933499837e+02
4.100000000000000866e-01 1.079313976615425830e+01 3.366327545909256855e+02
4.200000000000000400e-01 7.834980720040142899e+00 2.656419553978594763e+02
4.300000000000000488e-01 5.480300658197069019e+00 2.113729525834236256e+02
4.400000000000000577e-01 3.607521668371669765e+00 1.671058192208323874e+02
4.500000000000000666e-01 2.138184273780420419e+00 1.307747229304405039e+02
4.600000000000000200e-01 9.920272097628597407e-01 1.014571648021244812e+02
4.700000000000000844e-01 1.090409777379307138e-01 7.785561487919454748e+01
4.800000000000000933e-01 -5.650850878210313954e-01 5.901132050728571699e+01
4.900000000000000466e-01 -1.071185432407783855e+00 4.405245217448950257e+01
5.000000000000001110e-01 -1.446134131310821358e+00 3.191819985354151967e+01
5.100000000000000089e-01 -1.709549429478614435e+00 2.158603719791152642e+01
5.200000000000001288e-01 -1.877854875269052037e+00 1.267925385728903898e+01
5.300000000000000266e-01 -1.963134506624395259e+00 5.359429993422925698e+00
5.400000000000001465e-01 -1.985043475137510560e+00 -2.924300351056723923e-01
5.500000000000000444e-01 -1.957285905922281799e+00 -4.456681149366199080e+00
5.600000000000000533e-01 -1.895909852150186481e+00 -7.389202308539737807e+00
5.700000000000000622e-01 -1.809501859751486919e+00 -9.510326807800296933e+00
5.800000000000000711e-01 -1.705703315994180569e+00 -1.114306217798230492e+01
5.900000000000000799e-01 -1.586640616191840936e+00 -1.243808197313602903e+01
6.000000000000000888e-01 -1.456941676531460006e+00 -1.343739106128947647e+01
6.100000000000000977e-01 -1.317892794966051273e+00 -1.402661186147007477e+01
6.199999999999999956e-01 -1.176409439302058546e+00 -1.388447287622063797e+01
6.300000000000001155e-01 -1.040203337441638398e+00 -1.287845985231072277e+01
6.400000000000001243e-01 -9.188402422558439309e-01 -1.120041842748484484e+01
6.500000000000000222e-01 -8.161949688919415413e-01 -9.340599156152107341e+00
6.600000000000001421e-01 -7.320282591328017840e-01 -7.588199406672666569e+00
6.700000000000001510e-01 -6.644309807584882765e-01 -6.017294594329317903e+00
6.800000000000000488e-01 -6.116823672462153860e-01 -4.710622245104838512e+00
6.900000000000000577e-01 -5.702185358563914841e-01 -3.848494851371486725e+00
7.000000000000001776e-01 -5.347124702187856515e-01 -3.307797126772847207e+00
7.100000000000000755e-01 -5.040625933209345044e-01 -2.850733440714041222e+00
7.200000000000000844e-01 -4.776978014045048515e-01 -2.518310803054116587e+00
7.300000000000000933e-01 -4.536963772598521794e-01 -2.547669585287390071e+00
7.400000000000001021e-01 -4.267444096987570434e-01 -2.895875381033327756e+00
7.500000000000001110e-01 -3.957788696391856265e-01 -3.246604564749809629e+00
7.600000000000001199e-01 -3.618123184037608242e-01 -3.358551046742114465e+00
7.700000000000000178e-01 -3.286078487043433416e-01 -3.221144045048871973e+00
7.800000000000001377e-01 -2.973894375027834047e-01 -2.955798003054629586e+00
7.900000000000001465e-01 -2.694918886432507432e-01 -2.690722579163422612e+00
8.000000000000000444e-01 -2.435749859195149303e-01 -2.510810856791311885e+00
8.100000000000001643e-01 -2.192756715074244966e-01 -2.336734050429217113e+00
8.200000000000001732e-01 -1.968403049109306024e-01 -2.109192339930813009e+00
8.300000000000000711e-01 -1.770918247088082431e-01 -1.842104809044349700e+00
8.400000000000000799e-01 -1.599982087300435840e-01 -1.559539242204974085e+00
8.500000000000001998e-01 -1.459010398647087592e-01 -1.249394926160547037e+00
8.600000000000000977e-01 -1.350103102068326566e-01 -9.727508419864709932e-01
8.700000000000001066e-01 -1.264460230249793149e-01 -7.650736842483962796e-01
8.800000000000001155e-01 -1.197088365218647310e-01 -6.202107943446897309e-01
8.900000000000001243e-01 -1.140418071380855380e-01 -5.265021920989313431e-01
9.000000000000001332e-01 -1.091787926798861025e-01 -5.177073653793613506e-01
9.100000000000001421e-01 -1.036876598304983105e-01 -5.754850924489435249e-01
9.200000000000000400e-01 -9.766909083090723198e-02 -6.583542166937724760e-01
9.300000000000001599e-01 -9.052057549662285985e-02 -7.475345441850624884e-01
9.400000000000001688e-01 -8.271839994720597833e-02 -8.458408235780038309e-01
9.500000000000000666e-01 -7.360375902506277601e-02 -9.330042320078404394e-01
9.600000000000001865e-01 -6.405831530704916843e-02 -1.010205114832929629e+00
9.700000000000001954e-01 -5.339965672840418093e-02 -1.094546165619983746e+00
9.800000000000000933e-01 -4.216739199464949323e-02 -1.131388676254937220e+00
9.900000000000001021e-01 -3.077188320330543486e-02 -1.032434499896658586e+00
1.000000000000000222e+00 -2.151870199671632178e-02 -7.951414518703863177e-01
1.010000000000000231e+00 -1.486905416589770837e-02 -5.413223885572998606e-01
1.020000000000000018e+00 -1.069225422557032283e-02 -3.753430283411091084e-01
1.030000000000000027e+00 -7.362193599075526548e-03 -3.126375257918652117e-01
1.040000000000000258e+00 -4.439503709733018909e-03 -3.019964098813630038e-01
1.050000000000000266e+00 -1.322265401448266542e-03 -2.836393907628227407e-01
1.060000000000000053e+00 1.233284105523437500e-03 -2.222933653028578704e-01
1.070000000000000062e+00 3.123601904608890988e-03 -1.512130296774664151e-01
1.080000000000000293e+00 4.257544699072766080e-03 -8.434646429180800431e-02
1.090000000000000080e+00 4.810531190445051057e-03 -2.395772768409638181e-02
1.100000000000000089e+00 4.736699252754693508e-03 1.728158800393582439e-02
1.110000000000000098e+00 4.464899430366335055e-03 2.564043494133627643e-02
1.120000000000000107e+00 4.223890553927968708e-03 3.022678057411525704e-02
1.130000000000000115e+00 3.860363818884029932e-03 5.197365349519834227e-02
1.140000000000000124e+00 3.184417484024001151e-03 8.019332531923341334e-02
1.150000000000000133e+00 2.256497312499361127e-03 9.351583731891587037e-02
1.160000000000000142e+00 1.314100737645684022e-03 2.047037198829818883e-01
1.170000000000000151e+00 -1.837577085160276577e-03 8.644139762533871452e-02
1.180000000000000160e+00 -4.147272148610904423e-04 -8.988895430318073754e-02
1.190000000000000169e+00 -3.979799909666172422e-05 -2.073636074305451951e-02
1.200000000000000178e+00 0.000000000000000000e+00 -3.979799909666172260e-03
