0.000000000000000000e+00 2.771258567133983206e+02 7.851009732889087900e+02
1.000000000000000194e-02 2.692748469805092668e+02 7.851009732889087900e+02
2.000000000000000389e-02 2.614238372476201562e+02 7.851009732889087900e+02
3.000000000000000583e-02 2.535728275147310740e+02 7.851009732889087900e+02
4.000000000000000777e-02 2.457218177818419917e+02 7.851009732889087900e+02
5.000000000000000278e-02 2.378708080489529095e+02 7.851009732889111774e+02
6.000000000000001166e-02 2.300197983160637705e+02 7.851009732889111774e+02
7.000000000000000666e-02 2.221687885831746883e+02 7.851009732889087900e+02
8.000000000000001554e-02 2.143177788502856060e+02 7.851009732889087900e+02
9.000000000000001055e-02 2.064667691173964954e+02 7.851009732889076531e+02
1.000000000000000056e-01 1.986157593845074416e+02 7.851009732889087900e+02
1.100000000000000144e-01 1.907647496516183310e+02 7.851009732889100405e+02
1.200000000000000233e-01 1.829137399187292488e+02 7.851009732889087900e+02
1.300000000000000322e-01 1.750627301858401381e+02 7.851009732889100405e+02
1.400000000000000133e-01 1.672117204529510275e+02 7.851009732889100405e+02
1.500000000000000222e-01 1.593607107200619453e+02 7.851009732889087900e+02
1.600000000000000311e-01 1.515097009871728631e+02 7.851009732889087900e+02
1.700000000000000122e-01 1.436586912542837808e+02 7.851009732889087900e+02
1.800000000000000211e-01 1.358076815213946702e+02 7.851009732889100405e+02
1.900000000000000300e-01 1.279566717885055738e+02 7.851009732889100405e+02
2.000000000000000111e-01 1.201056620556164773e+02 7.851009732889087900e+02
2.100000000000000200e-01 1.122546523227273951e+02 7.851009732889087900e+02
2.200000000000000289e-01 1.044036425898382987e+02 7.851009732889087900e+02
2.300000000000000100e-01 9.655263285694921649e+01 7.851009732889100405e+02
2.400000000000000466e-01 8.870162312406010585e+01 7.851009732889100405e+02
2.500000000000000555e-01 8.085061339117100943e+01 7.851009732889094721e+02
2.600000000000000644e-01 7.299960365828191300e+01 7.851009732889094721e+02
2.700000000000000733e-01 6.514859392539283078e+01 7.851009732889094721e+02
2.800000000000000266e-01 5.729758419250372725e+01 7.851009732889094721e+02
2.900000000000000355e-01 4.944657445961463793e+01 7.851009732889087900e+02
3.000000000000000444e-01 4.159556472672554861e+01 7.851009732889076531e+02
3.099999999999999978e-01 3.374455499383648061e+01 7.851009732889091310e+02
3.200000000000000622e-01 2.589354526094736286e+01 6.610102633097149010e+02
3.300000000000000711e-01 2.052434972764218557e+01 4.871596944941246647e+02
3.400000000000000244e-01 1.615035137106486829e+01 3.984392326299785054e+02
3.500000000000000888e-01 1.255556507504261354e+01 3.260077099568907784e+02
3.600000000000000422e-01 9.630197171927052935e+00 2.654864210257571244e+02
3.700000000000000511e-01 7.245836654527471055e+00 2.165540265535791775e+02
3.800000000000000600e-01 5.299116640855468852e+00 1.773903548962703383e+02
3.900000000000000688e-01 3.698029556602063561e+00 1.449767302232750694e+02
4.000000000000000222e-01 2.399582036389967143e+00 1.168605428793412102e+02
4.100000000000000866e-01 1.360818699015239330e+00 9.211080824326113259e+01
4.200000000000000400e-01 5.573658715247441497e-01 7.023586795510192360e+01
4.300000000000000488e-01 -4.389866008679933762e-02 5.138167454477380858e+01
4.400000000000000577e-01 -4.702676193707320262e-01 3.570957264845220891e+01
4.500000000000000666e-01 -7.580901130558436174e-01 2.319920842414769169e+01
4.600000000000000200e-01 -9.342517878536859000e-01 1.335821513882369516e+01
4.700000000000000844e-01 -1.025254415832317578e+00 5.737248369965881167e+00
4.800000000000000933e-01 -1.048996755253003510e+00 -1.040937041766336890e-01
4.900000000000000466e-01 -1.023172541748784692e+00 -4.632708920456644286e+00
5.000000000000001110e-01 -9.563425768438705843e-01 -8.267170755546972671e+00
5.100000000000000089e-01 -8.578291266378453850e-01 -1.082636570361259309e+01
5.200000000000001288e-01 -7.398152627716186869e-01 -1.196861427529419153e+01
5.300000000000000266e-01 -6.184568411319614212e-01 -1.189225639192259010e+01
5.400000000000001465e-01 -5.019701349331668894e-01 -1.129312416821253073e+01
5.500000000000000444e-01 -3.925943577677107887e-01 -1.058926552084616546e+01
5.600000000000000533e-01 -2.901848245162435558e-01 -9.767193556991163206e+00
5.700000000000000622e-01 -1.972504866278875224e-01 -8.576898345050086192e+00
5.800000000000000711e-01 -1.186468576152418242e-01 -6.863971249746605885e+00
5.900000000000000799e-01 -5.997106163295540249e-02 -4.579438114867659948e+00
6.000000000000000888e-01 -2.705809531788862937e-02 -1.872800434555027538e+00
6.100000000000000977e-01 -2.251505294185484132e-02 8.384668632552105816e-01
6.199999999999999956e-01 -4.382743258299284794e-02 3.073346257212241195e+00
6.300000000000001155e-01 -8.398197808609966786e-02 4.428490587697596403e+00
6.400000000000001243e-01 -1.323972443369447749e-01 4.772954932556888963e+00
6.500000000000000222e-01 -1.794410767372374427e-01 4.260981124204075599e+00
6.600000000000001421e-01 -2.176168668210262946e-01 3.291757258148853449e+00
6.700000000000001510e-01 -2.452762219002145028e-01 2.312725472534474580e+00
6.800000000000000488e-01 -2.638713762717157518e-01 1.592579268124231229e+00
6.900000000000000577e-01 -2.771278072626991440e-01 1.233825491498482307e+00
7.000000000000001776e-01 -2.885478861016854135e-01 1.180120632650668577e+00
7.100000000000000755e-01 -3.007302199157125266e-01 1.228522079703793679e+00
7.200000000000000844e-01 -3.131183276957613115e-01 1.177389544511666886e+00
7.300000000000000933e-01 -3.242780108059458710e-01 9.135886779657127477e-01
7.400000000000001021e-01 -3.313901012550755643e-01 4.532305660558841875e-01
7.500000000000001110e-01 -3.333426221270635592e-01 -5.117850384743358877e-03
7.600000000000001199e-01 -3.312877442473806666e-01 -2.754498022685884506e-01
7.700000000000000178e-01 -3.278336260816917536e-01 -3.476068541524321986e-01
7.800000000000001377e-01 -3.243356071643320737e-01 -3.822607642810514350e-01
7.900000000000001465e-01 -3.201884107960707437e-01 -4.979427219109880398e-01
8.000000000000000444e-01 -3.143767527261122630e-01 -7.520209286587402620e-01
8.100000000000001643e-01 -3.051479922228959585e-01 -1.098488870500034853e+00
8.200000000000001732e-01 -2.924069753161115948e-01 -1.409898652034987432e+00
8.300000000000000711e-01 -2.769500191821961943e-01 -1.626217617448799224e+00
8.400000000000000799e-01 -2.598826229671356014e-01 -1.800866313333267632e+00
8.500000000000001998e-01 -2.409326929155308217e-01 -1.982240228987171005e+00
8.600000000000000977e-01 -2.202378183873921758e-01 -2.155226294433984169e+00
8.700000000000001066e-01 -1.978281670268511316e-01 -2.253785421679697532e+00
8.800000000000001155e-01 -1.751621099537982174e-01 -2.230192485038619221e+00
8.900000000000001243e-01 -1.532243173260787461e-01 -2.097512431404803923e+00
9.000000000000001332e-01 -1.332118613257021467e-01 -1.926165513435128318e+00
9.100000000000001421e-01 -1.147010070573761809e-01 -1.803489220618187838e+00
9.200000000000000400e-01 -9.714207691333838490e-02 -1.724696513266205988e+00
9.300000000000001599e-01 -8.020707679205205110e-02 -1.613963609896337692e+00
9.400000000000001688e-01 -6.486280471541162884e-02 -1.393514575142370759e+00
9.500000000000000666e-01 -5.233678528920463618e-02 -1.077087887429649005e+00
9.600000000000001865e-01 -4.332104696681864792e-02 -7.510763405300179274e-01
9.700000000000001954e-01 -3.731525847860427819e-02 -5.344789231375034477e-01
9.800000000000000933e-01 -3.263146850406857535e-02 -4.791599229769684110e-01
9.900000000000001021e-01 -2.773206001906490872e-02 -5.423198611637558564e-01
1.000000000000000222e+00 -2.178507128079345753e-02 -6.371921506205943109e-01
1.010000000000000231e+00 -1.498821700665302174e-02 -6.691751517228469170e-01
1.020000000000000018e+00 -8.401568246336520510e-03 -5.847217016721394378e-01
1.030000000000000027e+00 -3.293782973210231894e-03 -4.134498834680581658e-01
1.040000000000000258e+00 -1.325705769753557708e-04 -2.205560362872991953e-01
1.050000000000000266e+00 1.117337752535751960e-03 -4.446860749920104883e-02
1.060000000000000053e+00 7.568015730086654529e-04 6.843646578044478013e-02
1.070000000000000062e+00 -2.513915630731437811e-04 1.022841774556084160e-01
1.080000000000000293e+00 -1.288881976103503114e-03 9.037632864778848141e-02
1.090000000000000080e+00 -2.058918136028913687e-03 6.678663672138776541e-02
1.100000000000000089e+00 -2.624614710531258336e-03 4.174606707458713289e-02
1.110000000000000098e+00 -2.893839477520656310e-03 2.281572445206530783e-02
1.120000000000000107e+00 -3.080929199572564683e-03 9.332734852051764729e-03
1.130000000000000115e+00 -3.080494174561691952e-03 -4.558193016329281123e-03
1.140000000000000124e+00 -2.989765339245979096e-03 -1.561449621549635888e-02
1.150000000000000133e+00 -2.768204250251764427e-03 -2.578211379430395481e-02
1.160000000000000142e+00 -2.474123063359899739e-03 1.252732527700803691e-02
1.170000000000000151e+00 -3.018750755791925304e-03 -9.447657509012892529e-02
1.180000000000000160e+00 -5.845915615573211250e-04 -1.482665727331965999e-01
1.190000000000000169e+00 -5.341930112799353730e-05 -2.922957807786605647e-02
1.200000000000000178e+00 0.000000000000000000e+00 -5.341930112799353134e-03
