0.000000000000000000e+00 1.853951773925700763e+02 4.173427707531154738e+02
1.000000000000000194e-02 1.812217496850389011e+02 4.173427707531142801e+02
2.000000000000000389e-02 1.770483219775077828e+02 4.173427707531142801e+02
3.000000000000000583e-02 1.728748942699766360e+02 4.173427707531142801e+02
4.000000000000000777e-02 1.687014665624454892e+02 4.173427707531142801e+02
5.000000000000000278e-02 1.645280388549143424e+02 4.173427707531142801e+02
6.000000000000001166e-02 1.603546111473831957e+02 4.173427707531142801e+02
7.000000000000000666e-02 1.561811834398520489e+02 4.173427707531142801e+02
8.000000000000001554e-02 1.520077557323209305e+02 4.173427707531142801e+02
9.000000000000001055e-02 1.478343280247897553e+02 4.173427707531142801e+02
1.000000000000000056e-01 1.436609003172586370e+02 4.173427707531142801e+02
1.100000000000000144e-01 1.394874726097274902e+02 4.173427707531142801e+02
1.200000000000000233e-01 1.353140449021963434e+02 4.173427707531142801e+02
1.300000000000000322e-01 1.311406171946651966e+02 4.173427707531154738e+02
1.400000000000000133e-01 1.269671894871340356e+02 4.173427707531142801e+02
1.500000000000000222e-01 1.227937617796029031e+02 4.173427707531130864e+02
1.600000000000000311e-01 1.186203340720717705e+02 4.173427707531142801e+02
1.700000000000000122e-01 1.144469063645406237e+02 4.173427707531142801e+02
1.800000000000000211e-01 1.102734786570094911e+02 4.173427707531137116e+02
1.900000000000000300e-01 1.061000509494783444e+02 4.173427707531142801e+02
2.000000000000000111e-01 1.019266232419471976e+02 4.173427707531142801e+02
2.100000000000000200e-01 9.775319553441606502e+01 4.173427707531142801e+02
2.200000000000000289e-01 9.357976782688491824e+01 4.173427707531142801e+02
2.300000000000000100e-01 8.940634011935377146e+01 4.173427707531149053e+02
2.400000000000000466e-01 8.523291241182262468e+01 4.173427707531149053e+02
2.500000000000000555e-01 8.105948470429147790e+01 4.173427707531142801e+02
2.600000000000000644e-01 7.688605699676033112e+01 4.173427707531142801e+02
2.700000000000000733e-01 7.271262928922918434e+01 4.173427707531142801e+02
2.800000000000000266e-01 6.853920158169805177e+01 4.173427707531142801e+02
2.900000000000000355e-01 6.436577387416690499e+01 4.173427707531142801e+02
3.000000000000000444e-01 6.019234616663575821e+01 4.173427707531137116e+02
3.099999999999999978e-01 5.601891845910462564e+01 4.173427707531142801e+02
3.200000000000000622e-01 5.184549075157347175e+01 4.173427707531154738e+02
3.300000000000000711e-01 4.767206304404231787e+01 4.173427707531139959e+02
3.400000000000000244e-01 4.349863533651119241e+01 4.173427707531139959e+02
3.500000000000000888e-01 3.932520762898003852e+01 4.173427707531142801e+02
3.600000000000000422e-01 3.515177992144890595e+01 4.173427707531142801e+02
3.700000000000000511e-01 3.097835221391775207e+01 4.173427707531139959e+02
3.800000000000000600e-01 2.680492450638662660e+01 3.376765382152095754e+02
3.900000000000000688e-01 2.422482144961355743e+01 3.642666334623227158e+02
4.000000000000000222e-01 1.951959183714017243e+01 4.345815769683661642e+02
4.100000000000000866e-01 1.553318991024623408e+01 3.592488463048557037e+02
4.200000000000000400e-01 1.233461491104305630e+01 2.899396139977315556e+02
4.300000000000000488e-01 9.734397630291603321e+00 2.362761574330249630e+02
4.400000000000000577e-01 7.609091762382556468e+00 1.930891189228038627e+02
4.500000000000000666e-01 5.872615251835525463e+00 1.572077869631861802e+02
4.600000000000000200e-01 4.464936023118832864e+00 1.272345903422581443e+02
4.700000000000000844e-01 3.327923444990362523e+00 1.025910792350086780e+02
4.800000000000000933e-01 2.413114438418658914e+00 8.284838615311298327e+01
4.900000000000000466e-01 1.670955721928102822e+00 6.761075557450875806e+01
5.000000000000001110e-01 1.060899326928483877e+00 5.606666192355812939e+01
5.100000000000000089e-01 5.496224834569403139e-01 4.688691680652578242e+01
5.200000000000001288e-01 1.231609907979679119e-01 3.908444632579314515e+01
5.300000000000000266e-01 -2.320664430589225169e-01 3.222792121528917875e+01
5.400000000000001465e-01 -5.213974335078156441e-01 2.603312237091132531e+01
5.500000000000000444e-01 -7.527288904771490818e-01 2.070176849292543508e+01
5.600000000000000533e-01 -9.354328033663243946e-01 1.640302270257975437e+01
5.700000000000000622e-01 -1.080789344528744200e+00 1.286824286604470124e+01
5.800000000000000711e-01 -1.192797660687218375e+00 9.544102676002806263e+00
5.900000000000000799e-01 -1.271671398048800361e+00 5.965511369879888726e+00
6.000000000000000888e-01 -1.312107888084816265e+00 2.219767771246084820e+00
6.100000000000000977e-01 -1.316066753473722040e+00 -1.094217461413334647e+00
6.199999999999999956e-01 -1.290223538856549501e+00 -3.558870376363728383e+00
6.300000000000001155e-01 -1.244889345946447401e+00 -4.975379036452645565e+00
6.400000000000001243e-01 -1.190715958127496643e+00 -5.469079628004269722e+00
6.500000000000000222e-01 -1.135507753386362007e+00 -5.530498496476059067e+00
6.600000000000001421e-01 -1.080105988197975320e+00 -5.701612146491407351e+00
6.700000000000001510e-01 -1.021475510456533842e+00 -6.114444498790856386e+00
6.800000000000000488e-01 -9.578170982221582141e-01 -6.654684484860814209e+00
6.900000000000000577e-01 -8.883818207593175975e-01 -7.057917555533675724e+00
7.000000000000001776e-01 -8.166587471114847840e-01 -7.044466985690917227e+00
7.100000000000000755e-01 -7.474924810454992574e-01 -6.611972463008405576e+00
7.200000000000000844e-01 -6.844192978513166103e-01 -6.077901320019724274e+00
7.300000000000000933e-01 -6.259344546451047764e-01 -5.630845042310439474e+00
7.400000000000001021e-01 -5.718023970051078209e-01 -5.234231097549696621e+00
7.500000000000001110e-01 -5.212498326941108484e-01 -4.783203675461721538e+00
7.600000000000001199e-01 -4.761383234958734278e-01 -4.360666803386805235e+00
7.700000000000000178e-01 -4.340364966263747237e-01 -4.078584442919066966e+00
7.800000000000001377e-01 -3.945666346374920863e-01 -3.906618012841774235e+00
7.900000000000001465e-01 -3.559041363695392146e-01 -3.783109837925237695e+00
8.000000000000000444e-01 -3.189044378789873124e-01 -3.668711299506858925e+00
8.100000000000001643e-01 -2.825299103794020605e-01 -3.469657059162702506e+00
8.200000000000001732e-01 -2.495112966957332701e-01 -3.096477375973419210e+00
8.300000000000000711e-01 -2.206003628599336464e-01 -2.567348831337116000e+00
8.400000000000000799e-01 -1.981643200689909567e-01 -1.965945009578392355e+00
8.500000000000001998e-01 -1.812814626683658115e-01 -1.382649854504724996e+00
8.600000000000000977e-01 -1.705113229788964568e-01 -8.923210561458847501e-01
8.700000000000001066e-01 -1.634350415454481065e-01 -5.179287885321981477e-01
8.800000000000001155e-01 -1.601527472082524828e-01 -2.107329107987103711e-01
8.900000000000001243e-01 -1.592203833294738857e-01 -2.094004132784603456e-02
9.000000000000001332e-01 -1.597339463816955796e-01 -8.251584218751184877e-03
9.100000000000001421e-01 -1.590553516450988747e-01 -1.354771304694618872e-01
9.200000000000000400e-01 -1.570244037723063368e-01 -3.050463265689934977e-01
9.300000000000001599e-01 -1.529544251137190114e-01 -4.729052575345774612e-01
9.400000000000001688e-01 -1.475662986216147721e-01 -6.174863238124428388e-01
9.500000000000000666e-01 -1.406046986374701324e-01 -7.583884900856937561e-01
9.600000000000001865e-01 -1.323985288199009125e-01 -8.990990590957219641e-01
9.700000000000001954e-01 -1.226227174555557103e-01 -1.006019664315608519e+00
9.800000000000000933e-01 -1.122781355335887299e-01 -1.034665498678059237e+00
9.900000000000001021e-01 -1.019294074819945134e-01 -9.693925585237475051e-01
1.000000000000000222e+00 -9.289028436311377868e-02 -8.458817644254470469e-01
1.010000000000000231e+00 -8.501177219348557412e-02 -7.750544029176966720e-01
1.020000000000000018e+00 -7.738919630475984968e-02 -8.066760113943437505e-01
1.030000000000000027e+00 -6.887825196559869967e-02 -8.817289222721151898e-01
1.040000000000000258e+00 -5.975461785931754366e-02 -8.927616582569051218e-01
1.050000000000000266e+00 -5.102301880046059696e-02 -8.080701959342415641e-01
1.060000000000000053e+00 -4.359321394063270932e-02 -6.835913380602459677e-01
1.070000000000000062e+00 -3.735119203925568038e-02 -5.748889269044833439e-01
1.080000000000000293e+00 -3.209543540254304606e-02 -4.832973212082600223e-01
1.090000000000000080e+00 -2.768524561509047924e-02 -4.099265654346943011e-01
1.100000000000000089e+00 -2.389690409384915767e-02 -3.571497272415720126e-01
1.110000000000000098e+00 -2.054225107025903566e-02 -3.102059270398331292e-01
1.120000000000000107e+00 -1.769278555305249523e-02 -2.540829978686232060e-01
1.130000000000000115e+00 -1.546059111288657258e-02 -2.025340250556005028e-01
1.140000000000000124e+00 -1.364210505194048302e-02 -1.681536132063145006e-01
1.150000000000000133e+00 -1.209751884876028236e-02 -1.575109205092669329e-01
1.160000000000000142e+00 -1.049188664175514443e-02 -5.285035067746570725e-01
1.170000000000000151e+00 -1.527448713267140490e-03 -5.160498575199441440e-01
1.180000000000000160e+00 -1.708894913562615558e-04 -7.551718202398599589e-02
1.190000000000000169e+00 -1.710507278742030664e-05 -8.544474567813077626e-03
1.200000000000000178e+00 0.000000000000000000e+00 -1.710507278742030976e-03
