0.000000000000000000e+00 1.463937806342677845e+02 3.413996318868601634e+02
1.000000000000000194e-02 1.429797843153991721e+02 3.413996318868577760e+02
2.000000000000000389e-02 1.395657879965306449e+02 3.413996318868577760e+02
3.000000000000000583e-02 1.361517916776620325e+02 3.413996318868577760e+02
4.000000000000000777e-02 1.327377953587934769e+02 3.413996318868577760e+02
5.000000000000000278e-02 1.293237990399248645e+02 3.413996318868577760e+02
6.000000000000001166e-02 1.259098027210563231e+02 3.413996318868577760e+02
7.000000000000000666e-02 1.224958064021877107e+02 3.413996318868577760e+02
8.000000000000001554e-02 1.190818100833191551e+02 3.413996318868565822e+02
9.000000000000001055e-02 1.156678137644505853e+02 3.413996318868577760e+02
1.000000000000000056e-01 1.122538174455820013e+02 3.413996318868577760e+02
1.100000000000000144e-01 1.088398211267134315e+02 3.413996318868577760e+02
1.200000000000000233e-01 1.054258248078448474e+02 3.413996318868572075e+02
1.300000000000000322e-01 1.020118284889762776e+02 3.413996318868572075e+02
1.400000000000000133e-01 9.859783217010770784e+01 3.413996318868577760e+02
1.500000000000000222e-01 9.518383585123912383e+01 3.413996318868577760e+02
1.600000000000000311e-01 9.176983953237055402e+01 3.413996318868577760e+02
1.700000000000000122e-01 8.835584321350197001e+01 3.413996318868577760e+02
1.800000000000000211e-01 8.494184689463338600e+01 3.413996318868572075e+02
1.900000000000000300e-01 8.152785057576483041e+01 3.413996318868572075e+02
2.000000000000000111e-01 7.811385425689624640e+01 3.413996318868577760e+02
2.100000000000000200e-01 7.469985793802766239e+01 3.413996318868577760e+02
2.200000000000000289e-01 7.128586161915909258e+01 3.413996318868577760e+02
2.300000000000000100e-01 6.787186530029050857e+01 3.413996318868577760e+02
2.400000000000000466e-01 6.445786898142193877e+01 3.413996318868577760e+02
2.500000000000000555e-01 6.104387266255335476e+01 3.413996318868577760e+02
2.600000000000000644e-01 5.762987634368477785e+01 3.413996318868577760e+02
2.700000000000000733e-01 5.421588002481620094e+01 3.413996318868577760e+02
2.800000000000000266e-01 5.080188370594762404e+01 3.413996318868574917e+02
2.900000000000000355e-01 4.738788738707904713e+01 3.413996318868574917e+02
3.000000000000000444e-01 4.397389106821047022e+01 3.413996318868572075e+02
3.099999999999999978e-01 4.055989474934190753e+01 3.413996318868574917e+02
3.200000000000000622e-01 3.714589843047331641e+01 3.413996318868586854e+02
3.300000000000000711e-01 3.373190211160473240e+01 3.413996318868577760e+02
3.400000000000000244e-01 3.031790579273616260e+01 3.413996318868577760e+02
3.500000000000000888e-01 2.690390947386757503e+01 3.413996318868574917e+02
3.600000000000000422e-01 2.348991315499901233e+01 3.413996318868574917e+02
3.700000000000000511e-01 2.007591683613042122e+01 3.413996318868576623e+02
3.800000000000000600e-01 1.666192051726185852e+01 3.413996318868574917e+02
3.900000000000000688e-01 1.324792419839327273e+01 3.413996318868575486e+02
4.000000000000000222e-01 9.833927879524706483e+00 2.844000185723317600e+02
4.100000000000000866e-01 7.559923826946636893e+00 2.026848002143495648e+02
4.200000000000000400e-01 5.780231875237715755e+00 1.610220331522919821e+02
4.300000000000000488e-01 4.339483163900796470e+00 1.313256307600377113e+02
4.400000000000000577e-01 3.153719260036961458e+00 1.078474410338733378e+02
4.500000000000000666e-01 2.182534343223329287e+00 8.863729844554892168e+01
4.600000000000000200e-01 1.380973291125982882e+00 7.308444681231031836e+01
4.700000000000000844e-01 7.208454069771229600e-01 6.021196876212005122e+01
4.800000000000000933e-01 1.767339158835817825e-01 4.932441602456965768e+01
4.900000000000000466e-01 -2.656429135142701070e-01 4.003393087555360808e+01
5.000000000000001110e-01 -6.239447016274903834e-01 3.232097490707054988e+01
5.100000000000000089e-01 -9.120624116556812488e-01 2.568605143560140647e+01
5.200000000000001288e-01 -1.137665730339518566e+00 1.975350535761891990e+01
5.300000000000000266e-01 -1.307132518808059585e+00 1.459261668857384997e+01
5.400000000000001465e-01 -1.429518064110995468e+00 1.048823306332268324e+01
5.500000000000000444e-01 -1.516897180074513241e+00 7.455800076517639319e+00
5.600000000000000533e-01 -1.578634065641348228e+00 5.196547905428678504e+00
5.700000000000000622e-01 -1.620828138183086908e+00 3.354095540127272290e+00
5.800000000000000711e-01 -1.645715976443893780e+00 1.686658360959644831e+00
5.900000000000000799e-01 -1.654561305402279858e+00 7.565979747239888475e-02
6.000000000000000888e-01 -1.647229172393341656e+00 -1.420822381493870745e+00
6.100000000000000977e-01 -1.626144857772402252e+00 -2.748568395704202860e+00
6.199999999999999956e-01 -1.592257804479257688e+00 -3.925628443428733405e+00
6.300000000000001155e-01 -1.547632288903827646e+00 -4.897401173842578004e+00
6.400000000000001243e-01 -1.494309781002406190e+00 -5.615612842609077227e+00
6.500000000000000222e-01 -1.435320032051646155e+00 -6.094939027250996233e+00
6.600000000000001421e-01 -1.372411000457386177e+00 -6.347531570661872458e+00
6.700000000000001510e-01 -1.308369400638408786e+00 -6.339570833144057893e+00
6.800000000000000488e-01 -1.245619583794504992e+00 -6.136402266139179495e+00
6.900000000000000577e-01 -1.185641355315625090e+00 -5.868984215601717125e+00
7.000000000000001776e-01 -1.128239899482470721e+00 -5.658162413876948627e+00
7.100000000000000755e-01 -1.072478107038085993e+00 -5.575708074747201870e+00
7.200000000000000844e-01 -1.016725737987526745e+00 -5.641481740555512658e+00
7.300000000000000933e-01 -9.596484722269758016e-01 -5.744234474183226524e+00
7.400000000000001021e-01 -9.018410485038621527e-01 -5.721420008273934599e+00
7.500000000000001110e-01 -8.452200720614971852e-01 -5.555793525950057266e+00
7.600000000000001199e-01 -7.907251779848609718e-01 -5.314087405036328704e+00
7.700000000000000178e-01 -7.389383239607705267e-01 -4.999930744851238451e+00
7.800000000000001377e-01 -6.907265630878361984e-01 -4.607328747290451609e+00
7.900000000000001465e-01 -6.467917490149615034e-01 -4.188052640094921841e+00
8.000000000000000444e-01 -6.069655102859378148e-01 -3.805838116013060990e+00
8.100000000000001643e-01 -5.706749866947002925e-01 -3.480526903354217438e+00
8.200000000000001732e-01 -5.373549722188534217e-01 -3.221033123510992802e+00
8.300000000000000711e-01 -5.062543242244804675e-01 -3.011039570125727316e+00
8.400000000000000799e-01 -4.771341808163388487e-01 -2.831904084977881819e+00
8.500000000000001998e-01 -4.496162425249227712e-01 -2.689251763179428156e+00
8.600000000000000977e-01 -4.233491455527502723e-01 -2.554424215091409156e+00
8.700000000000001066e-01 -3.985277582230946081e-01 -2.388295627896013240e+00
8.800000000000001155e-01 -3.755832329948300408e-01 -2.194876166672527162e+00
8.900000000000001243e-01 -3.546302348896440693e-01 -2.032455007923685386e+00
9.000000000000001332e-01 -3.349341328363563131e-01 -1.943595005538442555e+00
9.100000000000001421e-01 -3.157583347788752159e-01 -1.888500927169706634e+00
9.200000000000000400e-01 -2.971641142929621893e-01 -1.818602148584771649e+00
9.300000000000001599e-01 -2.793862918071797763e-01 -1.728292428229890154e+00
9.400000000000001688e-01 -2.625982657283643662e-01 -1.627069908889987149e+00
9.500000000000000666e-01 -2.468448936293800300e-01 -1.526323100013004197e+00
9.600000000000001865e-01 -2.320718037281042923e-01 -1.431863256643435278e+00
9.700000000000001954e-01 -2.182076284965113189e-01 -1.362375615765695880e+00
9.800000000000000933e-01 -2.048242914127903769e-01 -1.331351524215905524e+00
9.900000000000001021e-01 -1.915805980121932095e-01 -1.331923637908353886e+00
1.000000000000000222e+00 -1.781858186546232958e-01 -1.340757280943026597e+00
1.010000000000000231e+00 -1.647654523933326787e-01 -1.337013360308201726e+00
1.020000000000000018e+00 -1.514455514484592535e-01 -1.319717795604734345e+00
1.030000000000000027e+00 -1.383710964812379929e-01 -1.288164713754498925e+00
1.040000000000000258e+00 -1.256822571733692828e-01 -1.240640316992290604e+00
1.050000000000000266e+00 -1.135582901413921819e-01 -1.184185648410488900e+00
1.060000000000000053e+00 -1.019985442051594970e-01 -1.121875081062956969e+00
1.070000000000000062e+00 -9.112078852013304198e-02 -1.054603532468110672e+00
1.080000000000000293e+00 -8.090647355579728972e-02 -9.873645178246601706e-01
1.090000000000000080e+00 -7.137349816363983135e-02 -9.244753373406563446e-01
1.100000000000000089e+00 -6.241696680898415478e-02 -8.700063488952904933e-01
1.110000000000000098e+00 -5.397337118573402454e-02 -8.230855338242296648e-01
1.120000000000000107e+00 -4.595525613249955982e-02 -7.806036507359985777e-01
1.130000000000000115e+00 -3.836129817101405215e-02 -7.355210437027458470e-01
1.140000000000000124e+00 -3.124483525844464274e-02 -6.841543207050077013e-01
1.150000000000000133e+00 -2.467821175691389812e-02 -6.302274067336567365e-01
1.160000000000000142e+00 -1.864028712377150884e-02 -9.527889643063420788e-01
1.170000000000000151e+00 -5.622432470787054430e-03 -9.001689587047231322e-01
1.180000000000000160e+00 -6.369079496770450443e-04 -2.786973744808785569e-01
1.190000000000000169e+00 -4.848498116948321763e-05 -3.184539748385224744e-02
1.200000000000000178e+00 0.000000000000000000e+00 -4.848498116948320516e-03
