0.000000000000000000e+00 3.227969941249219801e+02 7.946174121131547281e+02
1.000000000000000194e-02 3.148508200037904317e+02 7.945935740675510033e+02
2.000000000000000389e-02 3.069051226435709623e+02 7.945935740675533907e+02
3.000000000000000583e-02 2.989589485224393570e+02 7.946174121131547281e+02
4.000000000000000777e-02 2.910127744013078654e+02 7.945935740675510033e+02
5.000000000000000278e-02 2.830670770410883392e+02 7.945935740675510033e+02
6.000000000000001166e-02 2.751209029199568477e+02 7.946174121131523407e+02
7.000000000000000666e-02 2.671747287988252992e+02 7.945935740675510033e+02
8.000000000000001554e-02 2.592290314386058299e+02 7.945935740675510033e+02
9.000000000000001055e-02 2.512828573174742530e+02 7.946174121131523407e+02
1.000000000000000056e-01 2.433366831963427614e+02 7.945935740675486159e+02
1.100000000000000144e-01 2.353909858361232921e+02 7.945935740675510033e+02
1.200000000000000233e-01 2.274448117149917437e+02 7.946174121131547281e+02
1.300000000000000322e-01 2.194986375938601952e+02 7.945935740675510033e+02
1.400000000000000133e-01 2.115529402336407259e+02 7.945935740675498664e+02
1.500000000000000222e-01 2.036067661125092059e+02 7.946174121131523407e+02
1.600000000000000311e-01 1.956605919913776575e+02 7.945935740675510033e+02
1.700000000000000122e-01 1.877148946311581597e+02 7.945935740675510033e+02
1.800000000000000211e-01 1.797687205100266397e+02 7.946174121131523407e+02
1.900000000000000300e-01 1.718225463888951197e+02 7.945935740675510033e+02
2.000000000000000111e-01 1.638768490286756219e+02 7.945935740675510033e+02
2.100000000000000200e-01 1.559306749075441019e+02 7.946174121131560923e+02
2.200000000000000289e-01 1.479845007864124966e+02 7.945935740675510033e+02
2.300000000000000100e-01 1.400388034261930841e+02 7.945935740675498664e+02
2.400000000000000466e-01 1.320926293050615072e+02 7.946174121131547281e+02
2.500000000000000555e-01 1.241464551839299872e+02 7.945935740675510033e+02
2.600000000000000644e-01 1.162007578237104894e+02 7.945935740675510033e+02
2.700000000000000733e-01 1.082545837025789695e+02 7.946174121131523407e+02
2.800000000000000266e-01 1.003084095814474352e+02 7.945935740675510033e+02
2.900000000000000355e-01 9.236271222122795166e+01 7.945935740675510033e+02
3.000000000000000444e-01 8.441653810009641745e+01 7.946174121131530228e+02
3.099999999999999978e-01 7.647036397896488324e+01 7.945935740675503212e+02
3.200000000000000622e-01 6.852466661874541387e+01 7.945935740675522538e+02
3.300000000000000711e-01 6.057849249761383703e+01 7.946174121131547281e+02
3.400000000000000244e-01 5.263231837648231703e+01 7.945935740675495254e+02
3.500000000000000888e-01 4.468662101626284766e+01 7.945935740675498664e+02
3.600000000000000422e-01 3.674044689513132056e+01 7.946174121131526817e+02
3.700000000000000511e-01 2.879427277399979346e+01 9.258142745651806536e+02
3.800000000000000600e-01 1.822416140382770067e+01 9.050998417418488771e+02
3.900000000000000688e-01 1.069227593916281549e+01 4.626787718502555435e+02
4.000000000000000222e-01 8.970585966822591573e+00 1.739694960492897735e+02
4.100000000000000866e-01 7.212886018177020908e+00 1.722601531813027407e+02
4.200000000000000400e-01 5.525382903196535800e+00 1.567016571541873589e+02
4.300000000000000488e-01 4.078852875093272878e+00 1.336214361057200222e+02
4.400000000000000577e-01 2.852954181082135054e+00 1.119475471334617396e+02
4.500000000000000666e-01 1.839901932424038211e+00 9.680228594585126700e+01
4.600000000000000200e-01 9.169084621651094613e-01 8.435575016127339154e+01
4.700000000000000844e-01 1.527869291985701483e-01 7.009819143992298507e+01
4.800000000000000933e-01 -4.850553666333502489e-01 5.979471835382009459e+01
4.900000000000000466e-01 -1.043107437877832000e+00 5.094837695072983763e+01
5.000000000000001110e-01 -1.504022905647947050e+00 4.058785081402058381e+01
5.100000000000000089e-01 -1.854864454158243525e+00 3.210804897046642026e+01
5.200000000000001288e-01 -2.146183885057275642e+00 2.450028481077936249e+01
5.300000000000000266e-01 -2.344870150373830953e+00 1.692248343823448664e+01
5.400000000000001465e-01 -2.484633553821965268e+00 1.025414944136421802e+01
5.500000000000000444e-01 -2.549953139201115437e+00 4.244511946428526805e+00
5.600000000000000533e-01 -2.569523792750536106e+00 -1.482749504572748567e+00
5.700000000000000622e-01 -2.520298149109660546e+00 -6.766843919237151894e+00
5.800000000000000711e-01 -2.434186914365792820e+00 -1.002348577536962004e+01
5.900000000000000799e-01 -2.319828433602268092e+00 -1.387846666803316609e+01
6.000000000000000888e-01 -2.156617581005129569e+00 -1.718183343567435628e+01
6.100000000000000977e-01 -1.976191764888780789e+00 -1.832008334782051051e+01
6.199999999999999956e-01 -1.790215914048719270e+00 -2.012474210439444988e+01
6.300000000000001155e-01 -1.573696922800891684e+00 -2.028153800048637123e+01
6.400000000000001243e-01 -1.384585154038991739e+00 -1.896586350715583436e+01
6.500000000000000222e-01 -1.194379652657775015e+00 -1.877125903891430880e+01
6.600000000000001421e-01 -1.009159973260705723e+00 -1.791898476013473029e+01
6.700000000000001510e-01 -8.359999574550803780e-01 -1.679435393184725456e+01
6.800000000000000488e-01 -6.732728946237604983e-01 -1.568176903050427029e+01
6.900000000000000577e-01 -5.223645768449949323e-01 -1.562254903143899298e+01
7.000000000000001776e-01 -3.608219139949806475e-01 -1.415872218816730843e+01
7.100000000000000755e-01 -2.391901330816487148e-01 -1.235621001344507519e+01
7.200000000000000844e-01 -1.136977137260791471e-01 -1.251843252017830466e+01
7.300000000000000933e-01 1.117851732191742220e-02 -1.146010639700507916e+01
7.400000000000001021e-01 1.155044142140224522e-01 -8.750568976828493106e+00
7.500000000000001110e-01 1.861898968584873026e-01 -6.960845095309847075e+00
7.600000000000001199e-01 2.547213161202193654e-01 -5.915499735157772498e+00
7.700000000000000178e-01 3.044998915616427548e-01 -4.120887431514299593e+00
7.800000000000001377e-01 3.371390647505053684e-01 -2.509114252924807165e+00
7.900000000000001465e-01 3.546821766201389003e-01 -1.611858027144888572e+00
8.000000000000000444e-01 3.693762252934031376e-01 -1.204808472766060179e+00
8.100000000000001643e-01 3.787783460754601261e-01 -9.555133790172689601e-01
8.200000000000001732e-01 3.884864928737485346e-01 -8.120179883630176954e-02
8.300000000000000711e-01 3.804023820521861832e-01 1.882593664778984710e+00
8.400000000000000799e-01 3.508346195781688048e-01 4.798283880433308113e+00
8.500000000000001998e-01 2.844367044435199832e-01 5.415643679315488512e+00
8.600000000000000977e-01 2.425217459918590501e-01 4.974013927150819470e+00
8.700000000000001066e-01 1.849564259005035960e-01 5.815056182753988168e+00
8.800000000000001155e-01 1.262206223367792757e-01 6.792097660472165899e+00
8.900000000000001243e-01 4.911447269106027080e-02 7.092655779350997669e+00
9.000000000000001332e-01 -1.563249325024067271e-02 6.161201622788482268e+00
9.100000000000001421e-01 -7.410955976470938456e-02 5.670001608083918399e+00
9.200000000000000400e-01 -1.290325254119190357e-01 6.112524888064545969e+00
9.300000000000001599e-01 -1.963600575260003034e-01 6.921557964619912795e+00
9.400000000000001688e-01 -2.674636847043173060e-01 6.989246152898613396e+00
9.500000000000000666e-01 -3.361449805839725746e-01 5.371093583486906020e+00
9.600000000000001865e-01 -3.748855563740554064e-01 4.297483708784122669e+00
9.700000000000001954e-01 -4.220946547596550191e-01 4.384638334977383423e+00
9.800000000000000933e-01 -4.625783230736030815e-01 3.906063522687435619e+00
9.900000000000001021e-01 -5.002159252134037448e-01 2.339379560438755945e+00
1.000000000000000222e+00 -5.093659142823782071e-01 7.970733641762524080e-01
1.010000000000000231e+00 -5.161573924969288241e-01 2.644713757874450621e-03
1.020000000000000018e+00 -5.094188085575357405e-01 -7.808732988575287637e-01
1.030000000000000027e+00 -5.005399265197781888e-01 -6.754990717227583596e-01
1.040000000000000258e+00 -4.959088271230805423e-01 -1.018339650257159335e+00
1.050000000000000266e+00 -4.801731335146350310e-01 -1.954894495613897831e+00
1.060000000000000053e+00 -4.568109372108025701e-01 -1.904495390134474109e+00
1.070000000000000062e+00 -4.420832257119455821e-01 -1.551367644799382939e+00
1.080000000000000293e+00 -4.257835843148149446e-01 -2.238236493209492028e+00
1.090000000000000080e+00 -3.973184958477556927e-01 -4.195486068161757842e+00
1.100000000000000089e+00 -3.418738629515797323e-01 -5.135292925643220485e+00
1.110000000000000098e+00 -2.946126373348912919e-01 -5.166270931148056356e+00
1.120000000000000107e+00 -2.385484443286186307e-01 -5.589959329516259068e+00
1.130000000000000115e+00 -1.828134507445661194e-01 -5.181861656697732244e+00
1.140000000000000124e+00 -1.349112111946639825e-01 -4.833918158481987248e+00
1.150000000000000133e+00 -8.613508757492635559e-02 -4.446991441207448936e+00
1.160000000000000142e+00 -4.597138237051497101e-02 -4.221780413919017150e+00
1.170000000000000151e+00 -1.699479296545995275e-03 -2.322524886044511572e+00
1.180000000000000160e+00 4.791153503752601734e-04 -8.726105821909826976e-02
1.190000000000000169e+00 4.574186783597014773e-05 2.395576751876300758e-02
1.200000000000000178e+00 0.000000000000000000e+00 4.574186783597014583e-03
