0.000000000000000000e+00 9.137788909651972347e+01 2.099590725032097112e+02
1.000000000000000194e-02 8.927829837148762238e+01 2.099590725032091143e+02
2.000000000000000389e-02 8.717870764645553550e+01 2.099590725032091143e+02
3.000000000000000583e-02 8.507911692142343441e+01 2.099590725032091143e+02
4.000000000000000777e-02 8.297952619639134753e+01 2.099590725032091143e+02
5.000000000000000278e-02 8.087993547135926065e+01 2.099590725032091143e+02
6.000000000000001166e-02 7.878034474632717377e+01 2.099590725032091143e+02
7.000000000000000666e-02 7.668075402129507268e+01 2.099590725032091143e+02
8.000000000000001554e-02 7.458116329626298580e+01 2.099590725032091143e+02
9.000000000000001055e-02 7.248157257123088471e+01 2.099590725032091143e+02
1.000000000000000056e-01 7.038198184619881204e+01 2.099590725032091143e+02
1.100000000000000144e-01 6.828239112116671095e+01 2.099590725032091143e+02
1.200000000000000233e-01 6.618280039613462407e+01 2.099590725032091143e+02
1.300000000000000322e-01 6.408320967110252298e+01 2.099590725032097112e+02
1.400000000000000133e-01 6.198361894607042899e+01 2.099590725032091143e+02
1.500000000000000222e-01 5.988402822103834211e+01 2.099590725032085174e+02
1.600000000000000311e-01 5.778443749600626234e+01 2.099590725032091143e+02
1.700000000000000122e-01 5.568484677097416125e+01 2.099590725032091143e+02
1.800000000000000211e-01 5.358525604594207437e+01 2.099590725032091143e+02
1.900000000000000300e-01 5.148566532090998038e+01 2.099590725032091143e+02
2.000000000000000111e-01 4.938607459587789350e+01 2.099590725032091143e+02
2.100000000000000200e-01 4.728648387084579952e+01 2.099590725032091143e+02
2.200000000000000289e-01 4.518689314581371264e+01 2.099590725032091143e+02
2.300000000000000100e-01 4.308730242078161154e+01 2.099590725032097112e+02
2.400000000000000466e-01 4.098771169574951756e+01 2.099590725032091143e+02
2.500000000000000555e-01 3.888812097071743068e+01 2.099590725032091143e+02
2.600000000000000644e-01 3.678853024568533669e+01 2.099590725032091143e+02
2.700000000000000733e-01 3.468893952065324982e+01 2.099590725032088301e+02
2.800000000000000266e-01 3.258934879562115583e+01 2.099590725032091143e+02
2.900000000000000355e-01 3.048975807058906540e+01 2.099590725032091143e+02
3.000000000000000444e-01 2.839016734555697496e+01 2.099590725032088301e+02
3.099999999999999978e-01 2.629057662052489164e+01 2.099590725032091143e+02
3.200000000000000622e-01 2.419098589549279410e+01 2.099590725032097112e+02
3.300000000000000711e-01 2.209139517046069656e+01 2.099590725032091143e+02
3.400000000000000244e-01 1.999180444542860968e+01 2.099590725032091143e+02
3.500000000000000888e-01 1.789221372039651214e+01 2.099590725032089438e+02
3.600000000000000422e-01 1.579262299536443237e+01 2.099590725032089438e+02
3.700000000000000511e-01 1.369303227033233483e+01 2.099590725032091143e+02
3.800000000000000600e-01 1.159344154530024973e+01 2.099590725032091143e+02
3.900000000000000688e-01 9.493850820268152191e+00 2.099590725032090290e+02
4.000000000000000222e-01 7.394260095236067976e+00 1.806253499155162956e+02
4.100000000000000866e-01 5.881343821957825568e+00 1.351592271245920358e+02
4.200000000000000400e-01 4.691075552744226940e+00 1.078604162248717273e+02
4.300000000000000488e-01 3.724135497460391520e+00 8.813383241318729233e+01
4.400000000000000577e-01 2.928398904480481235e+00 7.262094929818603362e+01
4.500000000000000666e-01 2.271716511496670865e+00 5.982237955069064128e+01
4.600000000000000200e-01 1.731951313466668196e+00 4.906309270192195982e+01
4.700000000000000844e-01 1.290454657458231402e+00 4.003573120190766588e+01
4.800000000000000933e-01 9.312366894285147856e-01 3.241973542176651080e+01
4.900000000000000466e-01 6.420599490229010886e-01 2.592083440531272487e+01
5.000000000000001110e-01 4.128200013222600995e-01 2.043973919983291410e+01
5.100000000000000089e-01 2.332651650262428378e-01 1.592403551813495355e+01
5.200000000000001288e-01 9.433929095956104793e-02 1.222274742176325724e+01
5.300000000000000266e-01 -1.118978340902232124e-02 9.156808927113347707e+00
5.400000000000001465e-01 -8.879688758270593008e-02 6.613894019644193989e+00
5.500000000000000444e-01 -1.434676638019062034e-01 4.505741324951510585e+00
5.600000000000000533e-01 -1.789117140817361451e-01 2.751645432084032006e+00
5.700000000000000622e-01 -1.985005724435868479e-01 1.286913184739394644e+00
5.800000000000000711e-01 -2.046499777765240224e-01 5.448439100715606748e-02
5.900000000000000799e-01 -1.995902602637299739e-01 -9.790365763348395367e-01
6.000000000000000888e-01 -1.850692462498272350e-01 -1.793771369220619860e+00
6.100000000000000977e-01 -1.637148328793175678e-01 -2.349595718946242418e+00
6.199999999999999956e-01 -1.380773318709024033e-01 -2.654046798437377674e+00
6.300000000000001155e-01 -1.106338969105700176e-01 -2.743055051668580546e+00
6.400000000000001243e-01 -8.321623083753078298e-02 -2.641023225792943574e+00
6.500000000000000222e-01 -5.781343239471113671e-02 -2.400242610334689441e+00
6.600000000000001421e-01 -3.521137863083698832e-02 -2.126016384289809658e+00
6.700000000000001510e-01 -1.529310470891494765e-02 -1.886433763658314389e+00
6.800000000000000488e-01 2.517296642329305660e-03 -1.665389040061042936e+00
6.900000000000000577e-01 1.801467609230591321e-02 -1.440715069723189634e+00
7.000000000000001776e-01 3.133159803679309852e-02 -1.235554061315901286e+00
7.100000000000000755e-01 4.272575731862393589e-02 -1.062666439905284754e+00
7.200000000000000844e-01 5.258492683489879999e-02 -9.223230881772045420e-01
7.300000000000000933e-01 6.117221908216802922e-02 -8.005450464248240472e-01
7.400000000000001021e-01 6.859582776339527566e-02 -6.884329627685519259e-01
7.500000000000001110e-01 7.494087833753906858e-02 -5.860804866332539609e-01
7.600000000000001199e-01 8.031743749606035099e-02 -5.005787715049735409e-01
7.700000000000000178e-01 8.495245376763854717e-02 -4.341491412432028074e-01
7.800000000000001377e-01 8.900042032092440880e-02 -3.822718520970252443e-01
7.900000000000001465e-01 9.259789080957904484e-02 -3.475158101224931073e-01
8.000000000000000444e-01 9.595073652337428316e-02 -3.262071854800571158e-01
8.100000000000001643e-01 9.912203451918019659e-02 -2.894325791981617879e-01
8.200000000000001732e-01 1.017393881073375139e-01 -2.211688348766905066e-01
8.300000000000000711e-01 1.035454112167139978e-01 -1.368758720716015675e-01
8.400000000000000799e-01 1.044769055487695386e-01 -7.383586502648960270e-02
8.500000000000001998e-01 1.050221285172437957e-01 -3.882898773721695646e-02
8.600000000000000977e-01 1.052534853035138884e-01 -1.105471953318660355e-02
8.700000000000001066e-01 1.052432229079075243e-01 1.685256689182297943e-02
8.800000000000001155e-01 1.049164339656774303e-01 4.203525037374434420e-02
8.900000000000001243e-01 1.044025179004326453e-01 6.495669431886313960e-02
9.000000000000001332e-01 1.036173000793001592e-01 9.141772464050289260e-02
9.100000000000001421e-01 1.025741634076225844e-01 1.183187999531510326e-01
9.200000000000000400e-01 1.012509240802371424e-01 1.382220104669980298e-01
9.300000000000001599e-01 9.980972319828261552e-02 1.536990041219554182e-01
9.400000000000001688e-01 9.817694399779802739e-02 1.708775610253482902e-01
9.500000000000000666e-01 9.639217197777565083e-02 1.922057851183698041e-01
9.600000000000001865e-01 9.433282829543063186e-02 2.145167073191935614e-01
9.700000000000001954e-01 9.210183783139178071e-02 2.310464429057269564e-01
9.800000000000000933e-01 8.971189943731609773e-02 2.437672405500084793e-01
9.900000000000001021e-01 8.722649302039160724e-02 2.559406379132965204e-01
1.000000000000000222e+00 8.459308667905016121e-02 2.673806148423754081e-01
1.010000000000000231e+00 8.187888072354410074e-02 2.739811436757167429e-01
1.020000000000000018e+00 7.911346380553582747e-02 2.820489536093898075e-01
1.030000000000000027e+00 7.623790165135631292e-02 3.004564078809753291e-01
1.040000000000000258e+00 7.310433564791632421e-02 3.252730601928233156e-01
1.050000000000000266e+00 6.973244044749983550e-02 3.475225027588073612e-01
1.060000000000000053e+00 6.615388559274017199e-02 3.676626344368894017e-01
1.070000000000000062e+00 6.237918775876204885e-02 3.882862998204533733e-01
1.080000000000000293e+00 5.838815959633110453e-02 4.085065991051611278e-01
1.090000000000000080e+00 5.420905577665882658e-02 4.260678271654976257e-01
1.100000000000000089e+00 4.986680305302115118e-02 4.425464747828476986e-01
1.110000000000000098e+00 4.535812628100187316e-02 4.596019650658202393e-01
1.120000000000000107e+00 4.067476375170474973e-02 4.774030227521764425e-01
1.130000000000000115e+00 3.581006582595834542e-02 4.940667796630533459e-01
1.140000000000000124e+00 3.079342815844367948e-02 5.069585100343974027e-01
1.150000000000000133e+00 2.567089562527039362e-02 5.157547499145953562e-01
1.160000000000000142e+00 2.047833316015177166e-02 9.597187516522824868e-01
1.170000000000000151e+00 6.476520592224743571e-03 9.850371472646112236e-01
1.180000000000000160e+00 7.775902148595473500e-04 3.205627793707869766e-01
1.190000000000000169e+00 6.526500480900302836e-05 3.887951074297736620e-02
1.200000000000000178e+00 0.000000000000000000e+00 6.526500480900303269e-03
