0.000000000000000000e+00 1.397222911328587713e+02 4.698138763076491955e+02
1.000000000000000194e-02 1.350241523697822856e+02 4.698138763076480018e+02
2.000000000000000389e-02 1.303260136067058284e+02 4.698138763076480018e+02
3.000000000000000583e-02 1.256278748436293284e+02 4.698138763076491955e+02
4.000000000000000777e-02 1.209297360805528427e+02 4.698138763076491955e+02
5.000000000000000278e-02 1.162315973174763428e+02 4.698138763076491955e+02
6.000000000000001166e-02 1.115334585543998571e+02 4.698138763076491955e+02
7.000000000000000666e-02 1.068353197913233572e+02 4.698138763076498208e+02
8.000000000000001554e-02 1.021371810282468573e+02 4.698138763076486271e+02
9.000000000000001055e-02 9.743904226517038580e+01 4.698138763076486271e+02
1.000000000000000056e-01 9.274090350209388589e+01 4.698138763076491955e+02
1.100000000000000144e-01 8.804276473901740019e+01 4.698138763076491955e+02
1.200000000000000233e-01 8.334462597594090028e+01 4.698138763076498208e+02
1.300000000000000322e-01 7.864648721286441457e+01 4.698138763076491955e+02
1.400000000000000133e-01 7.394834844978791466e+01 4.698138763076486271e+02
1.500000000000000222e-01 6.925020968671142896e+01 4.698138763076486271e+02
1.600000000000000311e-01 6.455207092363494326e+01 4.698138763076491955e+02
1.700000000000000122e-01 5.985393216055845045e+01 4.698138763076486271e+02
1.800000000000000211e-01 5.515579339748197185e+01 4.698138763076488544e+02
1.900000000000000300e-01 5.045765463440547194e+01 4.698138763076491955e+02
2.000000000000000111e-01 4.575951587132898624e+01 4.698138763076488544e+02
2.100000000000000200e-01 4.106137710825249343e+01 4.698138763076488544e+02
2.200000000000000289e-01 3.636323834517600773e+01 4.698138763076488544e+02
2.300000000000000100e-01 3.166509958209951492e+01 4.698138763076498208e+02
2.400000000000000466e-01 2.696696081902301145e+01 4.698138763076498208e+02
2.500000000000000555e-01 2.226882205594651865e+01 4.698138763076488544e+02
2.600000000000000644e-01 1.757068329287003294e+01 4.698138763076487976e+02
2.700000000000000733e-01 1.287254452979354191e+01 4.698138763076489681e+02
2.800000000000000266e-01 8.174405766717052657e+00 3.522115997223993986e+02
2.900000000000000355e-01 5.828312535345552270e+00 1.942004074547660082e+02
3.000000000000000444e-01 4.290397617621731108e+00 1.334732747936848227e+02
3.099999999999999978e-01 3.158847039471855744e+00 1.014627902118821794e+02
3.200000000000000622e-01 2.261141813384087484e+00 8.208535685381541214e+01
3.300000000000000711e-01 1.517139902395547635e+00 6.844638616430626143e+01
3.400000000000000244e-01 8.922140900979622646e-01 5.786545869252212526e+01
3.500000000000000888e-01 3.598307285451050053e-01 4.951249872151480957e+01
3.600000000000000422e-01 -9.803588433233388633e-02 4.252083789222703558e+01
3.700000000000000511e-01 -4.905860292994355665e-01 3.567440215530425007e+01
3.800000000000000600e-01 -8.115239274384189461e-01 2.826001665268153928e+01
3.900000000000000688e-01 -1.055786362353066332e+00 2.041571936929560138e+01
4.000000000000000222e-01 -1.219838314824331027e+00 1.273924843268169660e+01
4.100000000000000866e-01 -1.310571331006700424e+00 5.797778416680928082e+00
4.200000000000000400e-01 -1.335793883157949669e+00 -2.504418659397619207e-01
4.300000000000000488e-01 -1.305562493687905112e+00 -5.379082548888078463e+00
4.400000000000000577e-01 -1.228212232180188046e+00 -9.384857443125703469e+00
4.500000000000000666e-01 -1.117865344825391016e+00 -1.180478027024118681e+01
4.600000000000000200e-01 -9.921166267753642742e-01 -1.203488214036209669e+01
4.700000000000000844e-01 -8.771677020181490869e-01 -9.827704208201993197e+00
4.800000000000000933e-01 -7.955625426113244192e-01 -5.520043155668880708e+00
4.900000000000000466e-01 -7.667668389047713751e-01 -3.723413450566278593e-01
5.000000000000001110e-01 -7.881157157101917887e-01 3.676376654952901557e+00
5.100000000000000089e-01 -8.402943720038295039e-01 5.456474725414446780e+00
5.200000000000001288e-01 -8.972452102184806932e-01 5.218291610749383302e+00
5.300000000000000266e-01 -9.446602042188171344e-01 4.164462011385031026e+00
5.400000000000001465e-01 -9.805344504461813715e-01 3.216340602145138838e+00
5.500000000000000444e-01 -1.008987016261719827e+00 2.433966466894177838e+00
5.600000000000000533e-01 -1.029213779784065030e+00 1.281485474498747612e+00
5.700000000000000622e-01 -1.034616725751694943e+00 -6.194407322701015461e-01
5.800000000000000711e-01 -1.016824965138662940e+00 -3.149690074725306932e+00
5.900000000000000799e-01 -9.716229242571887692e-01 -5.855022574852138284e+00
6.000000000000000888e-01 -8.997245136416200939e-01 -8.112069727513288697e+00
6.100000000000000977e-01 -8.093815297069228976e-01 -9.572837563703481933e+00
6.199999999999999956e-01 -7.082677623675505130e-01 -1.039192366370420295e+01
6.300000000000001155e-01 -6.015430564328388963e-01 -1.070180775832365683e+01
6.400000000000001243e-01 -4.942316072010772832e-01 -1.050035598218727806e+01
6.500000000000000222e-01 -3.915359367890932640e-01 -9.656435295153324105e+00
6.600000000000001421e-01 -3.011029012980108166e-01 -8.102792006694052418e+00
6.700000000000001510e-01 -2.294800966552121846e-01 -5.899174812824205638e+00
6.800000000000000488e-01 -1.831194050415266839e-01 -3.198051468398647401e+00
6.900000000000000577e-01 -1.655190672872392244e-01 -4.000691967150305506e-01
7.000000000000001776e-01 -1.751180211072260740e-01 1.877151070236299679e+00
7.100000000000000755e-01 -2.030620886919652368e-01 3.324215843586860064e+00
7.200000000000000844e-01 -2.416023379789632719e-01 4.052524370169425794e+00
7.300000000000000933e-01 -2.841125760953537305e-01 4.390085257603753455e+00
7.400000000000001021e-01 -3.294040431310383266e-01 4.523365109935583384e+00
7.500000000000001110e-01 -3.745798782940654159e-01 4.303962063328203413e+00
7.600000000000001199e-01 -4.154832843976024037e-01 3.634891526948277551e+00
7.700000000000000178e-01 -4.472777088330309736e-01 2.801714346407382372e+00
7.800000000000001377e-01 -4.715175713257500623e-01 2.115843540152955171e+00
7.900000000000001465e-01 -4.895945796360900437e-01 1.530360744795192129e+00
8.000000000000000444e-01 -5.021247862216539071e-01 9.204994829522645805e-01
8.100000000000001643e-01 -5.080045692951353775e-01 3.071732517855393918e-01
8.200000000000001732e-01 -5.082682512573647449e-01 -2.457856320834741759e-01
8.300000000000000711e-01 -5.030888566534659212e-01 -7.660633649195650596e-01
8.400000000000000799e-01 -4.929469839589734059e-01 -1.251472560942191281e+00
8.500000000000001998e-01 -4.780594054346220534e-01 -1.722569812029930425e+00
8.600000000000000977e-01 -4.584955877183747863e-01 -2.142413983623074447e+00
8.700000000000001066e-01 -4.352111257621605889e-01 -2.542575207095802980e+00
8.800000000000001155e-01 -4.076440835764587045e-01 -2.989701489645879118e+00
8.900000000000001243e-01 -3.754170959692429976e-01 -3.389861703922608882e+00
9.000000000000001332e-01 -3.398468494980065313e-01 -3.462809245850348994e+00
9.100000000000001421e-01 -3.061609110522359734e-01 -3.043700780627377700e+00
9.200000000000000400e-01 -2.789728338854590151e-01 -2.385084216698812210e+00
9.300000000000001599e-01 -2.584592267182597713e-01 -1.791211105331271147e+00
9.400000000000001688e-01 -2.431486117788335677e-01 -1.369015446158846405e+00
9.500000000000000666e-01 -2.310789177950828277e-01 -1.162130273102780498e+00
9.600000000000001865e-01 -2.199060063167779522e-01 -1.235669336010243091e+00
9.700000000000001954e-01 -2.063655310748779559e-01 -1.503137148150775593e+00
9.800000000000000933e-01 -1.898432633537624481e-01 -1.790171621952156178e+00
9.900000000000001021e-01 -1.705620986358348246e-01 -1.972784854187438430e+00
1.000000000000000222e+00 -1.503875662700136784e-01 -2.054505447346083979e+00
1.010000000000000231e+00 -1.294719896889131583e-01 -2.048159351453509469e+00
1.020000000000000018e+00 -1.094243792409434757e-01 -1.991023166226102870e+00
1.030000000000000027e+00 -8.965152636439108202e-02 -1.898284796633274762e+00
1.040000000000000258e+00 -7.145868330827798154e-02 -1.795041903355355961e+00
1.050000000000000266e+00 -5.375068829728396613e-02 -1.703396166560222191e+00
1.060000000000000053e+00 -3.739075997707353577e-02 -1.621878146900543216e+00
1.070000000000000062e+00 -2.131312535927309612e-02 -1.480697568742771919e+00
1.080000000000000293e+00 -7.776808602218095341e-03 -1.318323722777193119e+00
1.090000000000000080e+00 5.053349096270770384e-03 -1.223128306800222553e+00
1.100000000000000089e+00 1.668575753378635437e-02 -1.132117116918672783e+00
1.110000000000000098e+00 2.769569143464422484e-02 -9.880986560894987614e-01
1.120000000000000107e+00 3.644773065557633390e-02 -7.460758021694019471e-01
1.130000000000000115e+00 4.261720747803226378e-02 -3.932975665264058507e-01
1.140000000000000124e+00 4.431368198610444870e-02 6.612332307988039171e-02
1.150000000000000133e+00 4.129474101643465511e-02 5.036556920644118529e-01
1.160000000000000142e+00 3.424056814481621358e-02 1.529942096354959036e+00
1.170000000000000151e+00 1.069589908933547134e-02 1.642995887941495203e+00
1.180000000000000160e+00 1.380650385986303226e-03 5.288835324290513951e-01
1.190000000000000169e+00 1.182284407544409812e-04 6.903251929931515651e-02
1.200000000000000178e+00 0.000000000000000000e+00 1.182284407544409791e-02
