0.000000000000000000e+00 7.186978567580538879e+01 1.928838612513620774e+02
1.000000000000000194e-02 6.994094706329175892e+01 1.928838612513608837e+02
2.000000000000000389e-02 6.801210845077817169e+01 1.928838612513608837e+02
3.000000000000000583e-02 6.608326983826454182e+01 1.928838612513614805e+02
4.000000000000000777e-02 6.415443122575094037e+01 1.928838612513608837e+02
5.000000000000000278e-02 6.222559261323733182e+01 1.928838612513614805e+02
6.000000000000001166e-02 6.029675400072370905e+01 1.928838612513620774e+02
7.000000000000000666e-02 5.836791538821008629e+01 1.928838612513614805e+02
8.000000000000001554e-02 5.643907677569647774e+01 1.928838612513608837e+02
9.000000000000001055e-02 5.451023816318286919e+01 1.928838612513608837e+02
1.000000000000000056e-01 5.258139955066926063e+01 1.928838612513614805e+02
1.100000000000000144e-01 5.065256093815563787e+01 1.928838612513614805e+02
1.200000000000000233e-01 4.872372232564202932e+01 1.928838612513611963e+02
1.300000000000000322e-01 4.679488371312841366e+01 1.928838612513614805e+02
1.400000000000000133e-01 4.486604510061479800e+01 1.928838612513611963e+02
1.500000000000000222e-01 4.293720648810118945e+01 1.928838612513611963e+02
1.600000000000000311e-01 4.100836787558758090e+01 1.928838612513614805e+02
1.700000000000000122e-01 3.907952926307396524e+01 1.928838612513611963e+02
1.800000000000000211e-01 3.715069065056035669e+01 1.928838612513611963e+02
1.900000000000000300e-01 3.522185203804674103e+01 1.928838612513614805e+02
2.000000000000000111e-01 3.329301342553312537e+01 1.928838612513614805e+02
2.100000000000000200e-01 3.136417481301950971e+01 1.928838612513611963e+02
2.200000000000000289e-01 2.943533620050590116e+01 1.928838612513611963e+02
2.300000000000000100e-01 2.750649758799228550e+01 1.928838612513617932e+02
2.400000000000000466e-01 2.557765897547866274e+01 1.928838612513614805e+02
2.500000000000000555e-01 2.364882036296505419e+01 1.928838612513611963e+02
2.600000000000000644e-01 2.171998175045143853e+01 1.928838612513614805e+02
2.700000000000000733e-01 1.979114313793782642e+01 1.928838612513611963e+02
2.800000000000000266e-01 1.786230452542421432e+01 1.928838612513611963e+02
2.900000000000000355e-01 1.593346591291060044e+01 1.928838612513613100e+02
3.000000000000000444e-01 1.400462730039698833e+01 1.928838612513608837e+02
3.099999999999999978e-01 1.207578868788338333e+01 1.928838612513613100e+02
3.200000000000000622e-01 1.014695007536976235e+01 1.928838612513619921e+02
3.300000000000000711e-01 8.218111462856143135e+00 1.928838612513612532e+02
3.400000000000000244e-01 6.289272850342536358e+00 1.928838612513612532e+02
3.500000000000000888e-01 4.360434237828917148e+00 1.636402185885261815e+02
3.600000000000000422e-01 3.016468478572012835e+00 1.195817507164823894e+02
3.700000000000000511e-01 1.968799223499269502e+00 9.485820624320599848e+01
3.800000000000000600e-01 1.119304353707892830e+00 7.756710138023427703e+01
3.900000000000000688e-01 4.174571958945837991e-01 6.446124716778030006e+01
4.000000000000000222e-01 -1.699205896477134214e-01 5.413355993271283495e+01
4.100000000000000866e-01 -6.652140027596730176e-01 4.555010238439776060e+01
4.200000000000000400e-01 -1.080922637335668846e+00 3.793408577653355707e+01
4.300000000000000488e-01 -1.423895718290344226e+00 3.096864266869710036e+01
4.400000000000000577e-01 -1.700295490709610835e+00 2.460519142399224535e+01
4.500000000000000666e-01 -1.915999546770189133e+00 1.877627640656255181e+01
4.600000000000000200e-01 -2.075821018840861676e+00 1.362626192896411226e+01
4.700000000000000844e-01 -2.188524785349471369e+00 9.359474092945571755e+00
4.800000000000000933e-01 -2.263010500699773164e+00 6.051266361376747227e+00
4.900000000000000466e-01 -2.309550112577006598e+00 3.374465807389828598e+00
5.000000000000001110e-01 -2.330499816847569683e+00 8.973926875211767351e-01
5.100000000000000089e-01 -2.327497966327429779e+00 -1.410177501632870811e+00
5.200000000000001288e-01 -2.302296266814912507e+00 -3.292817060220063485e+00
5.300000000000000266e-01 -2.261641625123028465e+00 -4.612488241485228180e+00
5.400000000000001465e-01 -2.210046501985207801e+00 -5.389317973990160660e+00
5.500000000000000444e-01 -2.153855265643225270e+00 -5.698616068809591262e+00
5.600000000000000533e-01 -2.096074180609015958e+00 -5.781743866598193726e+00
5.700000000000000622e-01 -2.038220388311261733e+00 -5.895345799035496270e+00
5.800000000000000711e-01 -1.978167264628306166e+00 -6.165442422233097908e+00
5.900000000000000799e-01 -1.914911539866599677e+00 -6.609761151854772088e+00
6.000000000000000888e-01 -1.845972041591210644e+00 -7.033650533254318660e+00
6.100000000000000977e-01 -1.774238529201513259e+00 -7.287347533240705388e+00
6.199999999999999956e-01 -1.700225090926396510e+00 -7.492880352621240192e+00
6.300000000000001155e-01 -1.624380922149088358e+00 -7.634839832376609792e+00
6.400000000000001243e-01 -1.547528294278864180e+00 -7.596764542857562752e+00
6.500000000000000222e-01 -1.472445631291937174e+00 -7.329209029001395592e+00
6.600000000000001421e-01 -1.400944113698836313e+00 -6.902892442637305059e+00
6.700000000000001510e-01 -1.334387782439190984e+00 -6.461144520047120032e+00
6.800000000000000488e-01 -1.271721223297894054e+00 -6.216628512745121071e+00
6.900000000000000577e-01 -1.210055212184288687e+00 -6.210239126919122832e+00
7.000000000000001776e-01 -1.147516440759511536e+00 -6.247178954747228730e+00
7.100000000000000755e-01 -1.085111633089343997e+00 -6.125518040123627550e+00
7.200000000000000844e-01 -1.025006079957039073e+00 -5.852297563040772310e+00
7.300000000000000933e-01 -9.680656818285285903e-01 -5.454474627399767961e+00
7.400000000000001021e-01 -9.159165874090435810e-01 -4.885227911781936605e+00
7.500000000000001110e-01 -8.703611235928898626e-01 -4.179159297379943183e+00
7.600000000000001199e-01 -8.323334014614447440e-01 -3.528847292677698366e+00
7.700000000000000178e-01 -7.997841777393358553e-01 -3.084160281755528032e+00
7.800000000000001377e-01 -7.706501958263342056e-01 -2.832241395176116061e+00
7.900000000000001465e-01 -7.431393498358135341e-01 -2.693159194755923913e+00
8.000000000000000444e-01 -7.167870119312157451e-01 -2.580816098480528176e+00
8.100000000000001643e-01 -6.915230278662030106e-01 -2.435485904785430034e+00
8.200000000000001732e-01 -6.680772938355070689e-01 -2.254199483703416274e+00
8.300000000000000711e-01 -6.464390381921346629e-01 -2.078072663416292709e+00
8.400000000000000799e-01 -6.265158405671812369e-01 -1.934755371747666874e+00
8.500000000000001998e-01 -6.077439307571813609e-01 -1.854935633283882002e+00
8.600000000000000977e-01 -5.894171279015035791e-01 -1.881535303527533287e+00
8.700000000000001066e-01 -5.701132246866306152e-01 -2.001286328836375361e+00
8.800000000000001155e-01 -5.493914013247760408e-01 -2.128186766817456110e+00
8.900000000000001243e-01 -5.275494893502815641e-01 -2.200457317315335448e+00
9.000000000000001332e-01 -5.053822549784693363e-01 -2.222776724667568260e+00
9.100000000000001421e-01 -4.830939548569301301e-01 -2.225693475222910944e+00
9.200000000000000400e-01 -4.608683854740111552e-01 -2.220493163663453728e+00
9.300000000000001599e-01 -4.386840915836610622e-01 -2.198075890522004361e+00
9.400000000000001688e-01 -4.169068676635710458e-01 -2.166965020587861446e+00
9.500000000000000666e-01 -3.953447911719038532e-01 -2.154208597780825851e+00
9.600000000000001865e-01 -3.738226957079545110e-01 -2.167206799678941032e+00
9.700000000000001954e-01 -3.520006551783250170e-01 -2.184600586263508948e+00
9.800000000000000933e-01 -3.301306839826843587e-01 -2.176933366272554959e+00
9.900000000000001021e-01 -3.084619878528739312e-01 -2.137584067409564526e+00
1.000000000000000222e+00 -2.873790026344930637e-01 -2.090847155483516406e+00
1.010000000000000231e+00 -2.666450447432035520e-01 -2.056753453602542692e+00
1.020000000000000018e+00 -2.462439335624422021e-01 -2.024868635894376823e+00
1.030000000000000027e+00 -2.261476720253160488e-01 -1.983505614621383639e+00
1.040000000000000258e+00 -2.065738212700145293e-01 -1.924967693091594656e+00
1.050000000000000266e+00 -1.876483181634841513e-01 -1.849667798639814231e+00
1.060000000000000053e+00 -1.695804652972182358e-01 -1.763422686459783950e+00
1.070000000000000062e+00 -1.523798644342884701e-01 -1.671464572644581814e+00
1.080000000000000293e+00 -1.361511738443265951e-01 -1.576458871542160800e+00
1.090000000000000080e+00 -1.208506870034452424e-01 -1.484376586952483867e+00
1.100000000000000089e+00 -1.064636421052769233e-01 -1.394418309193083294e+00
1.110000000000000098e+00 -9.296232081958358262e-02 -1.305149505455675873e+00
1.120000000000000107e+00 -8.036065199616340693e-02 -1.218881244380169981e+00
1.130000000000000115e+00 -6.858469593198017467e-02 -1.144593395535375535e+00
1.140000000000000124e+00 -5.746878408545588734e-02 -1.087781866437390388e+00
1.150000000000000133e+00 -4.682905860323236663e-02 -1.045177041356455838e+00
1.160000000000000142e+00 -3.656524325832677391e-02 -1.790360213071788387e+00
1.170000000000000151e+00 -1.102185434179659036e-02 -1.764329732165792253e+00
1.180000000000000160e+00 -1.278648615010926151e-03 -5.460648654244675271e-01
1.190000000000000169e+00 -1.005570333072392972e-04 -6.393243075054630409e-02
1.200000000000000178e+00 0.000000000000000000e+00 -1.005570333072393005e-02
