0.000000000000000000e+00 1.800645679523416902e+02 4.542073011976330577e+02
1.000000000000000194e-02 1.755224949403653625e+02 4.542073011976318639e+02
2.000000000000000389e-02 1.709804219283890632e+02 4.542073011976318639e+02
3.000000000000000583e-02 1.664383489164127354e+02 4.542073011976318639e+02
4.000000000000000777e-02 1.618962759044364361e+02 4.542073011976318639e+02
5.000000000000000278e-02 1.573542028924600800e+02 4.542073011976318639e+02
6.000000000000001166e-02 1.528121298804837807e+02 4.542073011976318639e+02
7.000000000000000666e-02 1.482700568685074529e+02 4.542073011976318639e+02
8.000000000000001554e-02 1.437279838565311536e+02 4.542073011976318639e+02
9.000000000000001055e-02 1.391859108445548259e+02 4.542073011976306702e+02
1.000000000000000056e-01 1.346438378325785266e+02 4.542073011976306702e+02
1.100000000000000144e-01 1.301017648206021988e+02 4.542073011976330577e+02
1.200000000000000233e-01 1.255596918086258711e+02 4.542073011976318639e+02
1.300000000000000322e-01 1.210176187966495718e+02 4.542073011976318639e+02
1.400000000000000133e-01 1.164755457846732298e+02 4.542073011976318639e+02
1.500000000000000222e-01 1.119334727726969305e+02 4.542073011976318639e+02
1.600000000000000311e-01 1.073913997607206028e+02 4.542073011976318639e+02
1.700000000000000122e-01 1.028493267487442893e+02 4.542073011976312955e+02
1.800000000000000211e-01 9.830725373676797574e+01 4.542073011976318639e+02
1.900000000000000300e-01 9.376518072479164800e+01 4.542073011976318639e+02
2.000000000000000111e-01 8.922310771281533448e+01 4.542073011976318639e+02
2.100000000000000200e-01 8.468103470083900675e+01 4.542073011976312955e+02
2.200000000000000289e-01 8.013896168886270743e+01 4.542073011976312955e+02
2.300000000000000100e-01 7.559688867688637970e+01 4.542073011976324892e+02
2.400000000000000466e-01 7.105481566491005196e+01 4.542073011976324892e+02
2.500000000000000555e-01 6.651274265293373844e+01 4.542073011976312955e+02
2.600000000000000644e-01 6.197066964095743202e+01 4.542073011976312955e+02
2.700000000000000733e-01 5.742859662898111139e+01 4.542073011976318639e+02
2.800000000000000266e-01 5.288652361700479076e+01 4.542073011976318639e+02
2.900000000000000355e-01 4.834445060502847014e+01 4.542073011976315797e+02
3.000000000000000444e-01 4.380237759305215661e+01 4.542073011976306702e+02
3.099999999999999978e-01 3.926030458107585730e+01 4.542073011976315797e+02
3.200000000000000622e-01 3.471823156909952957e+01 4.542073011976330577e+02
3.300000000000000711e-01 3.017615855712319473e+01 4.542073011976316934e+02
3.400000000000000244e-01 2.563408554514689186e+01 4.542073011976316934e+02
3.500000000000000888e-01 2.109201253317056057e+01 4.542073011976315797e+02
3.600000000000000422e-01 1.654993952119426126e+01 3.814408691306410901e+02
3.700000000000000511e-01 1.346319515055773941e+01 2.701567726384139974e+02
3.800000000000000600e-01 1.114680406842597904e+01 2.127107777555137034e+02
3.900000000000000688e-01 9.208979595447463140e+00 1.747709372973528161e+02
4.000000000000000222e-01 7.651385322478923001e+00 1.436037290537980766e+02
4.100000000000000866e-01 6.336905014371501998e+00 1.213669166770952046e+02
4.200000000000000400e-01 5.224046988937018909e+00 1.030564336122276501e+02
4.300000000000000488e-01 4.275776342126948570e+00 8.847969709815940575e+01
4.400000000000000577e-01 3.454453046973830599e+00 7.691429953580983181e+01
4.500000000000000666e-01 2.737490351410751810e+00 6.701115531129414649e+01
4.600000000000000200e-01 2.114229940747947456e+00 5.804063499768754752e+01
4.700000000000000844e-01 1.576677651457001117e+00 4.970606050229724104e+01
4.800000000000000933e-01 1.120108730702002564e+00 4.220900151672734069e+01
4.900000000000000466e-01 7.324976211224542011e-01 3.526880841721997228e+01
5.000000000000001110e-01 4.147325623576029741e-01 2.887273390356590497e+01
5.100000000000000089e-01 1.550429430511360007e-01 2.296032174744764021e+01
5.200000000000001288e-01 -4.447387259134989723e-02 1.737388401615539379e+01
5.300000000000000266e-01 -1.924347372719719118e-01 1.244493082846118170e+01
5.400000000000001465e-01 -2.933724891605735130e-01 8.437517883302087185e+00
5.500000000000000444e-01 -3.611850949380136511e-01 5.493495217918630935e+00
5.600000000000000533e-01 -4.032423935189461406e-01 3.000776985501470318e+00
5.700000000000000622e-01 -4.212006346480430818e-01 1.293675574820242646e+00
5.800000000000000711e-01 -4.291159050153510179e-01 5.517752767781111123e-01
5.900000000000000799e-01 -4.322361401836052885e-01 4.584971192987316591e-02
6.000000000000000888e-01 -4.300328992539484418e-01 -2.366829790394728572e-01
6.100000000000000977e-01 -4.275024806028158708e-01 -5.925551138694914455e-01
6.199999999999999956e-01 -4.181817969765586618e-01 -1.285804631069465520e+00
6.300000000000001155e-01 -4.017863879814265182e-01 -2.094564318020156524e+00
6.400000000000001243e-01 -3.762905106161554825e-01 -3.081795440814969478e+00
6.500000000000000222e-01 -3.401504791651271398e-01 -4.277724523736007534e+00
6.600000000000001421e-01 -2.907360201414353473e-01 -5.762113562262023869e+00
6.700000000000001510e-01 -2.249082079198866657e-01 -6.871600677321728412e+00
6.800000000000000488e-01 -1.533040065950007635e-01 -7.316690141663669600e+00
6.900000000000000577e-01 -7.857440508661325818e-02 -7.407591622748299187e+00
7.000000000000001776e-01 -5.152174140034773524e-03 -6.607866248606990567e+00
7.100000000000000755e-01 5.358291988552653373e-02 -5.268855350631270085e+00
7.200000000000000844e-01 1.002249328725906413e-01 -3.763849655027169838e+00
7.300000000000000933e-01 1.288599129860699410e-01 -1.862652094842552453e+00
7.400000000000001021e-01 1.374779747694416798e-01 -5.170967823565095767e-01
7.500000000000001110e-01 1.392018486332001204e-01 2.429486388876050673e-01
7.600000000000001199e-01 1.326190019916895779e-01 7.523819085566274545e-01
7.700000000000000178e-01 1.241542104620675796e-01 9.070662274639456069e-01
7.800000000000001377e-01 1.144776774424106774e-01 8.881134286880830730e-01
7.900000000000001465e-01 1.063919418883059187e-01 6.284218169640634066e-01
8.000000000000000444e-01 1.019092411031294054e-01 6.034825532557599459e-01
8.100000000000001643e-01 9.432229082319071312e-02 6.936698293920335878e-01
8.200000000000001732e-01 8.803584451528873034e-02 7.191878604420014476e-01
8.300000000000000711e-01 7.993853361435068750e-02 8.759789373002390134e-01
8.400000000000000799e-01 7.051626576928395063e-02 9.122575902863322428e-01
8.500000000000001998e-01 6.169338180862404125e-02 9.114164440546204116e-01
8.600000000000000977e-01 5.228793688819154128e-02 8.246973920252316237e-01
8.700000000000001066e-01 4.519943396811940822e-02 6.395557915085189338e-01
8.800000000000001155e-01 3.949682105802115872e-02 4.037113140176909476e-01
8.900000000000001243e-01 3.712520768776558788e-02 6.396471963633360014e-02
9.000000000000001332e-01 3.821752666529448783e-02 -1.381295748883940855e-01
9.100000000000001421e-01 3.988779918553347209e-02 -2.757743204508457113e-01
9.200000000000000400e-01 4.373301307431140539e-02 -4.028249872306621238e-01
9.300000000000001599e-01 4.794429893014671290e-02 -4.096448123755202508e-01
9.400000000000001688e-01 5.192590932182181152e-02 -3.720704758508523446e-01
9.500000000000000666e-01 5.538570844716376312e-02 -2.864290186084527678e-01
9.600000000000001865e-01 5.765448969399086798e-02 -2.181878074127409084e-01
9.700000000000001954e-01 5.974946459541857768e-02 -1.601019665174553963e-01
9.800000000000000933e-01 6.085652902433997397e-02 -8.030009698173684596e-02
9.900000000000001021e-01 6.135546653505331849e-02 -8.967266162281227471e-02
1.000000000000000222e+00 6.264998225679621613e-02 -8.832841494624420198e-02
1.010000000000000231e+00 6.312203483397819948e-02 -2.168459862748924050e-02
1.020000000000000018e+00 6.308367422934600677e-02 2.912654390792541320e-02
1.030000000000000027e+00 6.253950395581969746e-02 9.179432127193797031e-02
1.040000000000000258e+00 6.124778780390724431e-02 1.342822296632494306e-01
1.050000000000000266e+00 5.985385936255470385e-02 2.209887051693045779e-01
1.060000000000000053e+00 5.682801370052115164e-02 3.354243630313659130e-01
1.070000000000000062e+00 5.314537210192738642e-02 4.221506793694846382e-01
1.080000000000000293e+00 4.838500011313145999e-02 4.967873179559701424e-01
1.090000000000000080e+00 4.320962574280798330e-02 5.149077690774188643e-01
1.100000000000000089e+00 3.808684473158308048e-02 5.282236425586588346e-01
1.110000000000000098e+00 3.264515289163480438e-02 5.402063830143898349e-01
1.120000000000000107e+00 2.728271707129528365e-02 5.236676447475366869e-01
1.130000000000000115e+00 2.217179999668407106e-02 4.869624994527188000e-01
1.140000000000000124e+00 1.754346708224090862e-02 4.317965889718725636e-01
1.150000000000000133e+00 1.353586821724661778e-02 3.777736707602124544e-01
1.160000000000000142e+00 9.987993667036659112e-03 4.853365948095709759e-01
1.170000000000000151e+00 3.829136321055197530e-03 4.667328129666897807e-01
1.180000000000000160e+00 6.533374077028631516e-04 1.884027808588128183e-01
1.190000000000000169e+00 6.108070387894130285e-05 3.266687038514315411e-02
1.200000000000000178e+00 0.000000000000000000e+00 6.108070387894129309e-03
