0.000000000000000000e+00 3.164312471599886294e+02 7.827170720689376822e+02
1.000000000000000194e-02 3.086040764392992628e+02 7.827170720689329073e+02
2.000000000000000389e-02 3.007769057186099531e+02 7.827170720689329073e+02
3.000000000000000583e-02 2.929497349979205865e+02 7.827170720689329073e+02
4.000000000000000777e-02 2.851225642772312767e+02 7.827170720689329073e+02
5.000000000000000278e-02 2.772953935565419101e+02 7.827170720689329073e+02
6.000000000000001166e-02 2.694682228358526572e+02 7.827170720689329073e+02
7.000000000000000666e-02 2.616410521151632338e+02 7.827170720689329073e+02
8.000000000000001554e-02 2.538138813944739809e+02 7.827170720689329073e+02
9.000000000000001055e-02 2.459867106737845859e+02 7.827170720689329073e+02
1.000000000000000056e-01 2.381595399530953046e+02 7.827170720689329073e+02
1.100000000000000144e-01 2.303323692324059380e+02 7.827170720689352947e+02
1.200000000000000233e-01 2.225051985117165998e+02 7.827170720689329073e+02
1.300000000000000322e-01 2.146780277910272616e+02 7.827170720689318841e+02
1.400000000000000133e-01 2.068508570703379803e+02 7.827170720689318841e+02
1.500000000000000222e-01 1.990236863496486421e+02 7.827170720689329073e+02
1.600000000000000311e-01 1.911965156289593040e+02 7.827170720689329073e+02
1.700000000000000122e-01 1.833693449082699658e+02 7.827170720689329073e+02
1.800000000000000211e-01 1.755421741875806561e+02 7.827170720689329073e+02
1.900000000000000300e-01 1.677150034668913179e+02 7.827170720689329073e+02
2.000000000000000111e-01 1.598878327462019797e+02 7.827170720689329073e+02
2.100000000000000200e-01 1.520606620255126700e+02 7.827170720689329073e+02
2.200000000000000289e-01 1.442334913048233318e+02 7.827170720689329073e+02
2.300000000000000100e-01 1.364063205841339936e+02 7.827170720689342716e+02
2.400000000000000466e-01 1.285791498634446555e+02 7.827170720689342716e+02
2.500000000000000555e-01 1.207519791427553173e+02 7.827170720689329073e+02
2.600000000000000644e-01 1.129248084220659791e+02 7.827170720689329073e+02
2.700000000000000733e-01 1.050976377013766552e+02 7.827170720689329073e+02
2.800000000000000266e-01 9.727046698068731700e+01 7.827170720689329073e+02
2.900000000000000355e-01 8.944329625999799305e+01 7.827170720689329073e+02
3.000000000000000444e-01 8.161612553930866909e+01 7.827170720689318841e+02
3.099999999999999978e-01 7.378895481861935934e+01 7.827170720689329073e+02
3.200000000000000622e-01 6.596178409793000696e+01 7.827170720689359769e+02
3.300000000000000711e-01 5.813461337724063327e+01 7.827170720689329073e+02
3.400000000000000244e-01 5.030744265655134484e+01 7.827170720689326799e+02
3.500000000000000888e-01 4.248027193586198536e+01 7.827170720689329073e+02
3.600000000000000422e-01 3.465310121517268271e+01 7.827170720689329073e+02
3.700000000000000511e-01 2.682593049448332323e+01 7.827170720689331347e+02
3.800000000000000600e-01 1.899875977379401704e+01 7.827170720689329073e+02
3.900000000000000688e-01 1.117158905310466288e+01 4.797162930871881485e+02
4.000000000000000222e-01 9.404433912050254918e+00 1.936259190385898705e+02
4.100000000000000866e-01 7.299070672332865328e+00 1.907835959610329439e+02
4.200000000000000400e-01 5.588761992829595293e+00 1.547856017381131721e+02
4.300000000000000488e-01 4.203358637570602241e+00 1.251229743785780357e+02
4.400000000000000577e-01 3.086302505258034845e+00 1.023453785129735536e+02
4.500000000000000666e-01 2.156451067311131009e+00 8.362509526785663638e+01
4.600000000000000200e-01 1.413800599900902011e+00 6.835850497689145300e+01
4.700000000000000844e-01 7.892809677733018114e-01 5.756968096678104985e+01
4.800000000000000933e-01 2.624069805652808896e-01 4.847298521175861197e+01
4.900000000000000466e-01 -1.801787364618704368e-01 4.016659335879164416e+01
5.000000000000001110e-01 -5.409248866105520470e-01 3.495771942479578342e+01
5.100000000000000089e-01 -8.793331249577862607e-01 3.108273549937652547e+01
5.200000000000001288e-01 -1.162579596598082743e+00 2.726519221516572600e+01
5.300000000000000266e-01 -1.424636969261100727e+00 2.483843520799726790e+01
5.400000000000001465e-01 -1.659348300758028083e+00 2.178960095464389113e+01
5.500000000000000444e-01 -1.860428988353978630e+00 1.778086064328651617e+01
5.600000000000000533e-01 -2.014965513623758309e+00 1.383318360280889436e+01
5.700000000000000622e-01 -2.137092660410156775e+00 9.756337446774297817e+00
5.800000000000000711e-01 -2.210092262559244514e+00 5.139295439600362059e+00
5.900000000000000799e-01 -2.239878569202163661e+00 1.002927653142809739e+00
6.000000000000000888e-01 -2.230150815622100602e+00 -2.589044440524352453e+00
6.100000000000000977e-01 -2.188097680391676736e+00 -6.604856013215274047e+00
6.199999999999999956e-01 -2.098053695357795068e+00 -9.489195512132965860e+00
6.300000000000001155e-01 -1.998313770149017454e+00 -1.027306130727508915e+01
6.400000000000001243e-01 -1.892592469212293294e+00 -1.220171110794371927e+01
6.500000000000000222e-01 -1.754279547990142962e+00 -1.406607151829416225e+01
6.600000000000001421e-01 -1.611271038846409986e+00 -1.530039828142633773e+01
6.700000000000001510e-01 -1.448271582361616350e+00 -1.676893706598581346e+01
6.800000000000000488e-01 -1.275892297526693753e+00 -1.678225621719654015e+01
6.900000000000000577e-01 -1.112626458017685449e+00 -1.588202658841407811e+01
7.000000000000001776e-01 -9.582517657584121995e-01 -1.583215522315295942e+01
7.100000000000000755e-01 -7.959833535546262384e-01 -1.707463626941221335e+01
7.200000000000000844e-01 -6.167590403701679325e-01 -1.769481763045829226e+01
7.300000000000000933e-01 -4.420870009454603844e-01 -1.643844593728420378e+01
7.400000000000001021e-01 -2.879901216244837858e-01 -1.615022351767833797e+01
7.500000000000001110e-01 -1.190825305918936095e-01 -1.521283156257286784e+01
7.600000000000001199e-01 1.626650962697361730e-02 -1.445180704206124922e+01
7.700000000000000178e-01 1.699536102493313938e-01 -1.413234736100047506e+01
7.800000000000001377e-01 2.989134568469831166e-01 -1.159202361928611325e+01
7.900000000000001465e-01 4.017940826350536732e-01 -9.711709616066249495e+00
8.000000000000000444e-01 4.931476491683081109e-01 -7.951104440436968623e+00
8.100000000000001643e-01 5.608161714437930323e-01 -5.520101864721719487e+00
8.200000000000001732e-01 6.035496864627425406e-01 -3.684013928203605293e+00
8.300000000000000711e-01 6.344964500078651426e-01 -7.231120918593343383e-01
8.400000000000000799e-01 6.180119282999292363e-01 2.025360201313665787e+00
8.500000000000001998e-01 5.939892459815918624e-01 3.816591572046031278e+00
8.600000000000000977e-01 5.416800968590085308e-01 5.626636297153481792e+00
8.700000000000001066e-01 4.814565200385221844e-01 6.620678182284978952e+00
8.800000000000001155e-01 4.092665332133089695e-01 6.445163594969129939e+00
8.900000000000001243e-01 3.525532481391395745e-01 5.866095606613265012e+00
9.000000000000001332e-01 2.919446210810436870e-01 5.642166379762231898e+00
9.100000000000001421e-01 2.397099205438949499e-01 5.401396183258549755e+00
9.200000000000000400e-01 1.839166974158726597e-01 4.863615759112294157e+00
9.300000000000001599e-01 1.424376053616490390e-01 4.767189294754201612e+00
9.400000000000001688e-01 8.857291152078863861e-02 4.808188344679328985e+00
9.500000000000000666e-01 4.627383846806246148e-02 4.535792262459199975e+00
9.600000000000001865e-01 -2.142933728395368404e-03 4.279628268160117877e+00
9.700000000000001954e-01 -3.931872689513989105e-02 3.363309654147879524e+00
9.800000000000000933e-01 -6.940912681135295859e-02 2.811466397034242171e+00
9.900000000000001021e-01 -9.554805483582472225e-02 3.097775280062963432e+00
1.000000000000000222e+00 -1.313646324126122311e-01 2.598556983994124714e+00
1.010000000000000231e+00 -1.475191945157072193e-01 2.074494542110576045e+00
1.020000000000000018e+00 -1.728545232548237554e-01 2.380831302990722875e+00
1.030000000000000027e+00 -1.951358205755216735e-01 1.924035431079214264e+00
1.040000000000000258e+00 -2.113352318764080418e-01 1.442053431244943118e+00
1.050000000000000266e+00 -2.239768892004205536e-01 1.264298168610919593e+00
1.060000000000000053e+00 -2.366211952486264314e-01 4.141251618672303070e-01
1.070000000000000062e+00 -2.322593924377651664e-01 -3.442261334826519081e-01
1.080000000000000293e+00 -2.297366725789733999e-01 -1.125299501922754297e+00
1.090000000000000080e+00 -2.097534023993100627e-01 -2.118391651672974163e+00
1.100000000000000089e+00 -1.873688395455139211e-01 -3.031223545845183498e+00
1.110000000000000098e+00 -1.491289314824063850e-01 -3.517492379206650366e+00
1.120000000000000107e+00 -1.170189919613809221e-01 -3.421088076221401320e+00
1.130000000000000115e+00 -8.070716995797837245e-02 -3.566817089345004188e+00
1.140000000000000124e+00 -4.568265017448083082e-02 -2.946067321326474975e+00
1.150000000000000133e+00 -2.178582353144886685e-02 -1.896214991200785738e+00
1.160000000000000142e+00 -7.758350350465114190e-03 -1.300255696999708332e+00
1.170000000000000151e+00 4.219290408545301428e-03 -4.359092747808643864e-01
1.180000000000000160e+00 9.598351451521744881e-04 2.067689154693976017e-01
1.190000000000000169e+00 8.391209915734996626e-05 4.799175725760872202e-02
1.200000000000000178e+00 0.000000000000000000e+00 8.391209915734994945e-03
