0.000000000000000000e+00 6.400370587028642433e+01 1.914668894157301224e+02
1.000000000000000194e-02 6.208903697612912254e+01 1.914668894157307193e+02
2.000000000000000389e-02 6.017436808197180653e+01 1.914668894157307193e+02
3.000000000000000583e-02 5.825969918781450474e+01 1.914668894157301224e+02
4.000000000000000777e-02 5.634503029365720295e+01 1.914668894157307193e+02
5.000000000000000278e-02 5.443036139949989405e+01 1.914668894157307193e+02
6.000000000000001166e-02 5.251569250534259226e+01 1.914668894157307193e+02
7.000000000000000666e-02 5.060102361118527625e+01 1.914668894157307193e+02
8.000000000000001554e-02 4.868635471702797446e+01 1.914668894157307193e+02
9.000000000000001055e-02 4.677168582287066556e+01 1.914668894157304351e+02
1.000000000000000056e-01 4.485701692871337087e+01 1.914668894157304351e+02
1.100000000000000144e-01 4.294234803455605487e+01 1.914668894157310319e+02
1.200000000000000233e-01 4.102767914039874597e+01 1.914668894157307193e+02
1.300000000000000322e-01 3.911301024624143707e+01 1.914668894157304351e+02
1.400000000000000133e-01 3.719834135208414239e+01 1.914668894157304351e+02
1.500000000000000222e-01 3.528367245792683349e+01 1.914668894157307193e+02
1.600000000000000311e-01 3.336900356376952459e+01 1.914668894157304351e+02
1.700000000000000122e-01 3.145433466961222280e+01 1.914668894157304351e+02
1.800000000000000211e-01 2.953966577545491390e+01 1.914668894157307193e+02
1.900000000000000300e-01 2.762499688129760855e+01 1.914668894157304351e+02
2.000000000000000111e-01 2.571032798714030676e+01 1.914668894157304351e+02
2.100000000000000200e-01 2.379565909298299786e+01 1.914668894157305488e+02
2.200000000000000289e-01 2.188099019882569607e+01 1.914668894157305488e+02
2.300000000000000100e-01 1.996632130466838717e+01 1.914668894157310319e+02
2.400000000000000466e-01 1.805165241051107472e+01 1.914668894157308614e+02
2.500000000000000555e-01 1.613698351635376937e+01 1.914668894157304351e+02
2.600000000000000644e-01 1.422231462219646581e+01 1.914668894157305488e+02
2.700000000000000733e-01 1.230764572803915868e+01 1.914668894157305488e+02
2.800000000000000266e-01 1.039297683388185511e+01 1.914668894157305488e+02
2.900000000000000355e-01 8.478307939724546216e+00 1.914668894157306056e+02
3.000000000000000444e-01 6.563639045567241759e+00 1.914668894157302077e+02
3.099999999999999978e-01 4.648970151409942630e+00 1.550287646162510669e+02
3.200000000000000622e-01 3.463063753242220599e+00 1.033811295730109663e+02
3.300000000000000711e-01 2.581347559949723536e+00 7.877036174392658552e+01
3.400000000000000244e-01 1.887656518363689084e+00 6.244542583747738718e+01
3.500000000000000888e-01 1.332439043200175366e+00 4.998717291843832555e+01
3.600000000000000422e-01 8.879130599949224267e-01 3.985000899067728852e+01
3.700000000000000511e-01 5.354388633866296043e-01 3.151637401088881418e+01
3.800000000000000600e-01 2.575855797771460232e-01 2.463411995633703100e+01
3.900000000000000688e-01 4.275646425988899324e-02 1.881356022986840770e+01
4.000000000000000222e-01 -1.186856248202221437e-01 1.380974941163590763e+01
4.100000000000000866e-01 -2.334385239728291594e-01 9.525055893296212162e+00
4.200000000000000400e-01 -3.091867426861464319e-01 5.892800675086674822e+00
4.300000000000000488e-01 -3.512945374745626848e-01 2.830714909217141528e+00
4.400000000000000577e-01 -3.658010408704892580e-01 2.976281564121615042e-01
4.500000000000000666e-01 -3.572471006028059004e-01 -1.715431721374442331e+00
4.600000000000000200e-01 -3.314924064430004313e-01 -3.214014938189594162e+00
4.700000000000000844e-01 -2.929668018390140238e-01 -4.232839020141306641e+00
4.800000000000000933e-01 -2.468356260401742830e-01 -4.808710222461312966e+00
4.900000000000000466e-01 -1.967925973897877712e-01 -5.010655672329551003e+00
5.000000000000001110e-01 -1.466225125935832485e-01 -4.922884658106213784e+00
5.100000000000000089e-01 -9.833490422766347216e-02 -4.613737370619036327e+00
5.200000000000001288e-01 -5.434776518120251754e-02 -4.148546459295215705e+00
5.300000000000000266e-01 -1.536397504175916577e-02 -3.634640728406912658e+00
5.400000000000001465e-01 1.834504938693574255e-02 -3.112928986807558029e+00
5.500000000000000444e-01 4.689460469439199475e-02 -2.596309486201935357e+00
5.600000000000000533e-01 7.027123911097445108e-02 -2.131977110401194420e+00
5.700000000000000622e-01 8.953414690241588703e-02 -1.763772249977780815e+00
5.800000000000000711e-01 1.055466841105300591e-01 -1.467896420596260798e+00
5.900000000000000799e-01 1.188920753143411085e-01 -1.224164978361883982e+00
6.000000000000000888e-01 1.300299836777677465e-01 -1.056110083522455945e+00
6.100000000000000977e-01 1.400142769847902147e-01 -9.610308814028004631e-01
6.199999999999999956e-01 1.492506013058237380e-01 -8.628956446513983414e-01
6.300000000000001155e-01 1.572721898778181859e-01 -7.181416610591262462e-01
6.400000000000001243e-01 1.636134345270062740e-01 -5.418097050400382253e-01
6.500000000000000222e-01 1.681083839786189638e-01 -3.713694754950264132e-01
6.600000000000001421e-01 1.710408240369067912e-01 -2.499670997199990308e-01
6.700000000000001510e-01 1.731077259730189333e-01 -2.127389974980698206e-01
6.800000000000000488e-01 1.752956039868681926e-01 -2.501036995931983919e-01
6.900000000000000577e-01 1.781097999648829089e-01 -3.027652841589815180e-01
7.000000000000001776e-01 1.813509096700478274e-01 -3.203536998855837648e-01
7.100000000000000755e-01 1.845168739625945853e-01 -2.823592617671871752e-01
7.200000000000000844e-01 1.869980949053915709e-01 -1.767982626650756728e-01
7.300000000000000933e-01 1.880528392158961060e-01 -2.537020899821582423e-02
7.400000000000001021e-01 1.875054990853558812e-01 1.304188306652256657e-01
7.500000000000001110e-01 1.854444626025915921e-01 2.594585780313514167e-01
7.600000000000001199e-01 1.823163275247288717e-01 3.561262244697208090e-01
7.700000000000000178e-01 1.783219381131971593e-01 4.254215029790395231e-01
7.800000000000001377e-01 1.738078974651480757e-01 4.689190444142903313e-01
7.900000000000001465e-01 1.689435572249113615e-01 4.941389427124981415e-01
8.000000000000000444e-01 1.639251186108981184e-01 4.958635058472993795e-01
8.100000000000001643e-01 1.590262871079653750e-01 4.661476262368112189e-01
8.200000000000001732e-01 1.546021660861618963e-01 4.104646251007542657e-01
8.300000000000000711e-01 1.508169946059502720e-01 3.355530148640423205e-01
8.400000000000000799e-01 1.478911057888810388e-01 2.576618422560723598e-01
8.500000000000001998e-01 1.456637577608288492e-01 1.855017492469502038e-01
8.600000000000000977e-01 1.441810708039420463e-01 1.187772525816401387e-01
8.700000000000001066e-01 1.432882127091960334e-01 5.523712260151145831e-02
8.800000000000001155e-01 1.430763283519118079e-01 -3.030873232894169128e-03
8.900000000000001243e-01 1.433488301738539139e-01 -3.932667369695846959e-02
9.000000000000001332e-01 1.438628618258509795e-01 -4.662395458147745170e-02
9.100000000000001421e-01 1.442813092654834650e-01 -2.891449796030665445e-02
9.200000000000000400e-01 1.444411517850571203e-01 5.733291008029677352e-03
9.300000000000001599e-01 1.441666434453228729e-01 4.939203566016833746e-02
9.400000000000001688e-01 1.434533110718537452e-01 1.014402877958978655e-01
9.500000000000000666e-01 1.421378376894049111e-01 1.684902682569371368e-01
9.600000000000001865e-01 1.400835057067149891e-01 2.526070611093182983e-01
9.700000000000001954e-01 1.370856964672185485e-01 3.484002751164430589e-01
9.800000000000000933e-01 1.331155002043861446e-01 4.442830678855634319e-01
9.900000000000001021e-01 1.282000351095072821e-01 5.265118250622626839e-01
1.000000000000000222e+00 1.225852637031408787e-01 5.829734833618249734e-01
1.010000000000000231e+00 1.165405654422707743e-01 6.172686300941923054e-01
1.020000000000000018e+00 1.102398911012570371e-01 6.416513501366313266e-01
1.030000000000000027e+00 1.037075384395381439e-01 6.602666487265540507e-01
1.040000000000000258e+00 9.703455812672595604e-02 6.670735073727160902e-01
1.050000000000000266e+00 9.036606829208382319e-02 6.606710441415585278e-01
1.060000000000000053e+00 8.382113724389478326e-02 6.483996553442316069e-01
1.070000000000000062e+00 7.739807518519919993e-02 6.361985043431005460e-01
1.080000000000000293e+00 7.109716715703276457e-02 6.252402577618871859e-01
1.090000000000000080e+00 6.489327002996145288e-02 6.157042104057797172e-01
1.100000000000000089e+00 5.878308294891717439e-02 6.080076605405791978e-01
1.110000000000000098e+00 5.273311681914986254e-02 6.031006421692125530e-01
1.120000000000000107e+00 4.672107010553291917e-02 6.016697845492884333e-01
1.130000000000000115e+00 4.069972112816409859e-02 6.007605379996456829e-01
1.140000000000000124e+00 3.470585934554000496e-02 5.976210871239470146e-01
1.150000000000000133e+00 2.874729938568515442e-02 5.935885400950144941e-01
1.160000000000000142e+00 2.283408854363971896e-02 1.092804999925431897e+00
1.170000000000000151e+00 6.891199387176516304e-03 1.102416238881010146e+00
1.180000000000000160e+00 7.857637660195160257e-04 3.412702787536945892e-01
1.190000000000000169e+00 6.579381210262315728e-05 3.928818830097579456e-02
1.200000000000000178e+00 0.000000000000000000e+00 6.579381210262315836e-03
