0.000000000000000000e+00 1.443699457273774271e+02 3.579447659288007344e+02
1.000000000000000194e-02 1.407904980680894198e+02 3.579447659287983470e+02
2.000000000000000389e-02 1.372110504088014409e+02 3.579447659287971533e+02
3.000000000000000583e-02 1.336316027495134620e+02 3.579447659287971533e+02
4.000000000000000777e-02 1.300521550902255115e+02 3.579447659287983470e+02
5.000000000000000278e-02 1.264727074309375041e+02 3.579447659287983470e+02
6.000000000000001166e-02 1.228932597716495394e+02 3.579447659287971533e+02
7.000000000000000666e-02 1.193138121123615605e+02 3.579447659287971533e+02
8.000000000000001554e-02 1.157343644530735958e+02 3.579447659287983470e+02
9.000000000000001055e-02 1.121549167937855884e+02 3.579447659287983470e+02
1.000000000000000056e-01 1.085754691344976379e+02 3.579447659287977785e+02
1.100000000000000144e-01 1.049960214752096306e+02 3.579447659287989723e+02
1.200000000000000233e-01 1.014165738159216517e+02 3.579447659287977785e+02
1.300000000000000322e-01 9.783712615663368695e+01 3.579447659287977785e+02
1.400000000000000133e-01 9.425767849734569381e+01 3.579447659287977785e+02
1.500000000000000222e-01 9.067823083805772910e+01 3.579447659287977785e+02
1.600000000000000311e-01 8.709878317876973597e+01 3.579447659287983470e+02
1.700000000000000122e-01 8.351933551948175705e+01 3.579447659287977785e+02
1.800000000000000211e-01 7.993988786019379233e+01 3.579447659287977785e+02
1.900000000000000300e-01 7.636044020090579920e+01 3.579447659287977785e+02
2.000000000000000111e-01 7.278099254161783449e+01 3.579447659287977785e+02
2.100000000000000200e-01 6.920154488232984136e+01 3.579447659287977785e+02
2.200000000000000289e-01 6.562209722304187665e+01 3.579447659287977785e+02
2.300000000000000100e-01 6.204264956375389062e+01 3.579447659287989723e+02
2.400000000000000466e-01 5.846320190446589748e+01 3.579447659287983470e+02
2.500000000000000555e-01 5.488375424517792567e+01 3.579447659287977785e+02
2.600000000000000644e-01 5.130430658588993964e+01 3.579447659287980059e+02
2.700000000000000733e-01 4.772485892660196072e+01 3.579447659287977785e+02
2.800000000000000266e-01 4.414541126731398890e+01 3.579447659287980059e+02
2.900000000000000355e-01 4.056596360802600287e+01 3.579447659287980059e+02
3.000000000000000444e-01 3.698651594873802395e+01 3.579447659287971533e+02
3.099999999999999978e-01 3.340706828945005924e+01 3.579447659287977785e+02
3.200000000000000622e-01 2.982762063016206966e+01 3.579447659287990291e+02
3.300000000000000711e-01 2.624817297087407653e+01 3.579447659287978354e+02
3.400000000000000244e-01 2.266872531158611181e+01 3.579447659287978354e+02
3.500000000000000888e-01 1.908927765229811868e+01 3.579447659287978354e+02
3.600000000000000422e-01 1.550982999301015397e+01 3.579447659287978354e+02
3.700000000000000511e-01 1.193038233372216261e+01 3.137119452470863052e+02
3.800000000000000600e-01 9.235591088068426657e+00 2.429997556258110478e+02
3.900000000000000688e-01 7.070387221205940875e+00 1.963389996905174826e+02
4.000000000000000222e-01 5.308811094258076402e+00 1.599062406786422912e+02
4.100000000000000866e-01 3.872262407633094927e+00 1.302703779401366830e+02
4.200000000000000400e-01 2.703403535455342510e+00 1.057169260227934160e+02
4.300000000000000488e-01 1.757923887177226252e+00 8.520305078757070305e+01
4.400000000000000577e-01 9.993425197039285113e-01 6.805035440873557206e+01
4.500000000000000666e-01 3.969167990025148640e-01 5.378041960146718736e+01
4.600000000000000200e-01 -7.626587232541540140e-02 4.201495135722886687e+01
4.700000000000000844e-01 -4.433822281420625178e-01 3.241949975268110506e+01
4.800000000000000933e-01 -7.246558673790375327e-01 2.470404671522033979e+01
4.900000000000000466e-01 -9.374631624464693225e-01 1.859225113401841156e+01
5.000000000000001110e-01 -1.096500890059405764e+00 1.378858951979285585e+01
5.100000000000000089e-01 -1.213234952842326519e+00 9.997860411482287546e+00
5.200000000000001288e-01 -1.296458098289051675e+00 6.951136117661959268e+00
5.300000000000000266e-01 -1.352257675195565723e+00 4.408598470811726955e+00
5.400000000000001465e-01 -1.384630067705286072e+00 2.176139945997350278e+00
5.500000000000000444e-01 -1.395780474115512648e+00 1.516912214555923288e-01
5.600000000000000533e-01 -1.387663892134398003e+00 -1.648929687677220812e+00
5.700000000000000622e-01 -1.362801880361968365e+00 -3.136412350775958924e+00
5.800000000000000711e-01 -1.324935645118878735e+00 -4.262061668073756415e+00
5.900000000000000799e-01 -1.277560647000493210e+00 -5.062568168768107668e+00
6.000000000000000888e-01 -1.223684281743516511e+00 -5.653758111357489291e+00
6.100000000000000977e-01 -1.164485484773343238e+00 -6.155625330198775558e+00
6.199999999999999956e-01 -1.100571775139541186e+00 -6.606113744795167442e+00
6.300000000000001155e-01 -1.032363209877440013e+00 -6.953422894710830526e+00
6.400000000000001243e-01 -9.615033172453244514e-01 -7.133138754585293562e+00
6.500000000000000222e-01 -8.897004347857341289e-01 -7.110932749937017405e+00
6.600000000000001421e-01 -8.192846622465841389e-01 -6.907962891431655095e+00
6.700000000000001510e-01 -7.515411769571009870e-01 -6.605690183654563619e+00
6.800000000000000488e-01 -6.871708585734928043e-01 -6.284242137406089945e+00
6.900000000000000577e-01 -6.258563342089792370e-01 -5.970563326911778823e+00
7.000000000000001776e-01 -5.677595920352572767e-01 -5.654899918406286474e+00
7.100000000000000755e-01 -5.127583358408535075e-01 -5.343828342645210228e+00
7.200000000000000844e-01 -4.608830251823530788e-01 -5.046275913615739128e+00
7.300000000000000933e-01 -4.118328175685386783e-01 -4.754204246257982547e+00
7.400000000000001021e-01 -3.657989402571933946e-01 -4.438375009620281197e+00
7.500000000000001110e-01 -3.230653173761330321e-01 -4.075779333941603078e+00
7.600000000000001199e-01 -2.842833535783613197e-01 -3.640887401372638887e+00
7.700000000000000178e-01 -2.502475693486802544e-01 -3.132163341486789765e+00
7.800000000000001377e-01 -2.216400867486255366e-01 -2.577399045870595096e+00
7.900000000000001465e-01 -1.986995884312683647e-01 -2.035446376166799798e+00
8.000000000000000444e-01 -1.809311592252895451e-01 -1.581336065489364451e+00
8.100000000000001643e-01 -1.670728671214810890e-01 -1.269783915701953703e+00
8.200000000000001732e-01 -1.555354809112504677e-01 -1.095748462084950026e+00
8.300000000000000711e-01 -1.451578978797820885e-01 -1.002514859648267587e+00
8.400000000000000799e-01 -1.354851837182851071e-01 -9.276452384819505737e-01
8.500000000000001998e-01 -1.266049931101430603e-01 -8.350457723502244800e-01
8.600000000000000977e-01 -1.187842682712806214e-01 -7.238688536881062729e-01
8.700000000000001066e-01 -1.121276160363809393e-01 -6.204058164835167810e-01
8.800000000000001155e-01 -1.063761519416102780e-01 -5.590710611175200295e-01
8.900000000000001243e-01 -1.009461948140305404e-01 -5.544958065171122774e-01
9.000000000000001332e-01 -9.528623581126803577e-02 -6.023155930409785919e-01
9.100000000000001421e-01 -8.889988295321096801e-02 -6.821698287001186634e-01
9.200000000000000400e-01 -8.164283923726566028e-02 -7.604493255326758572e-01
9.300000000000001599e-01 -7.369089644255745475e-02 -8.027429762089586252e-01
9.400000000000001688e-01 -6.558797971308648334e-02 -7.849555117233949497e-01
9.500000000000000666e-01 -5.799178620808954909e-02 -7.137876040399542266e-01
9.600000000000001865e-01 -5.131222763228740491e-02 -6.256174743738776023e-01
9.700000000000001954e-01 -4.547943672061199871e-02 -5.523880606845208430e-01
9.800000000000000933e-01 -4.026446641859698916e-02 -4.988920401435044671e-01
9.900000000000001021e-01 -3.550159591774191409e-02 -4.586464369680589015e-01
1.000000000000000222e+00 -3.109153767923581238e-02 -4.205347334662783987e-01
1.010000000000000231e+00 -2.709090124841634362e-02 -3.768841591017177417e-01
1.020000000000000018e+00 -2.355385449720145616e-02 -3.297331049008144221e-01
1.030000000000000027e+00 -2.049623915040005295e-02 -2.884187782067318961e-01
1.040000000000000258e+00 -1.778547893306681865e-02 -2.551654756244979838e-01
1.050000000000000266e+00 -1.539292963791009244e-02 -2.236806611756043117e-01
1.060000000000000053e+00 -1.331186570955473179e-02 -1.875078107146543049e-01
1.070000000000000062e+00 -1.164277342361700641e-02 -1.477726759826279435e-01
1.080000000000000293e+00 -1.035641218990217272e-02 -1.155012529687652195e-01
1.090000000000000080e+00 -9.332748364241702857e-03 -1.033541897788189390e-01
1.100000000000000089e+00 -8.289328394325792826e-03 -1.136207633087691626e-01
1.110000000000000098e+00 -7.060333098066318321e-03 -1.319416927348076862e-01
1.120000000000000107e+00 -5.650494539629639414e-03 -1.374989579061193234e-01
1.130000000000000115e+00 -4.310353939943931990e-03 -1.217349205537651552e-01
1.140000000000000124e+00 -3.215796128554336379e-03 -9.362937132013857133e-02
1.150000000000000133e+00 -2.437766513541160182e-03 -6.593840146968868443e-02
1.160000000000000142e+00 -1.897028099160562612e-03 -1.297585320855355884e-01
1.170000000000000151e+00 1.574041281695516450e-04 -9.904938792545063542e-02
1.180000000000000160e+00 8.395965934845011974e-05 7.583732996865899002e-03
1.190000000000000169e+00 5.729468232233664955e-06 4.197982967422506095e-03
1.200000000000000178e+00 0.000000000000000000e+00 5.729468232233664955e-04
