0.000000000000000000e+00 6.931993029375209517e+03 1.278142899322961021e+05
1.000000200000000262e-02 5.753334133470144479e+03 1.079174892483610747e+05
1.999999800000000494e-02 4.773643244406592203e+03 8.969384661232045619e+04
3.000000000000000583e-02 3.959457201223456650e+03 7.453566286854252394e+04
4.000000200000000672e-02 3.282929987036160583e+03 6.192832128977090179e+04
4.999999800000000383e-02 2.720890775430688336e+03 5.144350669723220199e+04
6.000000000000001166e-02 2.254059853093608581e+03 4.272474052082945855e+04
7.000000200000000561e-02 1.866395965011728322e+03 3.547533962755133689e+04
7.999999800000001660e-02 1.544553060539792341e+03 2.944839284812918777e+04
9.000000000000001055e-02 1.277428108052352172e+03 2.443841715812333132e+04
1.000000020000000045e-01 1.055784717378720188e+03 2.027441210053445684e+04
1.099999980000000155e-01 8.719398660413842208e+02 1.681407818112051973e+04
1.200000000000000233e-01 7.195031537567280111e+02 1.393900421421708234e+04
1.300000020000000311e-01 5.931597817566240565e+02 1.155066126894761328e+04
1.399999980000000144e-01 4.884899283787520403e+02 9.567068064520959524e+03
1.500000000000000222e-01 4.018184204653680354e+02 7.920015305774946683e+03
1.600000020000000300e-01 3.300896222614400699e+02 6.552755299491639562e+03
1.699999980000000133e-01 2.707633144742800368e+02 5.418078883522866818e+03
1.800000000000000211e-01 2.217280445916800318e+02 4.476714763875106655e+03
1.900000020000000289e-01 1.812290191983120451e+02 3.695997229153733315e+03
1.999999980000000122e-01 1.478081000100000040e+02 3.048757264659479915e+03
2.100000000000000200e-01 1.202538739047040082e+02 2.512399624567133287e+03
2.200000020000000278e-01 9.756010751796000591e+01 2.068134694008426777e+03
2.299999980000000388e-01 7.889118002648801564e+01 1.700339195768306809e+03
2.400000000000000466e-01 6.355332360412801052e+01 1.396024143396066620e+03
2.500000020000000545e-01 5.097069715508001053e+01 1.144392062327413441e+03
2.599999980000000654e-01 4.066548235646400400e+01 1.475042492258853372e+03
2.700000000000000733e-01 2.146984731380800326e+01 1.409227574253680132e+03
2.800000020000000256e-01 1.248093086888000158e+01 8.320318130724266439e+02
2.899999980000000366e-01 4.829211050128000338e+00 4.210474377500666492e+02
3.000000000000000444e-01 4.059982114576000001e+00 8.107087896629333557e+01
3.100000020000000522e-01 3.207793471360000481e+00 8.521886444014666040e+01
3.199999980000000632e-01 2.355604828144000518e+00 5.111393327102666717e+01
3.300000000000000711e-01 2.185514805800000460e+00 2.642290973313333069e+01
3.400000020000000789e-01 1.827146632784000246e+00 3.764579131893333397e+01
3.499999980000000344e-01 1.432598980816000012e+00 3.723377320202666851e+01
3.600000000000000422e-01 1.082471166512000149e+00 3.249832633944000548e+01
3.700000020000000500e-01 7.826324506800000913e-01 2.881968881993333298e+01
3.799999980000000610e-01 5.060773894160001118e-01 2.678793330150666918e+01
3.900000000000000688e-01 2.468737861840000214e-01 2.462513832698666505e+01
4.000000020000000767e-01 1.357462399200000218e-02 2.215182342018666617e+01
4.099999980000000321e-01 -1.961626811040000362e-01 2.051239103110667017e+01
4.200000000000000400e-01 -3.966731950960000752e-01 1.992170160966666614e+01
4.300000020000000478e-01 -5.945967126000000214e-01 1.926310729776000130e+01
4.399999980000000588e-01 -7.819353418880001794e-01 1.738580512954666801e+01
4.500000000000000666e-01 -9.423128149120001407e-01 1.428785854062666694e+01
4.600000020000000744e-01 -1.067692512840000107e+00 1.133234739649333278e+01
4.699999980000000854e-01 -1.168959764376000132e+00 9.791843002680000296e+00
4.800000000000000933e-01 -1.263529373312000326e+00 9.118791945693333290e+00
4.900000020000001011e-01 -1.351335604824000169e+00 7.810004368506667127e+00
4.999999980000000566e-01 -1.419729461239999990e+00 5.679412770320000803e+00
5.100000000000000089e-01 -1.464923857720000333e+00 3.749640933933333198e+00
5.200000020000000722e-01 -1.494722280616000099e+00 2.451249592586666637e+00
5.299999980000000832e-01 -1.513948852640000231e+00 1.372634329346666737e+00
5.400000000000001465e-01 -1.522174964832000210e+00 3.229436647866666954e-01
5.500000020000000989e-01 -1.520407722728000177e+00 -4.653097597733333313e-01
5.599999980000001099e-01 -1.512868769776000155e+00 -1.008692499306666823e+00
5.700000000000000622e-01 -1.500233872184000061e+00 -1.647239495986666746e+00
5.800000020000000145e-01 -1.479923978880000046e+00 -2.471825033213333356e+00
5.899999980000001365e-01 -1.450797372496000159e+00 -3.209931439573333378e+00
6.000000000000000888e-01 -1.415725352320000185e+00 -3.724070132026666702e+00
6.100000020000000411e-01 -1.376315971808000249e+00 -4.206293955866667211e+00
6.199999980000001631e-01 -1.331599471808000201e+00 -4.682750372800000171e+00
6.300000000000001155e-01 -1.282660964352000166e+00 -4.802796710586666684e+00
6.400000020000000678e-01 -1.235543538712000178e+00 -4.470788109946666644e+00
6.499999980000001898e-01 -1.193245202432000163e+00 -4.177764549933333349e+00
6.600000000000001421e-01 -1.151988247016000333e+00 -4.381330912480000173e+00
6.700000020000000944e-01 -1.105618581672000111e+00 -4.972491257066666392e+00
6.799999980000001054e-01 -1.052538420480000125e+00 -5.416039537733333908e+00
6.900000000000000577e-01 -9.972977923119999977e-01 -5.386918765240000795e+00
7.000000020000000100e-01 -9.448000481040002008e-01 -5.161666228613333907e+00
7.099999980000001321e-01 -8.940644666240000760e-01 -5.148205003573333549e+00
7.200000000000000844e-01 -8.418359460800000083e-01 -5.263718946653333397e+00
7.300000020000000367e-01 -7.887900895040000915e-01 -5.090547035933333575e+00
7.399999980000001587e-01 -7.400250046640001189e-01 -4.594351824960000386e+00
7.500000000000001110e-01 -6.969030521680000811e-01 -4.355836914866666909e+00
7.600000020000000633e-01 -6.529082670640000696e-01 -4.702212674173333440e+00
7.699999980000001853e-01 -6.028587988240000639e-01 -5.179037631773333317e+00
7.800000000000001377e-01 -5.493275145679999971e-01 -5.250859513306666670e+00
7.900000020000000900e-01 -4.978416080000000465e-01 -4.883550978853334001e+00
7.999999980000002120e-01 -4.516564947120000340e-01 -4.342203497306666549e+00
8.100000000000001643e-01 -4.109975374960000427e-01 -3.880540846653333098e+00
8.200000020000001166e-01 -3.740456795920000244e-01 -3.607740064880000208e+00
8.299999980000001276e-01 -3.388427378720000327e-01 -3.492756039346666785e+00
8.400000000000000799e-01 -3.041905569920000385e-01 -3.390879565333333012e+00
8.500000020000000323e-01 -2.710251479600000457e-01 -3.119549557186666711e+00
8.599999980000001543e-01 -2.417995648720000224e-01 -2.675015205346666480e+00
8.700000000000001066e-01 -2.175248420399999993e-01 -2.253127304399999975e+00
8.800000020000000589e-01 -1.967370187840000173e-01 -2.013075625053333262e+00
8.899999980000001809e-01 -1.772633313520000364e-01 -1.929635284573333553e+00
9.000000000000001332e-01 -1.581443132320000111e-01 -1.846993167613333320e+00
9.100000020000000855e-01 -1.403234647920000300e-01 -1.644030514426666922e+00
9.199999980000002076e-01 -1.252637048960000277e-01 -1.334571526000000175e+00
9.300000000000001599e-01 -1.136320342719999987e-01 -9.895349744400001590e-01
9.400000020000001122e-01 -1.054730041520000050e-01 -6.539393608666667079e-01
9.499999980000002342e-01 -1.005532477520000162e-01 -3.997059298400000293e-01
9.600000000000001865e-01 -9.747888639200001648e-02 -2.953615443466666712e-01
9.700000020000001388e-01 -9.464601714400000532e-02 -2.885289886666666526e-01
9.799999980000001498e-01 -9.170830522400000295e-02 -2.987568533733333531e-01
9.900000000000001021e-01 -8.867088021600000314e-02 -3.111607955599999809e-01
1.000000002000000165e+00 -8.548509056800000783e-02 -2.855743245733333158e-01
1.009999998000000065e+00 -8.295939386400000282e-02 -1.930337771199999997e-01
1.020000000000000018e+00 -8.162441335200000536e-02 -1.128126620266666630e-01
1.030000002000000192e+00 -8.070314257600001706e-02 -1.265517953199999934e-01
1.039999998000000092e+00 -7.909337786400000292e-02 -2.164827680266666887e-01
1.050000000000000266e+00 -7.637348498400001184e-02 -3.071753054400000460e-01
1.060000002000000219e+00 -7.294987259200000351e-02 -3.564703845333332954e-01
1.069999998000000119e+00 -6.924407868800000476e-02 -3.860449955066666550e-01
1.080000000000000293e+00 -6.522897421600000467e-02 -4.214541944800000439e-01
1.090000002000000245e+00 -6.081499228800001100e-02 -4.569981252266666627e-01
1.099999998000000145e+00 -5.608900948000000719e-02 -4.775286506133333830e-01
1.110000000000000320e+00 -5.126442234400000603e-02 -4.776647979733333327e-01
1.120000002000000272e+00 -4.653571575200000227e-02 -4.770374071733333721e-01
1.129999998000000172e+00 -4.172367224799999885e-02 -5.028452466266666310e-01
1.140000000000000124e+00 -3.647881068000000115e-02 -5.453614577333333324e-01
1.150000002000000077e+00 -3.081644448800000338e-02 -5.796162562400000162e-01
1.159999998000000199e+00 -2.488648639200000123e-02 -1.329148657546666668e+00
1.170000000000000151e+00 -4.233471616000000944e-03 -1.212903944000000012e+00
1.180000002000000103e+00 -6.284075120000001116e-04 -2.067942557866666586e-01
1.189999998000000225e+00 -9.758343200000001258e-05 -3.142028494666666838e-02
1.200000000000000178e+00 0.000000000000000000e+00 1.190324290666666673e-02
