0.000000000000000000e+00 5.595818224014685711e+02 1.406673107749074688e+03
1.000000000000000194e-02 5.455150913239777992e+02 1.406673107749074688e+03
2.000000000000000389e-02 5.314483602464870273e+02 1.406673107749079463e+03
3.000000000000000583e-02 5.173816291689962554e+02 1.406673107749074688e+03
4.000000000000000777e-02 5.033148980915055404e+02 1.406673107749074688e+03
5.000000000000000278e-02 4.892481670140147116e+02 1.406673107749079463e+03
6.000000000000001166e-02 4.751814359365239397e+02 1.406673107749074688e+03
7.000000000000000666e-02 4.611147048590332247e+02 1.406673107749074688e+03
8.000000000000001554e-02 4.470479737815424528e+02 1.406673107749074688e+03
9.000000000000001055e-02 4.329812427040516809e+02 1.406673107749074688e+03
1.000000000000000056e-01 4.189145116265609659e+02 1.406673107749077190e+03
1.100000000000000144e-01 4.048477805490701371e+02 1.406673107749077190e+03
1.200000000000000233e-01 3.907810494715794221e+02 1.406673107749077190e+03
1.300000000000000322e-01 3.767143183940885933e+02 1.406673107749077190e+03
1.400000000000000133e-01 3.626475873165978783e+02 1.406673107749074688e+03
1.500000000000000222e-01 3.485808562391071064e+02 1.406673107749077190e+03
1.600000000000000311e-01 3.345141251616163345e+02 1.406673107749077190e+03
1.700000000000000122e-01 3.204473940841255626e+02 1.406673107749074688e+03
1.800000000000000211e-01 3.063806630066348475e+02 1.406673107749077190e+03
1.900000000000000300e-01 2.923139319291440188e+02 1.406673107749077190e+03
2.000000000000000111e-01 2.782472008516533037e+02 1.406673107749074688e+03
2.100000000000000200e-01 2.641804697741625318e+02 1.406673107749077190e+03
2.200000000000000289e-01 2.501137386966717315e+02 1.406673107749077190e+03
2.300000000000000100e-01 2.360470076191809881e+02 1.406673107749079463e+03
2.400000000000000466e-01 2.219802765416901309e+02 1.406673107749078326e+03
2.500000000000000555e-01 2.079135454641994158e+02 1.406673107749074688e+03
2.600000000000000644e-01 1.938468143867086440e+02 1.406673107749077190e+03
2.700000000000000733e-01 1.797800833092178721e+02 1.406673107749076053e+03
2.800000000000000266e-01 1.657133522317271286e+02 1.406673107749076053e+03
2.900000000000000355e-01 1.516466211542363567e+02 1.406673107749077190e+03
3.000000000000000444e-01 1.375798900767455848e+02 1.406673107749074688e+03
3.099999999999999978e-01 1.235131589992548413e+02 1.406673107749076053e+03
3.200000000000000622e-01 1.094464279217640552e+02 1.406673107749080145e+03
3.300000000000000711e-01 9.537969684427324069e+01 1.406673107749076507e+03
3.400000000000000244e-01 8.131296576678251142e+01 1.406673107749076507e+03
3.500000000000000888e-01 6.724623468929171111e+01 1.406673107749076507e+03
3.600000000000000422e-01 5.317950361180098184e+01 1.406673107749076507e+03
3.700000000000000511e-01 3.911277253431017442e+01 1.406673107749076053e+03
3.800000000000000600e-01 2.504604145681945937e+01 1.406673107749076280e+03
3.900000000000000688e-01 1.097931037932864839e+01 8.442439711001726437e+02
4.000000000000000222e-01 8.161162034816005217e+00 2.451970298100480932e+02
4.100000000000000866e-01 6.075369783127685608e+00 1.953676531096241433e+02
4.200000000000000400e-01 4.253808972623522422e+00 1.646907593787481972e+02
4.300000000000000488e-01 2.781554595552720777e+00 1.340279015235030045e+02
4.400000000000000577e-01 1.573250942153461951e+00 1.080642992003691489e+02
4.500000000000000666e-01 6.202686115453376337e-01 8.502370435498285417e+01
4.600000000000000200e-01 -1.272231449461950770e-01 6.672217930765656035e+01
4.700000000000000844e-01 -7.141749746077935557e-01 5.078780377376723720e+01
4.800000000000000933e-01 -1.142979220421539877e+00 3.733754423904543529e+01
4.900000000000000466e-01 -1.460925859388702452e+00 2.724750179163065766e+01
5.000000000000001110e-01 -1.687929256254153021e+00 1.872936824448452242e+01
5.100000000000000089e-01 -1.835513224278392919e+00 1.171058364159925169e+01
5.200000000000001288e-01 -1.922140929086137984e+00 5.662690153691483985e+00
5.300000000000000266e-01 -1.948767027352222403e+00 8.274087730715750100e-01
5.400000000000001465e-01 -1.938689104547569597e+00 -3.192481351645772403e+00
5.500000000000000444e-01 -1.884917400319306990e+00 -6.595373436349087903e+00
5.600000000000000533e-01 -1.806781635820587706e+00 -8.858530672638446291e+00
5.700000000000000622e-01 -1.707746786866538136e+00 -1.101936493821180996e+01
5.800000000000000711e-01 -1.586394337056351578e+00 -1.234479706448065350e+01
5.900000000000000799e-01 -1.460850845576925128e+00 -1.244539371080970902e+01
6.000000000000000888e-01 -1.337486462840157486e+00 -1.198060761031245747e+01
6.100000000000000977e-01 -1.221238693370675810e+00 -1.114786077935173658e+01
6.199999999999999956e-01 -1.114529247253122746e+00 -1.010337351001759032e+01
6.300000000000001155e-01 -1.019171223170324048e+00 -8.748865256868834095e+00
6.400000000000001243e-01 -9.395519421157459972e-01 -7.089829911434978982e+00
6.500000000000000222e-01 -8.773746249416245480e-01 -5.150630708746270159e+00
6.600000000000001421e-01 -8.365393279408205318e-01 -3.601515478599308651e+00
6.700000000000001510e-01 -8.053443153696383527e-01 -3.364143781647436438e+00
6.800000000000000488e-01 -7.692564523078717631e-01 -3.114155426415138983e+00
6.900000000000000577e-01 -7.430612068413355864e-01 -2.730687205220541536e+00
7.000000000000001776e-01 -7.146427082034609857e-01 -3.091434969726812643e+00
7.100000000000000755e-01 -6.812325074467993069e-01 -2.937540092017090654e+00
7.200000000000000844e-01 -6.558919063631191149e-01 -3.264339636236456510e+00
7.300000000000000933e-01 -6.159457147220701589e-01 -3.864061080297661821e+00
7.400000000000001021e-01 -5.786106847571659273e-01 -3.777398912045409229e+00
7.500000000000001110e-01 -5.403977364811619610e-01 -3.559566403998416728e+00
7.600000000000001199e-01 -5.074193566771976194e-01 -4.209235892937841506e+00
7.700000000000000178e-01 -4.562130186224051531e-01 -5.342108227264652953e+00
7.800000000000001377e-01 -4.005771921319045137e-01 -5.275314273340384830e+00
7.900000000000001465e-01 -3.507067331555974166e-01 -5.191576051242788203e+00
8.000000000000000444e-01 -2.967456711070487474e-01 -4.775500554530974995e+00
8.100000000000001643e-01 -2.551967220649779544e-01 -3.692330903206640702e+00
8.200000000000001732e-01 -2.228990530429159345e-01 -3.219242636886318287e+00
8.300000000000000711e-01 -1.908118693272515820e-01 -2.681446302227558309e+00
8.400000000000000799e-01 -1.692701269983647727e-01 -1.935604525970540557e+00
8.500000000000001998e-01 -1.520997788078407575e-01 -1.338730583426851473e+00
8.600000000000000977e-01 -1.424955153298277377e-01 -1.193836806345960344e+00
8.700000000000001066e-01 -1.282230426809215507e-01 -1.291740700879747683e+00
8.800000000000001155e-01 -1.166607013122327868e-01 -1.337445420645825500e+00
8.900000000000001243e-01 -1.014741342680050423e-01 -1.349116079424712789e+00
9.000000000000001332e-01 -8.967837972373852995e-02 -9.241434623800318660e-01
9.100000000000001421e-01 -8.299126502040440889e-02 -8.780821687084322535e-01
9.200000000000000400e-01 -7.211673634956987378e-02 -1.090949099811867828e+00
9.300000000000001599e-01 -6.117228302416705121e-02 -1.412895037091905781e+00
9.400000000000001688e-01 -4.385883560773176648e-02 -1.326824127485894289e+00
9.500000000000000666e-01 -3.463580047444916182e-02 -9.551949970583524241e-01
9.600000000000001865e-01 -2.475493566656471536e-02 -6.631115025057284784e-01
9.700000000000001954e-01 -2.137357042433458976e-02 -4.536001150386337888e-01
9.800000000000000933e-01 -1.568293336579203862e-02 -3.884674326118182086e-01
9.900000000000001021e-01 -1.360422177209822531e-02 -6.481849325646936964e-03
1.000000000000000222e+00 -1.555329637927910062e-02 2.479367354886334029e-01
1.010000000000000231e+00 -1.856295648187089239e-02 4.030645018096699062e-01
1.020000000000000018e+00 -2.361458641547250006e-02 6.736408822742221414e-01
1.030000000000000027e+00 -3.203577412735533758e-02 9.235445540160985844e-01
1.040000000000000258e+00 -4.208547749579447106e-02 1.454456735943710832e+00
1.050000000000000266e+00 -6.112490884622955034e-02 1.493983802939405470e+00
1.060000000000000053e+00 -7.196515355458257823e-02 8.627179444646806417e-01
1.070000000000000062e+00 -7.837926773552317261e-02 5.493099529498080003e-01
1.080000000000000293e+00 -8.295135261357874934e-02 4.023061204584964246e-02
1.090000000000000080e+00 -7.918387997644016352e-02 -5.614138838192913594e-01
1.100000000000000089e+00 -7.172307493719291827e-02 -7.253688509942746165e-01
1.110000000000000098e+00 -6.467650295655466564e-02 -6.909044618745656674e-01
1.120000000000000107e+00 -5.790498569970160131e-02 -8.519193891329744917e-01
1.130000000000000115e+00 -4.763811517389517081e-02 -1.041773589148553336e+00
1.140000000000000124e+00 -3.706951391673053015e-02 -1.038103049738029249e+00
1.150000000000000133e+00 -2.687605417913458902e-02 -1.079578795911198208e+00
1.160000000000000142e+00 -1.547793799850656800e-02 -1.362239471718154959e+00
1.170000000000000151e+00 3.687352552285122877e-04 -7.916785370736629801e-01
1.180000000000000160e+00 3.556327429666942294e-04 1.682879719629559734e-02
1.190000000000000169e+00 3.215931130260028320e-05 1.778163714833470854e-02
1.200000000000000178e+00 0.000000000000000000e+00 3.215931130260027589e-03
