0.000000000000000000e+00 7.754249040000000548e+01 2.371044906666666918e+02
1.000000000000000194e-02 7.517141759999999806e+01 2.371044906666666918e+02
2.000000000000000389e-02 7.280034480000001906e+01 2.371044906666666918e+02
3.000000000000000583e-02 7.042927200000001164e+01 2.371044906666666918e+02
4.000000000000000777e-02 6.805819920000001844e+01 2.371044906666666918e+02
5.000000000000000278e-02 6.568712640000001102e+01 2.371044906666666918e+02
6.000000000000001166e-02 6.331647200000001163e+01 2.371044906666666918e+02
7.000000000000000666e-02 6.094539920000001132e+01 2.371044906666666918e+02
8.000000000000001554e-02 5.857432640000001101e+01 2.371044906666666918e+02
9.000000000000001055e-02 5.620325360000001069e+01 2.371044906666666918e+02
1.000000000000000056e-01 5.383218080000001038e+01 2.371044906666666918e+02
1.100000000000000144e-01 5.146110800000001007e+01 2.371044906666666918e+02
1.200000000000000233e-01 4.909003520000000975e+01 2.371044906666666918e+02
1.300000000000000322e-01 4.671896240000000944e+01 2.371044906666666918e+02
1.400000000000000133e-01 4.434788960000000202e+01 2.371044906666666918e+02
1.500000000000000222e-01 4.197681680000000171e+01 2.371044906666666918e+02
1.600000000000000311e-01 3.960582768000000442e+01 2.371044906666666918e+02
1.700000000000000122e-01 3.723479672000000562e+01 2.371044906666666918e+02
1.800000000000000211e-01 3.486372392000000531e+01 2.371044906666666918e+02
1.900000000000000300e-01 3.249269296000000651e+01 2.371044906666666918e+02
2.000000000000000111e-01 3.012166200000000771e+01 2.371044906666666918e+02
2.100000000000000200e-01 2.775058920000000384e+01 2.371044906666666918e+02
2.200000000000000289e-01 2.537955824000000149e+01 2.371044906666666918e+02
2.300000000000000100e-01 2.300852728000000269e+01 2.371044906666666918e+02
2.400000000000000466e-01 2.063749632000000389e+01 2.371044906666666918e+02
2.500000000000000555e-01 1.826642352000000358e+01 2.371044906666666918e+02
2.600000000000000644e-01 1.589539256000000300e+01 2.371044906666666918e+02
2.700000000000000733e-01 1.352436160000000065e+01 2.371044906666666918e+02
2.800000000000000266e-01 1.115328880000000211e+01 2.371044906666666918e+02
2.900000000000000355e-01 8.782257840000001536e+00 2.371044906666666918e+02
3.000000000000000444e-01 6.411226880000000961e+00 1.949388359999999807e+02
3.099999999999999978e-01 4.883481119999999898e+00 1.353293880000000229e+02
3.200000000000000622e-01 3.704634936000000600e+00 1.069911560000000037e+02
3.300000000000000711e-01 2.743653816000000134e+00 8.813456533333334164e+01
3.400000000000000244e-01 1.941936655999999983e+00 7.332948133333333374e+01
3.500000000000000888e-01 1.277065584000000031e+00 6.050475426666667289e+01
3.600000000000000422e-01 7.318443600000000826e-01 4.923654493333333448e+01
3.700000000000000511e-01 2.923335696000000650e-01 3.945693306666666444e+01
3.800000000000000600e-01 -5.729485920000000621e-02 3.119402120000000167e+01
3.900000000000000688e-01 -3.315472728000000702e-01 2.437626293333333649e+01
4.000000000000000222e-01 -5.448195599999999805e-01 1.880742866666666657e+01
4.100000000000000866e-01 -7.076943120000001031e-01 1.417880893333333248e+01
4.200000000000000400e-01 -8.283985280000000229e-01 1.019361866666666749e+01
4.300000000000000488e-01 -9.115680800000001138e-01 6.643027453333333554e+00
4.400000000000000577e-01 -9.612572640000001112e-01 3.518897413333333279e+00
4.500000000000000666e-01 -9.819471440000000495e-01 9.502770533333333436e-01
4.600000000000000200e-01 -9.802609920000001642e-01 -9.640075466666666593e-01
4.700000000000000844e-01 -9.626672720000001293e-01 -2.244499826666666920e+00
4.800000000000000933e-01 -9.353708560000001393e-01 -3.003038106666667151e+00
4.900000000000000466e-01 -9.026059520000001557e-01 -3.412052000000000085e+00
5.000000000000001110e-01 -8.671298160000001642e-01 -3.626454106666666455e+00
5.100000000000000089e-01 -8.300763120000000939e-01 -3.751214013333333153e+00
5.200000000000001288e-01 -7.921065120000001514e-01 -3.843052813333333706e+00
5.300000000000000266e-01 -7.532162320000000966e-01 -3.922388426666666650e+00
5.400000000000001465e-01 -7.136606960000000388e-01 -4.011131066666667522e+00
5.500000000000000444e-01 -6.729922160000000320e-01 -4.155151320000000759e+00
5.600000000000000533e-01 -6.305580880000000166e-01 -4.344038000000000288e+00
5.700000000000000622e-01 -5.861114560000001417e-01 -4.545148933333333474e+00
5.800000000000000711e-01 -5.396523200000000742e-01 -4.740360426666666349e+00
5.900000000000000799e-01 -4.913062000000000817e-01 -4.913668679999999789e+00
6.000000000000000888e-01 -4.413785280000001032e-01 -5.027313093333333427e+00
6.100000000000000977e-01 -3.907592408000000739e-01 -5.042514960000000102e+00
6.199999999999999956e-01 -3.405294840000000489e-01 -4.908884973333333512e+00
6.300000000000001155e-01 -2.925812624000000417e-01 -4.599038853333333954e+00
6.400000000000001243e-01 -2.485488464000000230e-01 -4.138275853333333032e+00
6.500000000000000222e-01 -2.098158848000000465e-01 -3.586880439999999837e+00
6.600000000000001421e-01 -1.768112376000000041e-01 -2.996343706666666495e+00
6.700000000000001510e-01 -1.498892896000000308e-01 -2.409635333333333129e+00
6.800000000000000488e-01 -1.286182520000000162e-01 -1.891126160000000000e+00
6.900000000000000577e-01 -1.120667664000000036e-01 -1.495319760000000109e+00
7.000000000000001776e-01 -9.871185680000001128e-02 -1.232097346666666704e+00
7.100000000000000755e-01 -8.742468000000000461e-02 -1.069479213333333512e+00
7.200000000000000844e-01 -7.732241200000000703e-02 -9.806180266666666423e-01
7.300000000000000933e-01 -6.781218000000001356e-02 -9.315257599999999805e-01
7.400000000000001021e-01 -5.869189680000001103e-02 -8.800207200000000896e-01
7.500000000000001110e-01 -5.021176560000000649e-02 -7.950227600000000505e-01
7.600000000000001199e-01 -4.279144160000000752e-02 -6.866766853333333698e-01
7.700000000000000178e-01 -3.647828768000000582e-02 -5.902278146666667391e-01
7.800000000000001377e-01 -3.098687136000000467e-02 -5.301915986666666525e-01
7.900000000000001465e-01 -2.587444176000000193e-02 -5.051796466666667040e-01
8.000000000000000444e-01 -2.088326448000000016e-02 -4.896807160000000714e-01
8.100000000000001643e-01 -1.608082744000000064e-02 -4.513531840000000739e-01
8.200000000000001732e-01 -1.185620080000000104e-02 -3.728362400000000410e-01
8.300000000000000711e-01 -8.624102640000000722e-03 -2.634657826666667035e-01
8.400000000000000799e-01 -6.586913040000000504e-03 -1.423347986666666509e-01
8.500000000000001998e-01 -5.777392720000000710e-03 -3.462566826666666625e-02
8.600000000000000977e-01 -5.894377360000001287e-03 4.021814213333333582e-02
8.700000000000001066e-01 -6.581766720000000771e-03 8.034674666666667686e-02
8.800000000000001155e-01 -7.501326240000000777e-03 1.034528866666666602e-01
8.900000000000001243e-01 -8.650796560000001759e-03 1.274021026666666834e-01
9.000000000000001332e-01 -1.004938224000000158e-02 1.542410680000000089e-01
9.100000000000001421e-01 -1.173561792000000006e-02 1.734065773333333393e-01
9.200000000000000400e-01 -1.351749984000000064e-02 1.717504106666666586e-01
9.300000000000001599e-01 -1.517064008000000054e-02 1.442915160000000085e-01
9.400000000000001688e-01 -1.640333016000000352e-02 9.981210933333334312e-02
9.500000000000000666e-01 -1.716686832000000051e-02 5.817252293333333851e-02
9.600000000000001865e-01 -1.756677503999999959e-02 2.858585506666666554e-02
9.700000000000001954e-01 -1.773861192000000114e-02 9.901087333333332546e-03
9.800000000000000933e-01 -1.776480376000000305e-02 -3.386557493333333495e-03
9.900000000000001021e-01 -1.767087296000000030e-02 -1.674401933333333550e-02
1.000000000000000222e+00 -1.742991640000000203e-02 -3.694255826666666825e-02
1.010000000000000231e+00 -1.693202040000000089e-02 -6.816858706666667489e-02
1.020000000000000018e+00 -1.606656000000000056e-02 -1.077658933333333485e-01
1.030000000000000027e+00 -1.477671648000000205e-02 -1.454239853333333388e-01
1.040000000000000258e+00 -1.315805240000000008e-02 -1.700991253333333508e-01
1.050000000000000266e+00 -1.137470608000000147e-02 -1.766031533333333459e-01
1.060000000000000053e+00 -9.626003280000001647e-03 -1.691458706666666700e-01
1.070000000000000062e+00 -7.991774720000000692e-03 -1.583051266666666568e-01
1.080000000000000293e+00 -6.459886800000000893e-03 -1.518603719999999935e-01
1.090000000000000080e+00 -4.954567280000000615e-03 -1.506888520000000120e-01
1.100000000000000089e+00 -3.446109760000000150e-03 -1.509259453333333389e-01
1.110000000000000098e+00 -1.936070688000000092e-03 -1.441666933333333456e-01
1.120000000000000107e+00 -5.627731040000000457e-04 -1.234342760000000094e-01
1.130000000000000115e+00 5.326064640000001274e-04 -9.192038799999999177e-02
1.140000000000000124e+00 1.275643024000000254e-03 -5.826443146666666212e-02
1.150000000000000133e+00 1.697896488000000389e-03 -2.859185213333333489e-02
1.160000000000000142e+00 1.847478672000000188e-03 7.907132400000001227e-02
1.170000000000000151e+00 1.164725184000000159e-04 9.183252399999999871e-02
1.180000000000000160e+00 1.082497032000000130e-05 5.725922546666667272e-03
1.190000000000000169e+00 1.954086991999999885e-06 5.412478186666667013e-04
1.200000000000000178e+00 0.000000000000000000e+00 1.954088386666666822e-04
