0.000000000000000000e+00 8.312387069245774910e+03 1.282269417338906933e+05
1.000000000000000194e-02 7.030117651906868559e+03 1.183597015986498300e+05
2.000000000000000389e-02 5.945193037272778383e+03 1.001419939730871120e+05
3.000000000000000583e-02 5.027277772445126175e+03 8.472482172798023385e+04
4.000000000000000777e-02 4.250696602713173888e+03 7.167794892407210136e+04
5.000000000000000278e-02 3.593718793963684220e+03 6.063721289421213442e+04
6.000000000000001166e-02 3.037952344828931473e+03 5.129437885424184060e+04
7.000000000000000666e-02 2.567831216878847044e+03 4.338855217117685243e+04
8.000000000000001554e-02 2.170181301405394152e+03 3.669890914746352064e+04
9.000000000000001055e-02 1.833853033929576668e+03 3.103854389361465292e+04
1.000000000000000056e-01 1.549410423533101266e+03 2.624925993879612361e+04
1.100000000000000144e-01 1.308867835153654141e+03 2.219716153519373984e+04
1.200000000000000233e-01 1.105467192829226406e+03 1.876892187968705184e+04
1.300000000000000322e-01 9.334893975599130727e+02 1.586862432550350240e+04
1.400000000000000133e-01 7.880947063191563302e+02 1.341508861191735923e+04
1.500000000000000222e-01 6.651876253215658608e+02 1.133960764596025911e+04
1.600000000000000311e-01 5.613025533999510799e+02 9.584031802555531613e+03
1.700000000000000122e-01 4.735069892704552217e+02 8.099147386808338524e+03
1.800000000000000211e-01 3.993196056637842730e+02 6.843304093809988444e+03
1.900000000000000300e-01 3.366409073942554073e+02 5.781253235342066546e+03
2.000000000000000111e-01 2.836945409569429444e+02 4.883164372361044116e+03
2.100000000000000200e-01 2.389776199470345546e+02 4.123792960529760421e+03
2.200000000000000289e-01 2.012186817463477553e+02 3.481775821682942933e+03
2.300000000000000100e-01 1.693421035133756618e+02 2.939034814066509171e+03
2.400000000000000466e-01 1.424379854650175616e+02 2.480272087601856128e+03
2.500000000000000555e-01 1.197366617613385387e+02 2.092542861201231972e+03
2.600000000000000644e-01 1.005871282409929108e+02 1.764893818323343112e+03
2.700000000000000733e-01 8.443878539487168666e+01 1.488057044631350436e+03
2.800000000000000266e-01 7.082598734836589927e+01 1.254190978689963458e+03
2.900000000000000355e-01 5.935496582107241181e+01 1.056661156192086992e+03
3.000000000000000444e-01 4.969276422452415432e+01 8.898546367038485414e+02
3.099999999999999978e-01 4.155787308699544269e+01 7.490229402268370222e+02
3.200000000000000622e-01 3.471230541998741614e+01 6.301491151261107007e+02
3.300000000000000711e-01 2.895489078447322484e+01 5.298352312785219738e+02
3.400000000000000244e-01 2.411560079441697368e+01 4.452071613801321632e+02
3.500000000000000888e-01 2.005074755687057930e+01 3.738339950609444031e+02
3.600000000000000422e-01 1.663892089319808676e+01 3.136598382044811046e+02
3.700000000000000511e-01 1.377755079278095884e+01 2.629460950136350448e+02
3.800000000000000600e-01 1.137999899292538508e+01 2.202226225145790295e+02
3.900000000000000688e-01 9.373098342489377899e+00 1.842463944834489666e+02
4.000000000000000222e-01 7.695071103256404754e+00 1.539665211029221439e+02
4.100000000000000866e-01 6.293767920430934915e+00 1.284946478374669425e+02
4.200000000000000400e-01 5.125178146507065158e+00 1.070799069915583885e+02
4.300000000000000488e-01 4.152169780599766824e+00 8.908772236164803360e+01
4.400000000000000577e-01 3.343423699274104433e+00 7.398187484590705765e+01
4.500000000000000666e-01 2.672532283681626097e+00 6.130932782868816133e+01
4.600000000000000200e-01 2.117237142700341135e+00 5.068738814269158155e+01
4.700000000000000844e-01 1.658784520827794262e+00 4.179284357549394713e+01
4.800000000000000933e-01 1.281380271190462050e+00 3.435277304360528206e+01
4.900000000000000466e-01 9.717290599556885899e-01 2.813677224314923819e+01
5.000000000000001110e-01 7.186448263274773929e-01 2.295037710220815796e+01
5.100000000000000089e-01 5.127215179115254262e-01 1.862950080682410459e+01
5.200000000000001288e-01 3.460548101909952656e-01 1.503572848247882021e+01
5.300000000000000266e-01 2.120069482619489631e-01 1.205233757443926912e+01
5.400000000000001465e-01 1.050080587022098749e-01 9.580932251361780061e+00
5.500000000000000444e-01 2.038830323471337025e-02 7.538597322185964344e+00
5.600000000000000533e-01 -4.576388774150944028e-02 5.855491685041875449e+00
5.700000000000000622e-01 -9.672153046612413929e-02 4.472813623589681598e+00
5.800000000000000711e-01 -1.352201602133030756e-01 3.341080673693359593e+00
5.900000000000000799e-01 -1.635431439399913367e-01 2.418675591740103936e+00
6.000000000000000888e-01 -1.835936720481051443e-01 1.670617410850626872e+00
6.100000000000000977e-01 -1.969554921570038641e-01 1.067522880561857290e+00
6.199999999999999956e-01 -2.049441296593423056e-01 5.847289252649569002e-01
6.300000000000001155e-01 -2.086500706623030110e-01 2.015512756857288368e-01
6.400000000000001243e-01 -2.089751551730568702e-01 -9.934174792842663526e-02
6.500000000000000222e-01 -2.066632357037344880e-01 -3.324580857942504020e-01
6.600000000000001421e-01 -2.023259934571718655e-01 -5.099284677719616576e-01
6.700000000000001510e-01 -1.964646663482952360e-01 -6.418833500495341182e-01
6.800000000000000488e-01 -1.894883264561811886e-01 -7.367710263739263299e-01
6.900000000000000577e-01 -1.817292458208167316e-01 -8.016260212714076960e-01
7.000000000000001776e-01 -1.734558060307530292e-01 -8.422954684109648094e-01
7.100000000000000755e-01 -1.648833364525974232e-01 -8.636299890505646504e-01
7.200000000000000844e-01 -1.561832062497417462e-01 -8.696445801551896393e-01
7.300000000000000933e-01 -1.474904448494936404e-01 -8.636541711794629705e-01
7.400000000000001021e-01 -1.389101228261524767e-01 -8.483877888752767715e-01
7.500000000000001110e-01 -1.305226890719880795e-01 -8.260846606802408898e-01
7.600000000000001199e-01 -1.223884296125476584e-01 -7.985750722238269539e-01
7.700000000000000178e-01 -1.145511876275115554e-01 -7.673483588313690928e-01
7.800000000000001377e-01 -1.070414624359202760e-01 -7.336100424041132051e-01
7.900000000000001465e-01 -9.987898677942928793e-02 -6.983298133747634084e-01
8.000000000000000444e-01 -9.307486616842500227e-02 -6.622817938392370207e-01
8.100000000000001643e-01 -8.663335090264455418e-02 -6.260782950467901342e-01
8.200000000000001732e-01 -8.055330026748920569e-02 -5.901980939302936546e-01
8.300000000000000711e-01 -7.482938902403866999e-02 -5.550100939762597774e-01
8.400000000000000799e-01 -6.945309838796401292e-02 -5.207931009863199234e-01
8.500000000000001998e-01 -6.441352700431228484e-02 -4.877523303727329673e-01
8.600000000000000977e-01 -5.969805178050935357e-02 -4.560331663488620957e-01
8.700000000000001066e-01 -5.529286367733503293e-02 -4.257326120041241002e-01
8.800000000000001155e-01 -5.118339954042686740e-02 -3.969088004923628787e-01
8.900000000000001243e-01 -4.735468766748777980e-02 -3.695888794674137556e-01
9.000000000000001332e-01 -4.379162195107859368e-02 -3.437755318236819790e-01
9.100000000000001421e-01 -4.047917703101414078e-02 -3.194523543502001961e-01
9.200000000000000400e-01 -3.740257486407459059e-02 -2.965882809057444058e-01
9.300000000000001599e-01 -3.454741141289924961e-02 -2.751412071733377318e-01
9.400000000000001688e-01 -3.189975072060783484e-02 -2.550609491115736760e-01
9.500000000000000666e-01 -2.944619243066777525e-02 -2.362916461745552532e-01
9.600000000000001865e-01 -2.717391779711672908e-02 -2.187737026185179179e-01
9.700000000000001954e-01 -2.507071837829741648e-02 -2.024453452411971166e-01
9.800000000000000933e-01 -2.312501089229278620e-02 -1.872438632779813983e-01
9.900000000000001021e-01 -2.132584111273778948e-02 -1.731065855422472266e-01
1.000000000000000222e+00 -1.966287918144784402e-02 -1.599716409372160530e-01
1.010000000000000231e+00 -1.812640829399346856e-02 -1.477785409223695279e-01
1.020000000000000018e+00 -1.670730836300045319e-02 -1.364686161683618948e-01
1.030000000000000027e+00 -1.539703597062623032e-02 -1.259853342940343568e-01
1.040000000000000258e+00 -1.418760167711976411e-02 -1.162745210899772536e-01
1.050000000000000266e+00 -1.307154554882668414e-02 -1.072845038618994717e-01
1.060000000000000053e+00 -1.204191159988177509e-02 -9.896619236134707176e-02
1.070000000000000062e+00 -1.109222170159974291e-02 -9.127311011600403035e-02
1.080000000000000293e+00 -1.021644939756169435e-02 -8.416138674658969754e-02
1.090000000000000080e+00 -9.408993966667949724e-03 -7.758971999439055744e-02
1.100000000000000089e+00 -8.664654997673881809e-03 -7.151931462550471796e-02
1.110000000000000098e+00 -7.978607674157854948e-03 -6.591380407658255225e-02
1.120000000000000107e+00 -7.346378916142231284e-03 -6.073915962140536556e-02
1.130000000000000115e+00 -6.763824481729747116e-03 -5.596359093362843207e-02
1.140000000000000124e+00 -6.227107097469662504e-03 -5.155744116940668559e-02
1.150000000000000133e+00 -5.732675658341613439e-03 -4.749307906992047273e-02
1.160000000000000142e+00 -5.277245516071253292e-03 -4.374479006740960435e-02
1.170000000000000151e+00 -4.857779856993421110e-03 -4.028866795176514609e-02
1.180000000000000160e+00 -4.471472157035949989e-03 -3.710250830343995998e-02
1.190000000000000169e+00 -4.115729690924622465e-03 -3.416570461004321546e-02
1.200000000000000178e+00 -3.788158064835085888e-03 -3.275716260895363691e-02
