0.000000000000000000e+00 1.494673542793086938e+02 3.810366449835701133e+02
1.000000000000000194e-02 1.456569878294729961e+02 3.810366449835677258e+02
2.000000000000000389e-02 1.418466213796373268e+02 3.810366449835677258e+02
3.000000000000000583e-02 1.380362549298016290e+02 3.810366449835689195e+02
4.000000000000000777e-02 1.342258884799659597e+02 3.810366449835689195e+02
5.000000000000000278e-02 1.304155220301302620e+02 3.810366449835689195e+02
6.000000000000001166e-02 1.266051555802945785e+02 3.810366449835689195e+02
7.000000000000000666e-02 1.227947891304588808e+02 3.810366449835689195e+02
8.000000000000001554e-02 1.189844226806231973e+02 3.810366449835689195e+02
9.000000000000001055e-02 1.151740562307874995e+02 3.810366449835677258e+02
1.000000000000000056e-01 1.113636897809518445e+02 3.810366449835677258e+02
1.100000000000000144e-01 1.075533233311161467e+02 3.810366449835695448e+02
1.200000000000000233e-01 1.037429568812804632e+02 3.810366449835683511e+02
1.300000000000000322e-01 9.993259043144477971e+01 3.810366449835683511e+02
1.400000000000000133e-01 9.612222398160909620e+01 3.810366449835689195e+02
1.500000000000000222e-01 9.231185753177339848e+01 3.810366449835683511e+02
1.600000000000000311e-01 8.850149108193772918e+01 3.810366449835683511e+02
1.700000000000000122e-01 8.469112463210203146e+01 3.810366449835689195e+02
1.800000000000000211e-01 8.088075818226634794e+01 3.810366449835683511e+02
1.900000000000000300e-01 7.707039173243066443e+01 3.810366449835683511e+02
2.000000000000000111e-01 7.326002528259498092e+01 3.810366449835689195e+02
2.100000000000000200e-01 6.944965883275929741e+01 3.810366449835689195e+02
2.200000000000000289e-01 6.563929238292359969e+01 3.810366449835683511e+02
2.300000000000000100e-01 6.182892593308792328e+01 3.810366449835689195e+02
2.400000000000000466e-01 5.801855948325222556e+01 3.810366449835695448e+02
2.500000000000000555e-01 5.420819303341653494e+01 3.810366449835683511e+02
2.600000000000000644e-01 5.039782658358085854e+01 3.810366449835683511e+02
2.700000000000000733e-01 4.658746013374516792e+01 3.810366449835685785e+02
2.800000000000000266e-01 4.277709368390948441e+01 3.810366449835683511e+02
2.900000000000000355e-01 3.896672723407380090e+01 3.810366449835685785e+02
3.000000000000000444e-01 3.515636078423811028e+01 3.810366449835680100e+02
3.099999999999999978e-01 3.134599433440243743e+01 3.810366449835683511e+02
3.200000000000000622e-01 2.753562788456674326e+01 3.810366449835697722e+02
3.300000000000000711e-01 2.372526143473104199e+01 3.810366449835685785e+02
3.400000000000000244e-01 1.991489498489536913e+01 3.810366449835684080e+02
3.500000000000000888e-01 1.610452853505967141e+01 3.810366449835685216e+02
3.600000000000000422e-01 1.229416208522400034e+01 3.231669301795010938e+02
3.700000000000000511e-01 9.641189931469650531e+00 2.406122162202652817e+02
3.800000000000000600e-01 7.481917760818693530e+00 1.972080379366217073e+02
3.900000000000000688e-01 5.697029172737215319e+00 1.632545504672552568e+02
4.000000000000000222e-01 4.216826751473588430e+00 1.353614384617248732e+02
4.100000000000000866e-01 2.989800403502718140e+00 1.120591425612360865e+02
4.200000000000000400e-01 1.975643900248866158e+00 9.238267040068753033e+01
4.300000000000000488e-01 1.142146995488967143e+00 7.562905038808665381e+01
4.400000000000000577e-01 4.630628924871331153e-01 6.132208463087871309e+01
4.500000000000000666e-01 -8.429469712860725161e-02 4.908688420260693164e+01
4.600000000000000200e-01 -5.186747915650056218e-01 3.865952657329226838e+01
4.700000000000000844e-01 -8.574852285944527530e-01 2.988174966244616115e+01
4.800000000000000933e-01 -1.116309784813928951e+00 2.259588228442587265e+01
4.900000000000000466e-01 -1.309402874282970197e+00 1.658381039058203754e+01
5.000000000000001110e-01 -1.447985992625569818e+00 1.158929208144594902e+01
5.100000000000000089e-01 -1.541188715911889107e+00 7.385537245700547260e+00
5.200000000000001288e-01 -1.595696737539580745e+00 3.809962910332197250e+00
5.300000000000000266e-01 -1.617387974118533078e+00 7.573379106381725734e-01
5.400000000000001465e-01 -1.610843495752344090e+00 -1.843968534086047217e+00
5.500000000000000444e-01 -1.580508603436812098e+00 -4.010520598656464486e+00
5.600000000000000533e-01 -1.530633083779214809e+00 -5.755037482436798690e+00
5.700000000000000622e-01 -1.465407853788076142e+00 -7.070376661658257511e+00
5.800000000000000711e-01 -1.389225550546049792e+00 -7.948560195234644077e+00
5.900000000000000799e-01 -1.306436649883383261e+00 -8.447770509254414861e+00
6.000000000000000888e-01 -1.220270140360961486e+00 -8.691376150477667650e+00
6.100000000000000977e-01 -1.132609126873829863e+00 -8.735406221183517061e+00
6.199999999999999956e-01 -1.045562015937291145e+00 -8.621587229805919961e+00
6.300000000000001155e-01 -9.601773822777115441e-01 -8.427099778801292018e+00
6.400000000000001243e-01 -8.770200203612652512e-01 -8.193636965148993312e+00
6.500000000000000222e-01 -7.963046429747316912e-01 -7.885930151763260731e+00
6.600000000000001421e-01 -7.193014173259999477e-01 -7.459987601457439332e+00
6.700000000000001510e-01 -6.471048909455828779e-01 -6.923054071926260988e+00
6.800000000000000488e-01 -5.808403358874747457e-01 -6.328187023998948391e+00
6.900000000000000577e-01 -5.205411504656038968e-01 -5.751961109550779661e+00
7.000000000000001776e-01 -4.658011136964591570e-01 -5.245140069984747910e+00
7.100000000000000755e-01 -4.156383490659089075e-01 -4.809143247818283839e+00
7.200000000000000844e-01 -3.696182487400935246e-01 -4.410811649584917227e+00
7.300000000000000933e-01 -3.274221160742105674e-01 -4.037709493787269288e+00
7.400000000000001021e-01 -2.888640588643481277e-01 -3.684917243856062452e+00
7.500000000000001110e-01 -2.537237711970893317e-01 -3.352338950965297659e+00
7.600000000000001199e-01 -2.218172798450421535e-01 -3.042541932992214093e+00
7.700000000000000178e-01 -1.928729325372450232e-01 -2.737387247932416834e+00
7.800000000000001377e-01 -1.670695348863938112e-01 -2.385013690619977922e+00
7.900000000000001465e-01 -1.451726587248454714e-01 -1.952431584596277414e+00
8.000000000000000444e-01 -1.280209031944682663e-01 -1.476715550707388580e+00
8.100000000000001643e-01 -1.156383477106976976e-01 -1.045600072226550825e+00
8.200000000000001732e-01 -1.071089017499372437e-01 -7.410580008272633634e-01
8.300000000000000711e-01 -1.008171876941524325e-01 -5.799624686951544428e-01
8.400000000000000799e-01 -9.550965237603416258e-02 -5.168016248386037015e-01
8.500000000000001998e-01 -9.048115519738035573e-02 -4.921285090527116601e-01
8.600000000000000977e-01 -8.566708219497992660e-02 -4.713794130482685807e-01
8.700000000000001066e-01 -8.105356693641498078e-02 -4.326995976772659014e-01
8.800000000000001155e-01 -7.701309024143460080e-02 -3.660596137231498237e-01
8.900000000000001243e-01 -7.373237466195198264e-02 -2.848927781760663969e-01
9.000000000000001332e-01 -7.131523467791327231e-02 -2.219787708098878709e-01
9.100000000000001421e-01 -6.929279924575422467e-02 -1.975866685601793682e-01
9.200000000000000400e-01 -6.736350130670969161e-02 -2.212285728500751614e-01
9.300000000000001599e-01 -6.486822778875273032e-02 -2.953582118688142244e-01
9.400000000000001688e-01 -6.145633706933340684e-02 -3.972057708119623443e-01
9.500000000000000666e-01 -5.692411237251347733e-02 -4.868893181978095619e-01
9.600000000000001865e-01 -5.171855070537721699e-02 -5.342939911316525459e-01
9.700000000000001954e-01 -4.623823254988042308e-02 -5.348604296088761423e-01
9.800000000000000933e-01 -4.102134211319969498e-02 -5.012041018420838601e-01
9.900000000000001021e-01 -3.621415051303875088e-02 -4.593807706596056972e-01
1.000000000000000222e+00 -3.183372670000757937e-02 -4.283196668234962035e-01
1.010000000000000231e+00 -2.764775717656882403e-02 -4.098402804515627884e-01
1.020000000000000018e+00 -2.363692109097632194e-02 -3.944765791380264730e-01
1.030000000000000027e+00 -1.975822559380829499e-02 -3.798356748375036895e-01
1.040000000000000258e+00 -1.604020759422624884e-02 -3.641183591186890056e-01
1.050000000000000266e+00 -1.247585841143451606e-02 -3.437525415271378004e-01
1.060000000000000053e+00 -9.165156763683492136e-03 -3.127436114119238608e-01
1.070000000000000062e+00 -6.220986183196038598e-03 -2.704572608741787620e-01
1.080000000000000293e+00 -3.756011546199915663e-03 -2.195306577544966775e-01
1.090000000000000080e+00 -1.830373028106105056e-03 -1.674781021029332628e-01
1.100000000000000089e+00 -4.064495041412498756e-04 -1.212536075963041443e-01
1.110000000000000098e+00 5.946991238199781076e-04 -8.272045318139098491e-02
1.120000000000000107e+00 1.247959559486570011e-03 -5.031896264381992973e-02
1.130000000000000115e+00 1.601078376696376702e-03 -2.464835724466527683e-02
1.140000000000000124e+00 1.740926704379875669e-03 -7.293564064205038631e-03
1.150000000000000133e+00 1.746949657980477423e-03 3.707423456941270467e-03
1.160000000000000142e+00 1.666778235241050217e-03 1.661121090734896458e-02
1.170000000000000151e+00 1.414725439833498105e-03 6.901014775224528774e-02
1.180000000000000160e+00 2.865752801961444574e-04 6.938254628223770870e-02
1.190000000000000169e+00 2.707451418874402436e-05 1.432876400980722179e-02
1.200000000000000178e+00 0.000000000000000000e+00 2.707451418874402219e-03
