0.000000000000000000e+00 8.727158560299012890e+01 1.898025725436969822e+02
1.000000000000000194e-02 8.537355987755316278e+01 1.898025725436963853e+02
2.000000000000000389e-02 8.347553415211621086e+01 1.898025725436957885e+02
3.000000000000000583e-02 8.157750842667924474e+01 1.898025725436963853e+02
4.000000000000000777e-02 7.967948270124227861e+01 1.898025725436969822e+02
5.000000000000000278e-02 7.778145697580531248e+01 1.898025725436963853e+02
6.000000000000001166e-02 7.588343125036834635e+01 1.898025725436963853e+02
7.000000000000000666e-02 7.398540552493138023e+01 1.898025725436963853e+02
8.000000000000001554e-02 7.208737979949442831e+01 1.898025725436963853e+02
9.000000000000001055e-02 7.018935407405744797e+01 1.898025725436957885e+02
1.000000000000000056e-01 6.829132834862051027e+01 1.898025725436957885e+02
1.100000000000000144e-01 6.639330262318352993e+01 1.898025725436969822e+02
1.200000000000000233e-01 6.449527689774656380e+01 1.898025725436969822e+02
1.300000000000000322e-01 6.259725117230959768e+01 1.898025725436963853e+02
1.400000000000000133e-01 6.069922544687263866e+01 1.898025725436957885e+02
1.500000000000000222e-01 5.880119972143567963e+01 1.898025725436963853e+02
1.600000000000000311e-01 5.690317399599871351e+01 1.898025725436969822e+02
1.700000000000000122e-01 5.500514827056174028e+01 1.898025725436963853e+02
1.800000000000000211e-01 5.310712254512478125e+01 1.898025725436961011e+02
1.900000000000000300e-01 5.120909681968782223e+01 1.898025725436963853e+02
2.000000000000000111e-01 4.931107109425085611e+01 1.898025725436961011e+02
2.100000000000000200e-01 4.741304536881389708e+01 1.898025725436963853e+02
2.200000000000000289e-01 4.551501964337692385e+01 1.898025725436963853e+02
2.300000000000000100e-01 4.361699391793997194e+01 1.898025725436963853e+02
2.400000000000000466e-01 4.171896819250299870e+01 1.898025725436969822e+02
2.500000000000000555e-01 3.982094246706603258e+01 1.898025725436963853e+02
2.600000000000000644e-01 3.792291674162907356e+01 1.898025725436961011e+02
2.700000000000000733e-01 3.602489101619210743e+01 1.898025725436963853e+02
2.800000000000000266e-01 3.412686529075514130e+01 1.898025725436963853e+02
2.900000000000000355e-01 3.222883956531818228e+01 1.898025725436963853e+02
3.000000000000000444e-01 3.033081383988121615e+01 1.898025725436961011e+02
3.099999999999999978e-01 2.843278811444425713e+01 -1.192644355985121649e+02
3.200000000000000622e-01 3.271610255185145633e+01 1.226489663759610096e+02
3.300000000000000711e-01 2.597980878692503737e+01 6.256311475382174194e+02
3.400000000000000244e-01 2.020347960108711050e+01 5.280928674990772151e+02
3.500000000000000888e-01 1.541795143694349335e+01 4.140172154096568988e+02
3.600000000000000422e-01 1.192313529289397067e+01 3.157797726874801469e+02
3.700000000000000511e-01 9.102355983193890054e+00 2.527137207140773683e+02
3.800000000000000600e-01 6.868860878612422560e+00 2.063721731294424728e+02
3.900000000000000688e-01 4.974912520605040633e+00 1.763244054289018266e+02
4.000000000000000222e-01 3.342372770034386598e+00 1.497165143004430377e+02
4.100000000000000866e-01 1.980582234596179658e+00 1.201653705731995387e+02
4.200000000000000400e-01 9.390653585703954143e-01 9.348919146095747124e+01
4.300000000000000488e-01 1.107984053770302568e-01 7.595624436623350562e+01
4.400000000000000577e-01 -5.800595287542746892e-01 6.179321687354441650e+01
4.500000000000000666e-01 -1.125065932093858079e+00 4.772367145042704095e+01
4.600000000000000200e-01 -1.534532957762815508e+00 3.440106951596306573e+01
4.700000000000000844e-01 -1.813087322413119429e+00 2.101742398429522041e+01
4.800000000000000933e-01 -1.954881437448720005e+00 9.917572176078655488e+00
4.900000000000000466e-01 -2.011438765934692618e+00 2.758722126901143934e+00
5.000000000000001110e-01 -2.010055879986742955e+00 -1.622659114143937487e+00
5.100000000000000089e-01 -1.978985583651813762e+00 -5.511032669697614850e+00
5.200000000000001288e-01 -1.899835226592790693e+00 -8.785524373247174168e+00
5.300000000000000266e-01 -1.803275096186870430e+00 -1.078389568093375850e+01
5.400000000000001465e-01 -1.684157312974115417e+00 -1.006708805218848468e+01
5.500000000000000444e-01 -1.601933335143100656e+00 -7.837488005971944283e+00
5.600000000000000533e-01 -1.527407552854676442e+00 -8.522781775202959764e+00
5.700000000000000622e-01 -1.431477699639041479e+00 -1.040136409649706195e+01
5.800000000000000711e-01 -1.319380270924735310e+00 -1.074568831504817190e+01
5.900000000000000799e-01 -1.216563933338077996e+00 -1.133118706553442401e+01
6.000000000000000888e-01 -1.092756529614046679e+00 -1.182214042766930184e+01
6.100000000000000977e-01 -9.801211247846920438e-01 -1.378145361794261348e+01
6.199999999999999956e-01 -8.171274572551944226e-01 -1.265581973127012105e+01
6.300000000000001155e-01 -7.270047301592895694e-01 -8.559063693185471777e+00
6.400000000000001243e-01 -6.459461833914850182e-01 -8.952557553653468503e+00
6.500000000000000222e-01 -5.479535790862201106e-01 -1.279937614497949561e+01
6.600000000000001421e-01 -3.899586604918950372e-01 -1.232972029339188147e+01
6.700000000000001510e-01 -3.013591732183825145e-01 -7.957437992961165385e+00
6.800000000000000488e-01 -2.308099006326717606e-01 -7.530662917080664265e+00
6.900000000000000577e-01 -1.507459148767692492e-01 -7.319758292975841130e+00
7.000000000000001776e-01 -8.441473477315493412e-02 -5.995624900777025701e+00
7.100000000000000755e-01 -3.083341686122871919e-02 -4.369376349366653756e+00
7.200000000000000844e-01 2.972792214178158858e-03 -5.280642143968184321e+00
7.300000000000000933e-01 7.477942601813497570e-02 -6.285292115636986310e+00
7.400000000000001021e-01 1.286786345269179122e-01 -3.276074610328651548e+00
7.500000000000001110e-01 1.403009182247080266e-01 -1.239605703188573216e+00
7.600000000000001199e-01 1.534707485906893765e-01 -1.518750804818489231e+00
7.700000000000000178e-01 1.706759343210778046e-01 -1.511407024922952980e+00
7.800000000000001377e-01 1.836988890891484150e-01 8.780701534619182735e-02
7.900000000000001465e-01 1.689197940141539678e-01 -2.992445737946948237e-01
8.000000000000000444e-01 1.896837805650423148e-01 -8.576415437652872287e-01
8.100000000000001643e-01 1.860726248894597201e-01 1.703981519294858415e+00
8.200000000000001732e-01 1.556041501791451676e-01 3.220354792615486073e+00
8.300000000000000711e-01 1.216655290371499859e-01 2.430173650449773515e+00
8.400000000000000799e-01 1.070006771701496884e-01 1.434534348643808466e+00
8.500000000000001998e-01 9.297484206427381048e-02 2.700608294099217765e+00
8.600000000000000977e-01 5.298851128816532002e-02 3.532631961081223348e+00
8.700000000000001066e-01 2.232220284264934546e-02 2.210011983888739096e+00
8.800000000000001155e-01 8.788271610390535268e-03 1.304436584793521314e+00
8.900000000000001243e-01 -3.766528853221083085e-03 2.381482729104783314e+00
9.000000000000001332e-01 -3.884138297170513371e-02 3.138346560716188893e+00
9.100000000000001421e-01 -6.653346006754486119e-02 1.325589102385205109e+00
9.200000000000000400e-01 -6.535316501940924283e-02 -5.726862389054528102e-02
9.300000000000001599e-01 -6.538808758973395363e-02 8.228462458138673385e-01
9.400000000000001688e-01 -8.181008993568658627e-02 1.537627037551699383e+00
9.500000000000000666e-01 -9.614062834076794739e-02 5.264157335619579214e-01
9.600000000000001865e-01 -9.233840460692574470e-02 -5.479807135352445790e-01
9.700000000000001954e-01 -8.518101407006305192e-02 -3.817609171374082289e-01
9.800000000000000933e-01 -8.470318626417758234e-02 -1.736344865667075188e-01
9.900000000000001021e-01 -8.170832433872890488e-02 -2.739469496930595493e-01
1.000000000000000222e+00 -7.922424727031639191e-02 -6.402128479632329672e-01
1.010000000000000231e+00 -6.890406737946423721e-02 -9.746293139158404006e-01
1.020000000000000018e+00 -5.973166099199957862e-02 -6.977610163616971839e-01
1.030000000000000027e+00 -5.494884705223029853e-02 -3.907512426862514987e-01
1.040000000000000258e+00 -5.191663613827455365e-02 -4.969544916185417160e-01
1.050000000000000266e+00 -4.500975721985946143e-02 -4.766936055552336571e-01
1.060000000000000053e+00 -4.238276402716988078e-02 -3.118280304953489623e-01
1.070000000000000062e+00 -3.877319660995248024e-02 -6.321626792277926787e-01
1.080000000000000293e+00 -2.973951044261402554e-02 -1.122844038390292454e+00
1.090000000000000080e+00 -1.631631584214663158e-02 -7.884990417840126442e-01
1.100000000000000089e+00 -1.396952960693377023e-02 -2.248580197951292603e-01
1.110000000000000098e+00 -1.181915544624404305e-02 -2.483230504802179939e-01
1.120000000000000107e+00 -9.003068597329409381e-03 -4.357763072874871191e-01
1.130000000000000115e+00 -3.103629300494300126e-03 -3.666014733236071521e-01
1.140000000000000124e+00 -1.671039130857266027e-03 -8.426777742963759144e-02
1.150000000000000133e+00 -1.418273751901548245e-03 -6.962305218648064120e-02
1.160000000000000142e+00 -2.785780871276530486e-04 -8.447869738491775582e-02
1.170000000000000151e+00 2.713001957968071338e-04 -1.523942392975425122e-02
1.180000000000000160e+00 2.621039146743200235e-05 1.342622934073930095e-02
1.190000000000000169e+00 2.775608982021055462e-06 1.310519573371599989e-03
1.200000000000000178e+00 0.000000000000000000e+00 2.775608982021055124e-04
