0.000000000000000000e+00 8.562639680000000908e+01 2.377557999999999936e+02
1.000000000000000194e-02 8.324862960000000101e+01 2.377557999999999936e+02
2.000000000000000389e-02 8.087128080000000807e+01 2.377557999999999936e+02
3.000000000000000583e-02 7.849351360000001421e+01 2.377557999999999936e+02
4.000000000000000777e-02 7.611616480000000706e+01 2.377557999999999936e+02
5.000000000000000278e-02 7.373839760000001320e+01 2.377557999999999936e+02
6.000000000000001166e-02 7.136104880000000605e+01 2.377557999999999936e+02
7.000000000000000666e-02 6.898328160000001219e+01 2.377557999999999936e+02
8.000000000000001554e-02 6.660593280000000505e+01 2.377557999999999936e+02
9.000000000000001055e-02 6.422816559999999697e+01 2.377557999999999936e+02
1.000000000000000056e-01 6.185081680000000404e+01 2.377557999999999936e+02
1.100000000000000144e-01 5.947304960000001017e+01 2.377557999999999936e+02
1.200000000000000233e-01 5.709570080000000303e+01 2.377557999999999936e+02
1.300000000000000322e-01 5.471793360000000206e+01 2.377557999999999936e+02
1.400000000000000133e-01 5.234058480000000202e+01 2.377557999999999936e+02
1.500000000000000222e-01 4.996281760000000816e+01 2.377557999999999936e+02
1.600000000000000311e-01 4.758546880000000812e+01 2.377557999999999936e+02
1.700000000000000122e-01 4.520770160000000715e+01 2.377557999999999936e+02
1.800000000000000211e-01 4.283035280000000711e+01 2.377557999999999936e+02
1.900000000000000300e-01 4.045271112000000358e+01 2.377557999999999936e+02
2.000000000000000111e-01 3.807515312000000307e+01 2.377557999999999936e+02
2.100000000000000200e-01 3.569759512000000257e+01 2.377557999999999936e+02
2.200000000000000289e-01 3.332003712000000206e+01 2.377557999999999936e+02
2.300000000000000100e-01 3.094247912000000511e+01 2.377557999999999936e+02
2.400000000000000466e-01 2.856487928000000309e+01 2.377557999999999936e+02
2.500000000000000555e-01 2.618732128000000259e+01 2.377557999999999936e+02
2.600000000000000644e-01 2.380976328000000208e+01 2.377557999999999936e+02
2.700000000000000733e-01 2.143220528000000513e+01 2.377557999999999936e+02
2.800000000000000266e-01 1.905464728000000107e+01 2.377557999999999936e+02
2.900000000000000355e-01 1.667708928000000412e+01 2.377557999999999936e+02
3.000000000000000444e-01 1.429953128000000007e+01 2.377557999999999936e+02
3.099999999999999978e-01 1.192197328000000134e+01 2.377557999999999936e+02
3.200000000000000622e-01 9.544415280000000834e+00 2.377557999999999936e+02
3.300000000000000711e-01 7.166857280000001218e+00 1.992427773333333505e+02
3.400000000000000244e-01 5.559573680000000628e+00 1.422880773333333195e+02
3.500000000000000888e-01 4.321109680000000175e+00 1.120795973333333393e+02
3.600000000000000422e-01 3.317974760000000689e+00 9.096085733333333678e+01
3.700000000000000511e-01 2.501893928000000322e+00 7.407841733333333423e+01
3.800000000000000600e-01 1.836411992000000160e+00 6.009011986666666871e+01
3.900000000000000688e-01 1.300090136000000118e+00 4.826578719999999834e+01
4.000000000000000222e-01 8.710962480000001840e-01 3.836999959999999987e+01
4.100000000000000866e-01 5.326901440000001431e-01 3.022096226666666752e+01
4.200000000000000400e-01 2.666760264000000435e-01 2.365738200000000191e+01
4.300000000000000488e-01 5.954501440000000562e-02 1.843491320000000044e+01
4.400000000000000577e-01 -1.020222376000000097e-01 1.428006173333333528e+01
4.500000000000000666e-01 -2.260556624000000514e-01 1.086745186666666818e+01
4.600000000000000200e-01 -3.193709960000000181e-01 7.935653333333334558e+00
4.700000000000000844e-01 -3.847685896000000438e-01 5.320534786666667237e+00
4.800000000000000933e-01 -4.257805760000000772e-01 3.022981840000000364e+00
4.900000000000000466e-01 -4.452278080000000582e-01 1.112672040000000084e+00
5.000000000000001110e-01 -4.480352720000000399e-01 -3.261065386666666677e-01
5.100000000000000089e-01 -4.387049520000000369e-01 -1.251706360000000018e+00
5.200000000000001288e-01 -4.230024000000000006e-01 -1.715265666666666800e+00
5.300000000000000266e-01 -4.044007544000000620e-01 -1.877632760000000012e+00
5.400000000000001465e-01 -3.854484895999999994e-01 -1.865485213333333503e+00
5.500000000000000444e-01 -3.670907712000000545e-01 -1.761575573333333367e+00
5.600000000000000533e-01 -3.502166992000000367e-01 -1.607667133333333442e+00
5.700000000000000622e-01 -3.349375680000000188e-01 -1.454769826666666876e+00
5.800000000000000711e-01 -3.211215816000000389e-01 -1.351236746666666821e+00
5.900000000000000799e-01 -3.079126936000000647e-01 -1.347338653333333358e+00
6.000000000000000888e-01 -2.941745296000000121e-01 -1.453061360000000191e+00
6.100000000000000977e-01 -2.788514664000000254e-01 -1.660734200000000049e+00
6.199999999999999956e-01 -2.609598456000000177e-01 -1.913817386666666565e+00
6.300000000000001155e-01 -2.405749792000000387e-01 -2.130987906666666820e+00
6.400000000000001243e-01 -2.183403664000000410e-01 -2.257679426666666878e+00
6.500000000000000222e-01 -1.954216696000000419e-01 -2.279024800000000184e+00
6.600000000000001421e-01 -1.727598704000000152e-01 -2.186760626666666596e+00
6.700000000000001510e-01 -1.516863176000000091e-01 -2.002929613333333414e+00
6.800000000000000488e-01 -1.327014176000000101e-01 -1.759748560000000239e+00
6.900000000000000577e-01 -1.164913464000000010e-01 -1.496254186666666763e+00
7.000000000000001776e-01 -1.027761944000000066e-01 -1.261629413333333449e+00
7.100000000000000755e-01 -9.125889760000001349e-02 -1.071585159999999926e+00
7.200000000000000844e-01 -8.134449120000000755e-02 -9.096155466666666634e-01
7.300000000000000933e-01 -7.306644720000000925e-02 -7.544658533333333805e-01
7.400000000000001021e-01 -6.625531360000000425e-02 -5.906664373333333495e-01
7.500000000000001110e-01 -6.125334160000001082e-02 -4.114705986666666870e-01
7.600000000000001199e-01 -5.802580400000000721e-02 -2.297141520000000048e-01
7.700000000000000178e-01 -5.665889120000001250e-02 -7.021449333333333598e-02
7.800000000000001377e-01 -5.662165360000000897e-02 3.185432613333333274e-02
7.900000000000001465e-01 -5.729611440000000749e-02 7.205475600000001146e-02
8.000000000000000444e-01 -5.806262320000001032e-02 7.238877866666666716e-02
8.100000000000001643e-01 -5.874377840000000878e-02 5.033616986666667598e-02
8.200000000000001732e-01 -5.906929360000000989e-02 1.248742693333333362e-02
8.300000000000000711e-01 -5.899356320000001541e-02 -3.857194733333333542e-02
8.400000000000000799e-01 -5.829776400000000192e-02 -1.051543800000000195e-01
8.500000000000001998e-01 -5.689026640000000717e-02 -1.726116173333333281e-01
8.600000000000000977e-01 -5.484554560000001050e-02 -2.243474746666666853e-01
8.700000000000001066e-01 -5.240334480000000822e-02 -2.650968453333333308e-01
8.800000000000001155e-01 -4.954358080000000747e-02 -3.032535306666666597e-01
8.900000000000001243e-01 -4.633821840000000580e-02 -3.352011599999999980e-01
9.000000000000001332e-01 -4.283955760000000140e-02 -3.681104119999999980e-01
9.100000000000001421e-01 -3.897621936000000148e-02 -4.139991293333333822e-01
9.200000000000000400e-01 -3.455975632000000269e-02 -4.646701586666666661e-01
9.300000000000001599e-01 -2.968280224000000023e-02 -4.990333506666667085e-01
9.400000000000001688e-01 -2.457907536000000434e-02 -5.069864373333333729e-01
9.500000000000000666e-01 -1.954308744000000236e-02 -4.934435266666666875e-01
9.600000000000001865e-01 -1.471023272000000250e-02 -4.671666120000000366e-01
9.700000000000001954e-01 -1.019975520000000052e-02 -4.334442693333332985e-01
9.800000000000000933e-01 -6.041319440000000700e-03 -3.906949466666667092e-01
9.900000000000001021e-01 -2.385867424000000323e-03 -3.321496293333333627e-01
1.000000000000000222e+00 6.016633840000000944e-04 -2.578396973333333397e-01
1.010000000000000231e+00 2.770925128000000393e-03 -1.756589640000000008e-01
1.020000000000000018e+00 4.114838480000000687e-03 -9.172862133333332946e-02
1.030000000000000027e+00 4.605496160000000817e-03 -1.046474186666666688e-02
1.040000000000000258e+00 4.324122159999999916e-03 5.344878693333333930e-02
1.050000000000000266e+00 3.536526000000000339e-03 8.719734933333332660e-02
1.060000000000000053e+00 2.580193304000000243e-03 9.098247466666667393e-02
1.070000000000000062e+00 1.716875112000000071e-03 7.497867466666667535e-02
1.080000000000000293e+00 1.080626784000000016e-03 4.908055146666667062e-02
1.090000000000000080e+00 7.352626880000000514e-04 2.267679186666666721e-02
1.100000000000000089e+00 6.270895520000000162e-04 3.436605106666666513e-03
1.110000000000000098e+00 6.665321200000000161e-04 -6.933166933333334385e-03
1.120000000000000107e+00 7.657514960000000315e-04 -1.143075773333333302e-02
1.130000000000000115e+00 8.951458800000001385e-04 -1.321160760000000128e-02
1.140000000000000124e+00 1.029983648000000170e-03 -1.267570693333333436e-02
1.150000000000000133e+00 1.148658624000000210e-03 -7.833215066666666254e-03
1.160000000000000142e+00 1.186649344000000050e-03 6.144740946666666509e-02
1.170000000000000151e+00 -8.028761280000001953e-05 6.051137893333333878e-02
1.180000000000000160e+00 -2.357859728000000525e-05 -3.916007826666666539e-03
1.190000000000000169e+00 -1.967417216000000195e-06 -1.178932653333333337e-03
1.200000000000000178e+00 0.000000000000000000e+00 -1.967414426666667015e-04
