0.000000000000000000e+00 4.929725318369253984e+01 1.334752654986791924e+02
1.000000000000000194e-02 4.796250052870575331e+01 1.334752654986788798e+02
2.000000000000000389e-02 4.662774787371896679e+01 1.334752654986791924e+02
3.000000000000000583e-02 4.529299521873216605e+01 1.334752654986791924e+02
4.000000000000000777e-02 4.395824256374537953e+01 1.334752654986788798e+02
5.000000000000000278e-02 4.262348990875859300e+01 1.334752654986791924e+02
6.000000000000001166e-02 4.128873725377179937e+01 1.334752654986791924e+02
7.000000000000000666e-02 3.995398459878500574e+01 1.334752654986788798e+02
8.000000000000001554e-02 3.861923194379821922e+01 1.334752654986788798e+02
9.000000000000001055e-02 3.728447928881142559e+01 1.334752654986791924e+02
1.000000000000000056e-01 3.594972663382463907e+01 1.334752654986791924e+02
1.100000000000000144e-01 3.461497397883784544e+01 1.334752654986791924e+02
1.200000000000000233e-01 3.328022132385105181e+01 1.334752654986788798e+02
1.300000000000000322e-01 3.194546866886426528e+01 1.334752654986788798e+02
1.400000000000000133e-01 3.061071601387747521e+01 1.334752654986791924e+02
1.500000000000000222e-01 2.927596335889068158e+01 1.334752654986791924e+02
1.600000000000000311e-01 2.794121070390389150e+01 1.334752654986791924e+02
1.700000000000000122e-01 2.660645804891709787e+01 1.334752654986790503e+02
1.800000000000000211e-01 2.527170539393031135e+01 1.334752654986790503e+02
1.900000000000000300e-01 2.393695273894351772e+01 1.334752654986791924e+02
2.000000000000000111e-01 2.260220008395672764e+01 1.334752654986790503e+02
2.100000000000000200e-01 2.126744742896993756e+01 1.334752654986790503e+02
2.200000000000000289e-01 1.993269477398314393e+01 1.334752654986790503e+02
2.300000000000000100e-01 1.859794211899635741e+01 1.334752654986791924e+02
2.400000000000000466e-01 1.726318946400956023e+01 1.334752654986791924e+02
2.500000000000000555e-01 1.592843680902277193e+01 1.334752654986790503e+02
2.600000000000000644e-01 1.459368415403598007e+01 1.334752654986790503e+02
2.700000000000000733e-01 1.325893149904919177e+01 1.334752654986790503e+02
2.800000000000000266e-01 1.192417884406239992e+01 1.334752654986790503e+02
2.900000000000000355e-01 1.058942618907561162e+01 1.334752654986790503e+02
3.000000000000000444e-01 9.254673534088819764e+00 1.334752654986788798e+02
3.099999999999999978e-01 7.919920879102033240e+00 1.334752654986789935e+02
3.200000000000000622e-01 6.585168224115238722e+00 1.334752654986794482e+02
3.300000000000000711e-01 5.250415569128444204e+00 1.334752654986790503e+02
3.400000000000000244e-01 3.915662914141658124e+00 1.334752654986790503e+02
3.500000000000000888e-01 2.580910259154863162e+00 1.120928548696685141e+02
3.600000000000000422e-01 1.673805816748287212e+00 7.986444911369336808e+01
3.700000000000000511e-01 9.836212768809958762e-01 6.182659449226483872e+01
3.800000000000000600e-01 4.372739269029904952e-01 4.937017409655966560e+01
3.900000000000000688e-01 -3.782205050197573817e-03 3.999132180518054014e+01
4.000000000000000222e-01 -3.625525092006203765e-01 3.250259173205861885e+01
4.100000000000000866e-01 -6.538340396913698838e-01 2.618030683617310572e+01
4.200000000000000400e-01 -8.861586459240825553e-01 2.064476158339761369e+01
4.300000000000000488e-01 -1.066729271359322162e+00 1.575256388439208166e+01
4.400000000000000577e-01 -1.201209923611924246e+00 1.147049367065668690e+01
4.500000000000000666e-01 -1.296139144772455953e+00 7.788829151665167316e+00
4.600000000000000200e-01 -1.356986506645227575e+00 4.654209011351846392e+00
4.700000000000000844e-01 -1.389223324999492970e+00 1.979283102041650810e+00
4.800000000000000933e-01 -1.396572168686060600e+00 -3.495151420950546872e-01
4.900000000000000466e-01 -1.382233022157591806e+00 -2.385511386989653815e+00
5.000000000000001110e-01 -1.348861940946267435e+00 -4.070033850624580118e+00
5.100000000000000089e-01 -1.300832345145100266e+00 -5.279251489890905091e+00
5.200000000000001288e-01 -1.243276911148449404e+00 -6.045014242873424593e+00
5.300000000000000266e-01 -1.179932060287631757e+00 -6.486172560657097463e+00
5.400000000000001465e-01 -1.113553459935307410e+00 -6.683005138094214814e+00
5.500000000000000444e-01 -1.046271957525747531e+00 -6.656658737720108299e+00
5.600000000000000533e-01 -9.804202851809051822e-01 -6.458540580059356273e+00
5.700000000000000622e-01 -9.171011459245603792e-01 -6.160136844533194989e+00
5.800000000000000711e-01 -8.572175482902413268e-01 -5.889236128476324161e+00
5.900000000000000799e-01 -7.993164233550338338e-01 -5.780718527974826770e+00
6.000000000000000888e-01 -7.416031777307448003e-01 -5.857537662322587657e+00
6.100000000000000977e-01 -6.821656701085820895e-01 -6.001039630793147950e+00
6.199999999999999956e-01 -6.215823851148818413e-01 -6.007137783749797677e+00
6.300000000000001155e-01 -5.620229144335860960e-01 -5.701054019633302161e+00
6.400000000000001243e-01 -5.075613047222157226e-01 -5.070020490169109273e+00
6.500000000000000222e-01 -4.606225046302039328e-01 -4.302117012487747694e+00
6.600000000000001421e-01 -4.215189644724607887e-01 -3.612198704400122029e+00
6.700000000000001510e-01 -3.883785305422014500e-01 -3.135491397143435499e+00
6.800000000000000488e-01 -3.588091365295920654e-01 -2.898511148314051322e+00
6.900000000000000577e-01 -3.304083075759204347e-01 -2.799209379472859638e+00
7.000000000000001776e-01 -3.028249489401348971e-01 -2.648535827508862184e+00
7.100000000000000755e-01 -2.774375910257432243e-01 -2.336430967067942621e+00
7.200000000000000844e-01 -2.560963295987760402e-01 -1.885379187928965417e+00
7.300000000000000933e-01 -2.397300072671638971e-01 -1.380996073953792092e+00
7.400000000000001021e-01 -2.284764081197001862e-01 -9.104775337506146871e-01
7.500000000000001110e-01 -2.215204565921515822e-01 -5.485864181242379178e-01
7.600000000000001199e-01 -2.175046797572154356e-01 -3.074815401725302655e-01
7.700000000000000178e-01 -2.153708257887009814e-01 -1.611610674079183569e-01
7.800000000000001377e-01 -2.142814584090570740e-01 -9.966446659057344448e-02
7.900000000000001465e-01 -2.133775364568895327e-01 -1.248619860429522194e-01
8.000000000000000444e-01 -2.117842186881980227e-01 -2.110534945957951714e-01
8.100000000000001643e-01 -2.091564665649736088e-01 -3.147801782277162008e-01
8.200000000000001732e-01 -2.054886151236436920e-01 -4.228556939794964054e-01
8.300000000000000711e-01 -2.006993526853836918e-01 -5.306505230516596061e-01
8.400000000000000799e-01 -1.948756046626105021e-01 -5.955016186307539039e-01
8.500000000000001998e-01 -1.887893203127685993e-01 -5.781510744264068968e-01
8.600000000000000977e-01 -1.833125831740823608e-01 -4.967978929656058917e-01
8.700000000000001066e-01 -1.788533624534564825e-01 -4.091039361264154350e-01
8.800000000000001155e-01 -1.751305044515540366e-01 -3.923205077976424371e-01
8.900000000000001243e-01 -1.710069522975036505e-01 -4.811957956366776923e-01
9.000000000000001332e-01 -1.655065885388204983e-01 -6.321229530193873680e-01
9.100000000000001421e-01 -1.583644932371159053e-01 -7.733696588927474469e-01
9.200000000000000400e-01 -1.500391953609655493e-01 -8.649180013870249040e-01
9.300000000000001599e-01 -1.410661332093753884e-01 -8.985110009695624900e-01
9.400000000000001688e-01 -1.320689753415743017e-01 -8.815658754180978329e-01
9.500000000000000666e-01 -1.234348157010134311e-01 -8.489761728255309503e-01
9.600000000000001865e-01 -1.150894518850636705e-01 -8.425487587777403808e-01
9.700000000000001954e-01 -1.065838405254586341e-01 -8.680119902597686066e-01
9.800000000000000933e-01 -9.772921207986830228e-02 -8.908205401931408307e-01
9.900000000000001021e-01 -8.876742972159580580e-02 -8.797769330812034161e-01
1.000000000000000222e+00 -8.013367341824423340e-02 -8.366320734731318431e-01
1.010000000000000231e+00 -7.203478825213317782e-02 -7.803912097538852066e-01
1.020000000000000018e+00 -6.452584922316652316e-02 -7.210641710587878395e-01
1.030000000000000027e+00 -5.761350483095740993e-02 -6.592879061290890519e-01
1.040000000000000258e+00 -5.134009110058474629e-02 -5.927154478878318145e-01
1.050000000000000266e+00 -4.575919587320077808e-02 -5.247269394505815754e-01
1.060000000000000053e+00 -4.084555231157311478e-02 -4.656579092820178900e-01
1.070000000000000062e+00 -3.644603768756041889e-02 -4.198881855535119834e-01
1.080000000000000293e+00 -3.244778860050287483e-02 -3.855832316257269410e-01
1.090000000000000080e+00 -2.873437305504587813e-02 -3.603617826169941418e-01
1.100000000000000089e+00 -2.524055294816298853e-02 -3.427645425883897867e-01
1.110000000000000098e+00 -2.187908220327808295e-02 -3.267433060121465727e-01
1.120000000000000107e+00 -1.870568682792005805e-02 -3.061152602217281915e-01
1.130000000000000115e+00 -1.575677699884351843e-02 -2.846330712039892852e-01
1.140000000000000124e+00 -1.301302540384027297e-02 -2.664644488286416202e-01
1.150000000000000133e+00 -1.042748802227068394e-02 -2.506284722212659966e-01
1.160000000000000142e+00 -8.000455959414952065e-03 -3.951251522061504651e-01
1.170000000000000151e+00 -2.524984978147674919e-03 -3.831642460604152145e-01
1.180000000000000160e+00 -3.371710382066474688e-04 -1.249100706457319937e-01
1.190000000000000169e+00 -2.678356523303514856e-05 -1.685855191033237138e-02
1.200000000000000178e+00 0.000000000000000000e+00 -2.678356523303514897e-03
