0.000000000000000000e+00 2.729015720782041967e+02 7.538319004345721623e+02
1.000000000000000194e-02 2.653632530738584592e+02 7.538319004345721623e+02
2.000000000000000389e-02 2.578249340695127216e+02 7.538319004345721623e+02
3.000000000000000583e-02 2.502866150651670125e+02 7.538319004345721623e+02
4.000000000000000777e-02 2.427482960608213034e+02 7.538319004345721623e+02
5.000000000000000278e-02 2.352099770564755659e+02 7.538319004345744361e+02
6.000000000000001166e-02 2.276716580521297999e+02 7.538319004345744361e+02
7.000000000000000666e-02 2.201333390477840908e+02 7.538319004345721623e+02
8.000000000000001554e-02 2.125950200434383532e+02 7.538319004345734129e+02
9.000000000000001055e-02 2.050567010390926157e+02 7.538319004345734129e+02
1.000000000000000056e-01 1.975183820347468782e+02 7.538319004345734129e+02
1.100000000000000144e-01 1.899800630304011406e+02 7.538319004345744361e+02
1.200000000000000233e-01 1.824417440260554031e+02 7.538319004345734129e+02
1.300000000000000322e-01 1.749034250217096655e+02 7.538319004345734129e+02
1.400000000000000133e-01 1.673651060173639280e+02 7.538319004345734129e+02
1.500000000000000222e-01 1.598267870130182189e+02 7.538319004345734129e+02
1.600000000000000311e-01 1.522884680086724529e+02 7.538319004345734129e+02
1.700000000000000122e-01 1.447501490043267438e+02 7.538319004345734129e+02
1.800000000000000211e-01 1.372118299999810063e+02 7.538319004345734129e+02
1.900000000000000300e-01 1.296735109956352687e+02 7.538319004345734129e+02
2.000000000000000111e-01 1.221351919912895312e+02 7.538319004345734129e+02
2.100000000000000200e-01 1.145968729869438079e+02 7.538319004345734129e+02
2.200000000000000289e-01 1.070585539825980561e+02 7.538319004345734129e+02
2.300000000000000100e-01 9.952023497825234699e+01 7.538319004345744361e+02
2.400000000000000466e-01 9.198191597390656682e+01 7.538319004345744361e+02
2.500000000000000555e-01 8.444359696956084349e+01 7.538319004345727308e+02
2.600000000000000644e-01 7.690527796521512016e+01 7.538319004345734129e+02
2.700000000000000733e-01 6.936695896086938262e+01 7.538319004345734129e+02
2.800000000000000266e-01 6.182863995652365219e+01 7.538319004345734129e+02
2.900000000000000355e-01 5.429032095217791465e+01 7.538319004345734129e+02
3.000000000000000444e-01 4.675200194783218421e+01 7.538319004345718213e+02
3.099999999999999978e-01 3.921368294348647510e+01 7.538319004345730718e+02
3.200000000000000622e-01 3.167536393914071979e+01 4.328381645498811281e+02
3.300000000000000711e-01 3.055691965248885467e+01 2.120239259811209536e+02
3.400000000000000244e-01 2.743488541951830229e+01 4.382076407208502928e+02
3.500000000000000888e-01 2.179276683807184867e+01 5.087568940702591931e+02
3.600000000000000422e-01 1.725974753811311757e+01 4.109936262687702992e+02
3.700000000000000511e-01 1.357289431269644098e+01 3.417717469523698810e+02
3.800000000000000600e-01 1.042431259906571839e+01 2.890449082909814820e+02
3.900000000000000688e-01 7.791996146876811302e+00 2.371738534348712619e+02
4.000000000000000222e-01 5.680835530368293362e+00 1.902782099069456478e+02
4.100000000000000866e-01 3.986431948737898079e+00 1.533813446149272011e+02
4.200000000000000400e-01 2.613208638069749234e+00 1.249693020964258778e+02
4.300000000000000488e-01 1.487045906809380202e+00 1.029894149009870148e+02
4.400000000000000577e-01 5.534203400500088410e-01 8.505071626851680833e+01
4.500000000000000666e-01 -2.139684185609558309e-01 6.742361098787711171e+01
4.600000000000000200e-01 -7.950518797075335486e-01 5.157849029402753871e+01
4.700000000000000844e-01 -1.245538224441506525e+00 3.869445319484210444e+01
4.800000000000000933e-01 -1.568940943604375526e+00 2.708818207279773560e+01
4.900000000000000466e-01 -1.787301865897461317e+00 1.729684146485352159e+01
5.000000000000001110e-01 -1.914877772901446118e+00 1.096766179326100143e+01
5.100000000000000089e-01 -2.006655101762681248e+00 6.029674546396781132e+00
5.200000000000001288e-01 -2.035471263829381705e+00 7.920294797784375174e-01
5.300000000000000266e-01 -2.022495691358249914e+00 -3.015330484147413337e+00
5.400000000000001465e-01 -1.975164654146433385e+00 -5.169340552532678323e+00
5.500000000000000444e-01 -1.919108880307596410e+00 -6.486655983826253191e+00
5.600000000000000533e-01 -1.845431534469908375e+00 -7.278733555433722913e+00
5.700000000000000622e-01 -1.773534209198922129e+00 -7.546593548435931886e+00
5.800000000000000711e-01 -1.694499663501189746e+00 -8.663361246695586715e+00
5.900000000000000799e-01 -1.600266984265010350e+00 -9.745260897407824530e+00
6.000000000000000888e-01 -1.499594445553033228e+00 -9.881924242077342768e+00
6.100000000000000977e-01 -1.402628499423463460e+00 -9.436874662725957208e+00
6.199999999999999956e-01 -1.310856952298514067e+00 -9.547327440655152486e+00
6.300000000000001155e-01 -1.211681950610360436e+00 -1.018050374602243835e+01
6.400000000000001243e-01 -1.107246877378065264e+00 -1.030682423333220221e+01
6.500000000000000222e-01 -1.005545465943716410e+00 -1.035326297203552670e+01
6.600000000000001421e-01 -9.001816179373547389e-01 -1.025144487050651776e+01
6.700000000000001510e-01 -8.005165685335858816e-01 -9.960634290726900986e+00
6.800000000000000488e-01 -7.009689321228167458e-01 -9.467545769312385673e+00
6.900000000000000577e-01 -6.111656531473381726e-01 -9.116176089541257355e+00
7.000000000000001776e-01 -5.186454103319916298e-01 -8.946787258878140747e+00
7.100000000000000755e-01 -4.322299079697753399e-01 -8.236112297492232059e+00
7.200000000000000844e-01 -3.539231643821469930e-01 -7.237834717962665643e+00
7.300000000000000933e-01 -2.874732136105220270e-01 -6.428114807863057223e+00
7.400000000000001021e-01 -2.253608682248857964e-01 -5.878581778687308024e+00
7.500000000000001110e-01 -1.699015780367758577e-01 -4.985834937760064811e+00
7.600000000000001199e-01 -1.256441694696845135e-01 -4.086524630098962163e+00
7.700000000000000178e-01 -8.817108543479662552e-02 -3.492224761690360779e+00
7.800000000000001377e-01 -5.579967423587729042e-02 -2.916121575623203732e+00
7.900000000000001465e-01 -2.984865392233254297e-02 -2.449455246950481779e+00
8.000000000000000444e-01 -6.810569296867652681e-03 -1.756777088714317259e+00
8.100000000000001643e-01 5.286887851953805777e-03 -6.572608664185639604e-01
8.200000000000001732e-01 6.334648031503626112e-03 5.346701892142238788e-02
8.300000000000000711e-01 4.217547473525358123e-03 3.371663845448171631e-02
8.400000000000000799e-01 5.660315262413991542e-03 3.471593096434036352e-01
8.500000000000001998e-01 -2.725638719342714580e-03 1.219594993469061972e+00
8.600000000000000977e-01 -1.873158460696724981e-02 1.510530581280101758e+00
8.700000000000001066e-01 -3.293625034494475357e-02 1.213668315168643153e+00
8.800000000000001155e-01 -4.300495091034011591e-02 1.110024264397470706e+00
8.900000000000001243e-01 -5.513673563289416685e-02 1.228466886239677036e+00
9.000000000000001332e-01 -6.757428863513365025e-02 1.199826778397729665e+00
9.100000000000001421e-01 -7.913327120084875932e-02 1.163850032631379650e+00
9.200000000000000400e-01 -9.085128928776124713e-02 9.687938940600678839e-01
9.300000000000001599e-01 -9.850914908205012088e-02 5.406580837635419634e-01
9.400000000000001688e-01 -1.016644509630320881e-01 1.640754705723389550e-01
9.500000000000000666e-01 -1.017906584934969022e-01 -3.712372368296742997e-02
9.600000000000001865e-01 -1.009219764893727334e-01 -2.828496338684938216e-01
9.700000000000001954e-01 -9.613366581612702022e-02 -5.005432840880316148e-01
9.800000000000000933e-01 -9.091111080761210550e-02 -5.225191508595541379e-01
9.900000000000001021e-01 -8.568328279893594468e-02 -6.147050416623437430e-01
1.000000000000000222e+00 -7.861700997436522897e-02 -8.164721449568452805e-01
1.010000000000000231e+00 -6.935383989979904129e-02 -8.544753264671887116e-01
1.020000000000000018e+00 -6.152750344502145446e-02 -7.555222045822612698e-01
1.030000000000000027e+00 -5.424339580815380757e-02 -7.285413754762286587e-01
1.040000000000000258e+00 -4.695667593549687768e-02 -6.088687433275734584e-01
1.050000000000000266e+00 -4.206602094160234034e-02 -3.627131199617907864e-01
1.060000000000000053e+00 -3.970241353626106223e-02 -2.270797280963080811e-01
1.070000000000000062e+00 -3.752442637967617900e-02 -2.763060213527533948e-01
1.080000000000000293e+00 -3.417629310920599489e-02 -2.488058517464394881e-01
1.090000000000000080e+00 -3.254830934474738785e-02 -2.310884528086044332e-01
1.100000000000000089e+00 -2.955452405303390928e-02 -3.508273608077111527e-01
1.110000000000000098e+00 -2.553176212859316688e-02 -3.465153776357827731e-01
1.120000000000000107e+00 -2.262421650031825118e-02 -2.487235492385715951e-01
1.130000000000000115e+00 -2.055729114382173414e-02 -2.658123398709265617e-01
1.140000000000000124e+00 -1.730796970289972050e-02 -3.631574729246611066e-01
1.150000000000000133e+00 -1.329414168532851159e-02 -3.859012538619198684e-01
1.160000000000000142e+00 -9.589944625661322650e-03 -6.115466860220711842e-01
1.170000000000000151e+00 -1.063207964887086070e-03 -4.741073815357498833e-01
1.180000000000000160e+00 -1.077969949463239603e-04 -5.276297389228957330e-02
1.190000000000000169e+00 -7.948487041294380483e-06 -5.389849747316197148e-03
1.200000000000000178e+00 0.000000000000000000e+00 -7.948487041294379331e-04
