0.000000000000000000e+00 9.983185572371104399e+01 2.666369552644482610e+02
1.000000000000000194e-02 9.716548617106656138e+01 2.666369552644482610e+02
2.000000000000000389e-02 9.449911661842207877e+01 2.666369552644482610e+02
3.000000000000000583e-02 9.183274706577759616e+01 2.666369552644482610e+02
4.000000000000000777e-02 8.916637751313311355e+01 2.666369552644482610e+02
5.000000000000000278e-02 8.650000796048863094e+01 2.666369552644488294e+02
6.000000000000001166e-02 8.383363840784413412e+01 2.666369552644482610e+02
7.000000000000000666e-02 8.116726885519966572e+01 2.666369552644482610e+02
8.000000000000001554e-02 7.850089930255516890e+01 2.666369552644482610e+02
9.000000000000001055e-02 7.583452974991070050e+01 2.666369552644482610e+02
1.000000000000000056e-01 7.316816019726620368e+01 2.666369552644482610e+02
1.100000000000000144e-01 7.050179064462173528e+01 2.666369552644482610e+02
1.200000000000000233e-01 6.783542109197723846e+01 2.666369552644482610e+02
1.300000000000000322e-01 6.516905153933277006e+01 2.666369552644482610e+02
1.400000000000000133e-01 6.250268198668827324e+01 2.666369552644482610e+02
1.500000000000000222e-01 5.983631243404380484e+01 2.666369552644482610e+02
1.600000000000000311e-01 5.716994288139930802e+01 2.666369552644482610e+02
1.700000000000000122e-01 5.450357332875483962e+01 2.666369552644479768e+02
1.800000000000000211e-01 5.183720377611034991e+01 2.666369552644485452e+02
1.900000000000000300e-01 4.917083422346586730e+01 2.666369552644479768e+02
2.000000000000000111e-01 4.650446467082139179e+01 2.666369552644479768e+02
2.100000000000000200e-01 4.383809511817690918e+01 2.666369552644485452e+02
2.200000000000000289e-01 4.117172556553241947e+01 2.666369552644485452e+02
2.300000000000000100e-01 3.850535601288793686e+01 2.666369552644485452e+02
2.400000000000000466e-01 3.583898646024344714e+01 2.666369552644485452e+02
2.500000000000000555e-01 3.317261690759896453e+01 2.666369552644482610e+02
2.600000000000000644e-01 3.050624735495448192e+01 2.666369552644482610e+02
2.700000000000000733e-01 2.783987780230999931e+01 2.666369552644482610e+02
2.800000000000000266e-01 2.517350824966551670e+01 2.982742151799043313e+02
2.900000000000000355e-01 2.187439349871191396e+01 2.991544500120841121e+02
3.000000000000000444e-01 1.919041924942383304e+01 2.458556644548050656e+02
3.099999999999999978e-01 1.695728020961580995e+01 2.065508471777262400e+02
3.200000000000000622e-01 1.505940230586930895e+01 1.767144273349869366e+02
3.300000000000000711e-01 1.342299166291607193e+01 1.528873317910280036e+02
3.400000000000000244e-01 1.200165567004874845e+01 1.333361631841229951e+02
3.500000000000000888e-01 1.075626839923361189e+01 1.172574205058074881e+02
3.600000000000000422e-01 9.656507259932599396e+00 1.041890083894945320e+02
3.700000000000000511e-01 8.672488231443720608e+00 9.394738597179180317e+01
3.800000000000000600e-01 7.777559540496763013e+00 8.622225292351679116e+01
3.900000000000000688e-01 6.948043172973385140e+00 8.031932172451084284e+01
4.000000000000000222e-01 6.171173106006545339e+00 7.528354750983734789e+01
4.100000000000000866e-01 5.442372222776637791e+00 7.039410717578275012e+01
4.200000000000000400e-01 4.763290962490891012e+00 6.535161415813253427e+01
4.300000000000000488e-01 4.135339939613987603e+00 6.026490592701934901e+01
4.400000000000000577e-01 3.557992843950503747e+00 5.553722666158535759e+01
4.500000000000000666e-01 3.024595406382279972e+00 5.150039948954511004e+01
4.600000000000000200e-01 2.527984854159601280e+00 4.802377294162675270e+01
4.700000000000000844e-01 2.064119947549745149e+00 4.478273950029985429e+01
4.800000000000000933e-01 1.632330064153604265e+00 4.158490143238462622e+01
4.900000000000000466e-01 1.232421918902052438e+00 3.833451685950527121e+01
5.000000000000001110e-01 8.656397269634986680e-01 3.501465807420687071e+01
5.100000000000000089e-01 5.321287574179149882e-01 3.169207949729778662e+01
5.200000000000001288e-01 2.317981370175428435e-01 2.842864753239292952e+01
5.300000000000000266e-01 -3.644419322994358473e-02 2.526381271437686138e+01
5.400000000000001465e-01 -2.734781172699943808e-01 2.220727224764925367e+01
5.500000000000000444e-01 -4.805896381829287134e-01 1.930811636126172814e+01
5.600000000000000533e-01 -6.596404444952289614e-01 1.663228747944024377e+01
5.700000000000000622e-01 -8.132353877717336532e-01 1.418105543755200415e+01
5.800000000000000711e-01 -9.432615532462690355e-01 1.196807006139637686e+01
5.900000000000000799e-01 -1.052596788999661248e+00 9.961443497835190897e+00
6.000000000000000888e-01 -1.142490423202972893e+00 8.033775770836637520e+00
6.100000000000000977e-01 -1.213272304416393998e+00 6.141799270890805573e+00
6.199999999999999956e-01 -1.265326408620788934e+00 4.338929057893681218e+00
6.300000000000001155e-01 -1.300050885574267623e+00 2.638197695274988153e+00
6.400000000000001243e-01 -1.318090362526288750e+00 1.125483207510299621e+00
6.500000000000000222e-01 -1.322560549724473677e+00 -5.734909831159392540e-02
6.600000000000001421e-01 -1.316943380560056998e+00 -8.965833698920185890e-01
6.700000000000001510e-01 -1.304628882326633210e+00 -1.521527989552498461e+00
6.800000000000000488e-01 -1.286512820769006860e+00 -2.105689777139374552e+00
6.900000000000000577e-01 -1.262515086783845719e+00 -2.806906562056432186e+00
7.000000000000001776e-01 -1.230374689527878207e+00 -3.667568241244355320e+00
7.100000000000000755e-01 -1.189163721958958586e+00 -4.548386341555678669e+00
7.200000000000000844e-01 -1.139406962696764669e+00 -5.193639369278735707e+00
7.300000000000000933e-01 -1.085290934573383881e+00 -5.429775550732010458e+00
7.400000000000001021e-01 -1.030811451682124513e+00 -5.301266301860213304e+00
7.500000000000001110e-01 -9.792656085361796103e-01 -4.998505377215014533e+00
7.600000000000001199e-01 -9.308413441378241560e-01 -4.740046922935283291e+00
7.700000000000000178e-01 -8.844646700774739800e-01 -4.700368967392744679e+00
7.800000000000001377e-01 -8.368339647899692979e-01 -4.955548048705389341e+00
7.900000000000001465e-01 -7.853537091033661044e-01 -5.405055431959785217e+00
8.000000000000000444e-01 -7.287328561507735447e-01 -5.782553373930742424e+00
8.100000000000001643e-01 -6.697026416247512381e-01 -5.805409615838458492e+00
8.200000000000001732e-01 -6.126246638340043793e-01 -5.418885577910469209e+00
8.300000000000000711e-01 -5.613249300665419383e-01 -4.832075981919867758e+00
8.400000000000000799e-01 -5.159831441956070908e-01 -4.319231533517050359e+00
8.500000000000001998e-01 -4.749402993962008601e-01 -4.054947140631361968e+00
8.600000000000000977e-01 -4.348842013829797848e-01 -4.045564743417343401e+00
8.700000000000001066e-01 -3.940290045278539988e-01 -4.128196840757507147e+00
8.800000000000001155e-01 -3.523202645678296663e-01 -4.114766529594742650e+00
8.900000000000001243e-01 -3.117336739359591324e-01 -3.904328813237148754e+00
9.000000000000001332e-01 -2.742336883030866979e-01 -3.490730155944808732e+00
9.100000000000001421e-01 -2.419190708170629589e-01 -2.967583519581202811e+00
9.200000000000000400e-01 -2.148820179114626083e-01 -2.481720189070838245e+00
9.300000000000001599e-01 -1.922846670356462007e-01 -2.107835426970200210e+00
9.400000000000001688e-01 -1.727253093720585997e-01 -1.810247845989304771e+00
9.500000000000000666e-01 -1.560797101158601097e-01 -1.518856136235778420e+00
9.600000000000001865e-01 -1.423481866473430280e-01 -1.212572393348398059e+00
9.700000000000001954e-01 -1.318282622488921307e-01 -8.918513275679865737e-01
9.800000000000000933e-01 -1.245111600959833142e-01 -5.669311833711215831e-01
9.900000000000001021e-01 -1.204896385814697019e-01 -2.755170532519919946e-01
1.000000000000000222e+00 -1.190008190309434638e-01 -7.403495523276494572e-02
1.010000000000000231e+00 -1.190089394768144015e-01 1.467126497328227058e-02
1.020000000000000018e+00 -1.192942443304091105e-01 -9.726292712936819920e-03
1.030000000000000027e+00 -1.188144136225556674e-01 -1.216903310424040652e-01
1.040000000000000258e+00 -1.168604377095610325e-01 -2.616219683933552198e-01
1.050000000000000266e+00 -1.135819742546885641e-01 -3.624179331493117551e-01
1.060000000000000053e+00 -1.096120790465748007e-01 -3.931977796200830100e-01
1.070000000000000062e+00 -1.057180186622869028e-01 -3.494500646666441890e-01
1.080000000000000293e+00 -1.026230777532419064e-01 -2.658552371633789435e-01
1.090000000000000080e+00 -1.004009139190193273e-01 -2.134749144567233692e-01
1.100000000000000089e+00 -9.835357946410744345e-02 -2.507045923544820587e-01
1.110000000000000098e+00 -9.538682207192968054e-02 -3.781095928801646022e-01
1.120000000000000107e+00 -9.079138760650415363e-02 -5.560142124103898409e-01
1.130000000000000115e+00 -8.426653782372188484e-02 -7.423019703643098932e-01
1.140000000000000124e+00 -7.594534819921795743e-02 -9.118755846765718154e-01
1.150000000000000133e+00 -6.602902613019044631e-02 -1.059492122427370786e+00
1.160000000000000142e+00 -5.475550575067053560e-02 -2.837502808204239280e+00
1.170000000000000151e+00 -9.278969966105644895e-03 -2.690156621377180812e+00
1.180000000000000160e+00 -9.523733231269189501e-04 -4.597700895669835641e-01
1.190000000000000169e+00 -8.356817476597252386e-05 -4.761866615634594013e-02
1.200000000000000178e+00 0.000000000000000000e+00 -8.356817476597252006e-03
