0.000000000000000000e+00 5.120415437452682994e+01 1.452572536553155942e+02
1.000000000000000194e-02 4.975158183797367428e+01 1.452572536553146847e+02
2.000000000000000389e-02 4.829900930142053994e+01 1.452572536553140878e+02
3.000000000000000583e-02 4.684643676486739139e+01 1.452572536553146847e+02
4.000000000000000777e-02 4.539386422831424284e+01 1.452572536553146847e+02
5.000000000000000278e-02 4.394129169176110139e+01 1.452572536553144005e+02
6.000000000000001166e-02 4.248871915520795994e+01 1.452572536553146847e+02
7.000000000000000666e-02 4.103614661865480429e+01 1.452572536553146847e+02
8.000000000000001554e-02 3.958357408210166284e+01 1.452572536553146847e+02
9.000000000000001055e-02 3.813100154554851429e+01 1.452572536553144005e+02
1.000000000000000056e-01 3.667842900899537284e+01 1.452572536553146847e+02
1.100000000000000144e-01 3.522585647244221718e+01 1.452572536553149973e+02
1.200000000000000233e-01 3.377328393588907574e+01 1.452572536553144005e+02
1.300000000000000322e-01 3.232071139933592718e+01 1.452572536553146847e+02
1.400000000000000133e-01 3.086813886278277863e+01 1.452572536553146847e+02
1.500000000000000222e-01 2.941556632622963718e+01 1.452572536553144005e+02
1.600000000000000311e-01 2.796299378967649218e+01 1.452572536553145710e+02
1.700000000000000122e-01 2.651042125312334363e+01 1.452572536553146847e+02
1.800000000000000211e-01 2.505784871657019863e+01 1.452572536553145710e+02
1.900000000000000300e-01 2.360527618001705363e+01 1.452572536553145710e+02
2.000000000000000111e-01 2.215270364346390508e+01 1.452572536553145710e+02
2.100000000000000200e-01 2.070013110691076363e+01 1.452572536553145710e+02
2.200000000000000289e-01 1.924755857035761508e+01 1.452572536553146847e+02
2.300000000000000100e-01 1.779498603380446653e+01 1.452572536553148552e+02
2.400000000000000466e-01 1.634241349725131798e+01 1.452572536553148552e+02
2.500000000000000555e-01 1.488984096069817120e+01 1.452572536553146847e+02
2.600000000000000644e-01 1.343726842414502443e+01 1.452572536553145710e+02
2.700000000000000733e-01 1.198469588759187943e+01 1.452572536553145710e+02
2.800000000000000266e-01 1.053212335103873265e+01 1.452572536553146278e+02
2.900000000000000355e-01 9.079550814485587651e+00 1.452572536553145710e+02
3.000000000000000444e-01 7.626978277932440875e+00 1.452572536553143152e+02
3.099999999999999978e-01 6.174405741379300316e+00 1.452572536553145710e+02
3.200000000000000622e-01 4.721833204826149100e+00 1.452572536553150826e+02
3.300000000000000711e-01 3.269260668272998771e+00 1.228152186908918395e+02
3.400000000000000244e-01 2.265528831008312594e+00 8.839576655016561801e+01
3.500000000000000888e-01 1.501345337269686331e+00 6.815673880876650514e+01
3.600000000000000422e-01 9.023940548329824063e-01 5.360709566468271703e+01
3.700000000000000511e-01 4.292034239760317282e-01 4.228601938224281298e+01
3.800000000000000600e-01 5.667366718812610893e-02 3.311820440855615288e+01
3.900000000000000688e-01 -2.331606641950914327e-01 2.556064079234198516e+01
4.000000000000000222e-01 -4.545391486587136431e-01 1.927081249030331023e+01
4.100000000000000866e-01 -6.185769140011576628e-01 1.394418786921198716e+01
4.200000000000000400e-01 -7.334229060429533487e-01 9.335665292827693307e+00
4.300000000000000488e-01 -8.052902198577115422e-01 5.335096224617950966e+00
4.400000000000000577e-01 -8.401248305353123946e-01 1.927092552598149489e+00
4.500000000000000666e-01 -8.438320709096744920e-01 -8.808623124943593119e-01
4.600000000000000200e-01 -8.225075842854252528e-01 -3.074537740776852157e+00
4.700000000000000844e-01 -7.823413160941374844e-01 -4.615861926712047314e+00
4.800000000000000933e-01 -7.301903457511842443e-01 -5.484111986215885359e+00
4.900000000000000466e-01 -6.726590763698198083e-01 -5.739410710760857626e+00
5.000000000000001110e-01 -6.154021315359671229e-01 -5.530285230886767600e+00
5.100000000000000089e-01 -5.620533717520843631e-01 -5.074535173544559186e+00
5.200000000000001288e-01 -5.139114280650759481e-01 -4.612928156165014393e+00
5.300000000000000266e-01 -4.697948086287840885e-01 -4.258495602154670934e+00
5.400000000000001465e-01 -4.287415160219825161e-01 -3.948180846096991381e+00
5.500000000000000444e-01 -3.908311917068442720e-01 -3.584240572753819354e+00
5.600000000000000533e-01 -3.570567045669061357e-01 -3.077790158235279794e+00
5.700000000000000622e-01 -3.292753885421386695e-01 -2.392627590189200681e+00
5.800000000000000711e-01 -3.092041527631221309e-01 -1.634324812228229673e+00
5.900000000000000799e-01 -2.965888922975740694e-01 -9.676698995968451289e-01
6.000000000000000888e-01 -2.898507547711852150e-01 -4.725235705111446305e-01
6.100000000000000977e-01 -2.871384208873511978e-01 -1.162810307802523702e-01
6.199999999999999956e-01 -2.875251341555801754e-01 1.865853269177412399e-01
6.300000000000001155e-01 -2.908701274257060043e-01 4.939149938826549735e-01
6.400000000000001243e-01 -2.974034340332332715e-01 7.758399520527988757e-01
6.500000000000000222e-01 -3.063869264667620218e-01 9.326220191462587517e-01
6.600000000000001421e-01 -3.160558744161584555e-01 8.915823937252144171e-01
6.700000000000001510e-01 -3.242185743412662746e-01 6.869949180420205082e-01
6.800000000000000488e-01 -3.297957727769988412e-01 4.133491538353484818e-01
6.900000000000000577e-01 -3.324855574179732542e-01 1.418697156251115532e-01
7.000000000000001776e-01 -3.326331670895010806e-01 -9.085231636695845214e-02
7.100000000000000755e-01 -3.306685110906341096e-01 -2.882705506655134919e-01
7.200000000000000844e-01 -3.268677560761908407e-01 -4.869773441649459800e-01
7.300000000000000933e-01 -3.209289642073351878e-01 -7.203142759379713711e-01
7.400000000000001021e-01 -3.124614705574313978e-01 -9.691037855081569008e-01
7.500000000000001110e-01 -3.015468884971720387e-01 -1.195454089352955052e+00
7.600000000000001199e-01 -2.885523887703723145e-01 -1.378122416789398841e+00
7.700000000000000178e-01 -2.739844401613840685e-01 -1.525867200056928885e+00
7.800000000000001377e-01 -2.580350447692337235e-01 -1.640937922568168172e+00
7.900000000000001465e-01 -2.411656817100207018e-01 -1.715531452061529238e+00
8.000000000000000444e-01 -2.237244157280031120e-01 -1.735086277685228939e+00
8.100000000000001643e-01 -2.064639561563161030e-01 -1.695532749356030600e+00
8.200000000000001732e-01 -1.898137607408825200e-01 -1.609492936219171444e+00
8.300000000000000711e-01 -1.742740974319326730e-01 -1.510174772247638852e+00
8.400000000000000799e-01 -1.596102652959297263e-01 -1.435124813185837400e+00
8.500000000000001998e-01 -1.455716011682159361e-01 -1.400125287668382068e+00
8.600000000000000977e-01 -1.316077595425620972e-01 -1.387760374799466456e+00
8.700000000000001066e-01 -1.178163936722265992e-01 -1.357044852266124702e+00
8.800000000000001155e-01 -1.044668624972395904e-01 -1.274547931496862629e+00
8.900000000000001243e-01 -9.232543504228933606e-02 -1.132761034377109732e+00
9.000000000000001332e-01 -8.181164180969739685e-02 -9.582647446631027410e-01
9.100000000000001421e-01 -7.316014014902728901e-02 -7.874033095759715994e-01
9.200000000000000400e-01 -6.606357561817796653e-02 -6.468065355262588856e-01
9.300000000000001599e-01 -6.022400943850210464e-02 -5.460126090817931654e-01
9.400000000000001688e-01 -5.514332343654210905e-02 -4.866953508692956620e-01
9.500000000000000666e-01 -5.049010242111619251e-02 -4.568233049311116734e-01
9.600000000000001865e-01 -4.600685733791987087e-02 -4.378535403504962842e-01
9.700000000000001954e-01 -4.173303161410626960e-02 -4.163174684877232190e-01
9.800000000000000933e-01 -3.768050796816540399e-02 -3.861906554679968573e-01
9.900000000000001021e-01 -3.400921850474632885e-02 -3.386802476611939783e-01
1.000000000000000222e+00 -3.090690301494152664e-02 -2.729958396971968737e-01
1.010000000000000231e+00 -2.854930171080239179e-02 -2.001207831042788599e-01
1.020000000000000018e+00 -2.690448735285595055e-02 -1.345330491181800092e-01
1.030000000000000027e+00 -2.585864072843879063e-02 -8.665658858029508249e-02
1.040000000000000258e+00 -2.517135558125004752e-02 -6.490676010061978418e-02
1.050000000000000266e+00 -2.456050552642639537e-02 -7.222269709628038881e-02
1.060000000000000053e+00 -2.372690163932443877e-02 -1.026460063969095587e-01
1.070000000000000062e+00 -2.250758539848820433e-02 -1.446683633759187904e-01
1.080000000000000293e+00 -2.083353437180606241e-02 -1.853383965598855987e-01
1.090000000000000080e+00 -1.880081746729049194e-02 -2.099774826298513863e-01
1.100000000000000089e+00 -1.663398471920903704e-02 -2.102272624518918276e-01
1.110000000000000098e+00 -1.459627221825265421e-02 -1.907922435502127367e-01
1.120000000000000107e+00 -1.281813984820478168e-02 -1.663830429418680923e-01
1.130000000000000115e+00 -1.126861135941529223e-02 -1.508336453489234064e-01
1.140000000000000124e+00 -9.801466941226312166e-03 -1.490280465602388527e-01
1.150000000000000133e+00 -8.288050428210513854e-03 -1.563062374076309990e-01
1.160000000000000142e+00 -6.675342193073692358e-03 -3.113149583493797223e-01
1.170000000000000151e+00 -2.061751261222918852e-03 -3.197533085804121211e-01
1.180000000000000160e+00 -2.802760214654505494e-04 -1.018512188212646469e-01
1.190000000000000169e+00 -2.472688479762619131e-05 -1.401380107327252801e-02
1.200000000000000178e+00 0.000000000000000000e+00 -2.472688479762619185e-03
