11 1 0 2
12 1 0 74
13 2 0 74
14 0 2 3
16 0 2 4
17 3 2 4
18 2 4 5
18 2 4 6
19 2 4 7
9 5 4 6
10 5 4 7
10 6 4 7
10 4 7 8
10 4 7 9
32 4 7 10
9 8 7 9
10 8 7 10
10 9 7 10
10 7 10 11
10 7 10 12
32 7 10 13
9 11 10 12
10 11 10 13
10 12 10 13
10 10 13 14
10 10 13 15
32 10 13 16
9 14 13 15
10 14 13 16
10 15 13 16
10 13 16 17
10 13 16 18
32 13 16 19
9 17 16 18
10 17 16 19
10 18 16 19
10 16 19 20
10 16 19 21
32 16 19 22
9 20 19 21
10 20 19 22
10 21 19 22
10 19 22 23
10 19 22 24
32 19 22 25
9 23 22 24
10 23 22 25
10 24 22 25
10 22 25 26
10 22 25 27
32 22 25 28
9 26 25 27
10 26 25 28
10 27 25 28
10 25 28 29
10 25 28 30
32 25 28 31
9 29 28 30
10 29 28 31
10 30 28 31
10 28 31 32
10 28 31 33
32 28 31 34
9 32 31 33
10 32 31 34
10 33 31 34
10 31 34 35
10 31 34 36
32 31 34 37
9 35 34 36
10 35 34 37
10 36 34 37
10 34 37 38
10 34 37 39
32 34 37 40
9 38 37 39
10 38 37 40
10 39 37 40
10 37 40 41
10 37 40 42
32 37 40 43
9 41 40 42
10 41 40 43
10 42 40 43
10 40 43 44
10 40 43 45
32 40 43 46
9 44 43 45
10 44 43 46
10 45 43 46
10 43 46 47
10 43 46 48
32 43 46 49
9 47 46 48
10 47 46 49
10 48 46 49
10 46 49 50
10 46 49 51
32 46 49 52
9 50 49 51
10 50 49 52
10 51 49 52
10 49 52 53
10 49 52 54
32 49 52 55
9 53 52 54
10 53 52 55
10 54 52 55
10 52 55 56
10 52 55 57
32 52 55 58
9 56 55 57
10 56 55 58
10 57 55 58
10 55 58 59
10 55 58 60
32 55 58 61
9 59 58 60
10 59 58 61
10 60 58 61
10 58 61 62
10 58 61 63
32 58 61 64
9 62 61 63
10 62 61 64
10 63 61 64
10 61 64 65
10 61 64 66
32 61 64 67
9 65 64 66
10 65 64 67
10 66 64 67
10 64 67 68
10 64 67 69
21 64 67 70
9 68 67 69
22 68 67 70
22 69 67 70
23 67 70 71
23 67 70 72
23 67 70 73
20 71 70 72
20 71 70 73
20 72 70 73
24 0 74 75
25 0 74 76
26 0 74 81
3 75 74 76
29 75 74 81
15 76 74 81
7 74 76 77
7 74 76 78
27 74 76 79
9 77 76 78
28 77 76 79
28 78 76 79
31 76 79 80
29 74 81 82
5 74 81 83
34 74 81 85
28 82 81 83
2 82 81 85
4 83 81 85
6 81 83 84
8 81 85 86
35 81 85 87
36 86 85 87
36 85 87 88
37 85 87 89
38 87 89 90
38 87 89 91
30 87 89 92
9 90 89 91
10 90 89 92
10 91 89 92
10 89 92 93
10 89 92 94
32 89 92 95
9 93 92 94
10 93 92 95
10 94 92 95
10 92 95 96
10 92 95 97
32 92 95 98
9 96 95 97
10 96 95 98
10 97 95 98
10 95 98 99
10 95 98 100
32 95 98 101
9 99 98 100
10 99 98 101
10 100 98 101
10 98 101 102
10 98 101 103
32 98 101 104
9 102 101 103
10 102 101 104
10 103 101 104
10 101 104 105
10 101 104 106
32 101 104 107
9 105 104 106
10 105 104 107
10 106 104 107
10 104 107 108
10 104 107 109
32 104 107 110
9 108 107 109
10 108 107 110
10 109 107 110
10 107 110 111
10 107 110 112
32 107 110 113
9 111 110 112
10 111 110 113
10 112 110 113
10 110 113 114
10 110 113 115
32 110 113 116
9 114 113 115
10 114 113 116
10 115 113 116
10 113 116 117
10 113 116 118
32 113 116 119
9 117 116 118
10 117 116 119
10 118 116 119
10 116 119 120
10 116 119 121
32 116 119 122
9 120 119 121
10 120 119 122
10 121 119 122
10 119 122 123
10 119 122 124
21 119 122 125
9 123 122 124
22 123 122 125
22 124 122 125
23 122 125 126
23 122 125 127
23 122 125 128
20 126 125 127
20 126 125 128
20 127 125 128
