         -0.987274        0.530308      -17.179001
         -1.900108        0.100498      -17.166599
         -0.381355        0.835194      -15.957100
          0.714638        1.380432      -15.880100
         -1.059292        0.311806      -14.630199
         -0.892815       -0.782253      -14.574398
         -2.153160        0.472576      -14.707500
         -0.562119        0.924236      -13.210701
          0.550461        0.975574      -13.235401
         -0.926010        1.974659      -13.152401
         -0.949654        0.173950      -11.837200
         -2.040119       -0.043182      -11.860600
         -0.421780       -0.805351      -11.851200
         -0.641541        0.868721      -10.414799
          0.398254        1.262390      -10.447899
         -1.317822        1.747913      -10.331299
         -0.771286        0.014328       -9.054249
         -1.740681       -0.529629       -9.083981
          0.033276       -0.753433       -9.077759
         -0.698055        0.753761       -7.624660
          0.184734        1.430408       -7.634182
         -1.600929        1.398880       -7.544331
         -0.599213       -0.116833       -6.273251
         -1.387272       -0.900867       -6.312790
          0.382442       -0.640305       -6.292679
         -0.734219        0.604855       -4.842129
         -0.045898        1.478481       -4.831379
         -1.769901        1.004879       -4.770981
         -0.445045       -0.229828       -3.501740
         -1.035210       -1.171242       -3.546459
          0.629543       -0.516884       -3.513611
         -0.748478        0.439400       -2.078079
         -0.253971        1.435177       -2.049271
         -1.845028        0.616859       -2.017818
         -0.313534       -0.331860       -0.745640
         -0.717953       -1.367088       -0.794117
          0.796211       -0.413700       -0.750275
         -0.745384        0.271343        0.668480
         -0.422417        1.335312        0.704556
         -1.857262        0.264381        0.711590
         -0.204803       -0.429573        1.993561
         -0.453732       -1.512131        1.937874
          0.904537       -0.346565        1.989388
         -0.728092        0.105518        3.397190
         -0.545609        1.201691        3.443180
         -1.829700       -0.045521        3.429993
         -0.118233       -0.526791        4.720253
         -0.243477       -1.631310        4.675751
          0.974827       -0.319065        4.732979
         -0.713932       -0.042995        6.105602
         -0.637074        1.066017        6.152706
         -1.796497       -0.300213        6.123043
         -0.063629       -0.615993        7.426201
         -0.097446       -1.727478        7.393021
          1.008183       -0.318371        7.452438
         -0.714310       -0.168793        8.785736
         -1.776142       -0.501698        8.801998
         -0.714054        0.942577        8.841156
         -0.036861       -0.698360       10.095196
          1.015697       -0.337975       10.131001
         -0.011997       -1.810772       10.070801
         -0.732605       -0.271027       11.424000
         -1.777740       -0.653545       11.410599
         -0.779076        0.840439       11.456596
         -0.053482       -0.761856       12.736702
          0.983089       -0.360615       12.783096
          0.003643       -1.872791       12.728001
         -0.779037       -0.341331       14.035103
         -1.813141       -0.751869       14.004700
         -0.847370        0.769405       14.053299
         -0.120609       -0.801613       15.350998
         -0.053841       -1.910870       15.395203
         -0.711338       -0.460518       16.231400
          0.906094       -0.385361       15.448799
         -0.338268        0.596664      -18.569500
          0.435280        1.398838      -18.529398
          0.400902       -0.769684      -18.807798
          0.701176       -1.221500      -17.834599
         -0.271328       -1.496929      -19.316500
          1.576233       -0.578915      -19.594997
          2.019547       -1.430641      -19.664101
         -1.397831        1.038712      -19.712299
         -1.378971        2.149212      -19.792700
         -2.724899        0.619728      -19.400299
         -3.059841        1.266716      -18.772598
         -1.059063        0.493683      -21.146198
         -0.984592       -0.600670      -21.221102
         -0.934387        1.203979      -22.320900
         -1.081062        2.295822      -22.326500
         -0.694675        0.635551      -23.737400
          0.384285        0.383766      -23.838299
         -1.246181       -0.326027      -23.837000
         -1.068993        1.450966      -25.052401
         -2.155952        1.684792      -25.019699
         -0.521828        2.418827      -25.022400
         -0.763790        0.759705      -26.452700
          0.309086        0.466156      -26.464600
         -1.358070       -0.179874      -26.500299
         -1.043320        1.585342      -27.782198
         -2.103939        1.921009      -27.768898
         -0.405968        2.497013      -27.762800
         -0.797268        0.862915      -29.172897
          0.246780        0.478355      -29.185698
         -1.474442       -0.018627      -29.215899
         -1.019009        1.705681      -30.496498
         -2.051449        2.119549      -30.484200
         -0.317913        2.569550      -30.501699
         -0.826633        0.963974      -31.871700
          0.197273        0.531219      -31.904697
         -1.549412        0.120384      -31.933800
         -1.001251        1.839912      -33.161800
         -2.011761        2.305977      -33.146500
         -0.253101        2.663795      -33.138401
         -0.845402        1.099239      -34.532101
          0.156975        0.615616      -34.571499
         -1.610382        0.292145      -34.589798
         -0.994591        2.001858      -35.794495
         -1.986893        2.502621      -35.750298
         -0.221695        2.800591      -35.744099
         -0.869408        1.273018      -37.167400
          0.118477        0.767178      -37.238300
         -1.654728        0.490135      -37.253098
         -1.001110        2.197540      -38.400101
         -1.990509        2.705639      -38.336201
         -0.190239        2.958797      -38.335201
         -0.899097        1.478241      -39.846100
         -0.990017        2.169548      -40.734501
          0.080578        0.947918      -40.018002
         -1.701672        0.706993      -40.023899
