0.000000000000000000e+00 4.974056794649354174e+02 1.055412600403420811e+03
1.666666666666666644e-02 4.798154694582117372e+02 1.055412600403419219e+03
3.333333333333333287e-02 4.622252594514881139e+02 1.055412600403419219e+03
5.000000000000000278e-02 4.446350494447644337e+02 1.055412600403420811e+03
6.666666666666666574e-02 4.270448394380407535e+02 1.055412600403420811e+03
8.333333333333332871e-02 4.094546294313170733e+02 1.055412600403419219e+03
1.000000000000000056e-01 3.918644194245934500e+02 1.055412600403420811e+03
1.166666666666666685e-01 3.742742094178697130e+02 1.055412600403420811e+03
1.333333333333333315e-01 3.566839994111460896e+02 1.055412600403420811e+03
1.499999999999999944e-01 3.390937894044223526e+02 1.055412600403419219e+03
1.666666666666666574e-01 3.215035793976987861e+02 1.055412600403419219e+03
1.833333333333333204e-01 3.039133693909750491e+02 1.055412600403422630e+03
2.000000000000000111e-01 2.863231593842513689e+02 1.055412600403420811e+03
2.166666666666666741e-01 2.687329493775276887e+02 1.055412600403419219e+03
2.333333333333333370e-01 2.511427393708040654e+02 1.055412600403419219e+03
2.500000000000000000e-01 2.335525293640803852e+02 1.055412600403420811e+03
2.666666666666666630e-01 2.159623193573567050e+02 1.055412600403420811e+03
2.833333333333333259e-01 1.983721093506330249e+02 1.055412600403419219e+03
2.999999999999999889e-01 1.807818993439094015e+02 1.055412600403419219e+03
3.166666666666666519e-01 1.631916893371857213e+02 1.055412600403420811e+03
3.333333333333333148e-01 1.456014793304620412e+02 1.055412600403419901e+03
3.499999999999999778e-01 1.280112693237383894e+02 1.055412600403419447e+03
3.666666666666666408e-01 1.104210593170147234e+02 1.055412600403419901e+03
3.833333333333333037e-01 9.283084931029105746e+01 1.055412600403421720e+03
4.000000000000000222e-01 7.524063930356733465e+01 1.055412600403421720e+03
4.166666666666666852e-01 5.765042929684366868e+01 1.055412600403419901e+03
4.333333333333333481e-01 4.006021929012000271e+01 1.055412600403419901e+03
4.500000000000000111e-01 2.247000928339633674e+01 7.678286016478884903e+02
4.666666666666666741e-01 1.446593256852371923e+01 3.943917481044927626e+02
4.833333333333333370e-01 9.323617679913244416e+00 2.650643999780381250e+02
5.000000000000000000e-01 5.630452569255782080e+00 1.940507172195158034e+02
5.166666666666666075e-01 2.855260439262718553e+00 1.478052293811284130e+02
5.333333333333333259e-01 7.036115898848345207e-01 1.157756058745225403e+02
5.500000000000000444e-01 -1.003926423221366271e+00 9.227205437101498831e+01
5.666666666666666519e-01 -2.372123555815664808e+00 7.244640912312462433e+01
5.833333333333333703e-01 -3.418806727325520267e+00 5.216177627191263610e+01
5.999999999999999778e-01 -4.110849431546085953e+00 2.948344231151481054e+01
6.166666666666666963e-01 -4.401588137709347315e+00 5.366152986092496135e+00
6.333333333333333037e-01 -4.289721197749169157e+00 -1.766906601952350897e+01
6.500000000000000222e-01 -3.812619270391897075e+00 -3.663080615160255604e+01
6.666666666666666297e-01 -3.068694326029083985e+00 -4.777940032666353432e+01
6.833333333333333481e-01 -2.219972592836445990e+00 -4.713883635201008815e+01
6.999999999999999556e-01 -1.497399780962081151e+00 -3.486171662371285862e+01
7.166666666666666741e-01 -1.057915372046017488e+00 -1.791862432875317879e+01
7.333333333333332815e-01 -9.001123033369752280e-01 -5.234294514071956783e+00
7.500000000000000000e-01 -8.834388882436189361e-01 -6.941888401700513356e-02
7.666666666666666075e-01 -8.977983405364083902e-01 6.428093379999244572e-01
7.833333333333333259e-01 -9.048658661769497513e-01 4.121165322289510602e-01
8.000000000000000444e-01 -9.115355582773734255e-01 -1.150342337321830222e-01
8.166666666666666519e-01 -9.010313917192103172e-01 -1.592258370222671138e+00
8.333333333333333703e-01 -8.584602792699510543e-01 -3.838389563351291223e+00
8.499999999999999778e-01 -7.730850729408339506e-01 -6.306170410448357799e+00
8.666666666666666963e-01 -6.482545989216724758e-01 -8.434012576253662630e+00
8.833333333333333037e-01 -4.919513203990452110e-01 -9.865276403110494030e+00
9.000000000000000222e-01 -3.194120521513226785e-01 -1.036828410284532964e+01
9.166666666666666297e-01 -1.463418503042008822e-01 -1.004498621696645522e+01
9.333333333333333481e-01 1.542082174755914081e-02 -9.451665134162725579e+00
9.499999999999999556e-01 1.687136541678899981e-01 -9.261981058843447911e+00
9.666666666666666741e-01 3.241535237090074073e-01 -9.364151087974592613e+00
9.833333333333332815e-01 4.808520237670431130e-01 -9.156165461582295606e+00
1.000000000000000000e+00 6.293590390950839497e-01 -8.515513126780884789e+00
1.016666666666666607e+00 7.647024613264059578e-01 -7.493503769661867153e+00
1.033333333333333215e+00 8.791424980838128400e-01 -5.996223947622432604e+00
1.050000000000000044e+00 9.645765929138203632e-01 -3.896270013252630893e+00
1.066666666666666652e+00 1.009018165192233862e+00 -1.323372094579255975e+00
1.083333333333333259e+00 1.008688996066462229e+00 1.201402538389921837e+00
1.100000000000000089e+00 9.689714139125698011e-01 3.283233520186572552e+00
1.116666666666666696e+00 8.992478787269098106e-01 4.867279426770232398e+00
1.133333333333333304e+00 8.067287663535620545e-01 5.935224717244358850e+00
1.149999999999999911e+00 7.014070548187645304e-01 6.436038136588187797e+00
1.166666666666666741e+00 5.921941618006224539e-01 6.531879769909992639e+00
1.183333333333333348e+00 4.836777291550981017e-01 6.523825599879985226e+00
1.199999999999999956e+00 3.747333084712896056e-01 6.637695150558518442e+00
1.216666666666666563e+00 2.624212241364808351e-01 6.867931269937664673e+00
1.233333333333333393e+00 1.458022661400341091e-01 7.079608672592142327e+00
1.250000000000000000e+00 2.643426838340942608e-02 7.048859855145226838e+00
1.266666666666666607e+00 -8.915972903147344197e-02 6.677402924253602379e+00
1.283333333333333215e+00 -1.961458290917106606e-01 5.838678751575209880e+00
1.300000000000000044e+00 -2.837823540839804481e-01 4.533762397197251381e+00
1.316666666666666652e+00 -3.472712423316190455e-01 3.138449182437427876e+00
1.333333333333333259e+00 -3.883973268318947070e-01 2.203264064619895990e+00
1.350000000000000089e+00 -4.207133778189489082e-01 1.955986525390318143e+00
1.366666666666666696e+00 -4.535968776782386414e-01 2.184358671764824678e+00
1.383333333333333304e+00 -4.935253335444430567e-01 2.537898882630606145e+00
1.399999999999999911e+00 -5.381935070992588388e-01 2.725834985855088100e+00
1.416666666666666741e+00 -5.843864997396126526e-01 2.612005144301137172e+00
1.433333333333333348e+00 -6.252603452426300779e-01 2.213538898992233328e+00
1.449999999999999956e+00 -6.581711297060204302e-01 1.602739206433401176e+00
1.466666666666666563e+00 -6.786849854570767837e-01 7.547853365306766982e-01
1.483333333333333393e+00 -6.833306409237096535e-01 -2.898633325482724565e-01
1.500000000000000000e+00 -6.690228743721343685e-01 -1.495338078443285701e+00
1.516666666666666607e+00 -6.334860383089334634e-01 -2.797507698104239271e+00
1.533333333333333215e+00 -5.757726177686597335e-01 -4.016100706074598570e+00
1.550000000000000044e+00 -4.996160147731135148e-01 -4.902863840583644439e+00
1.566666666666666652e+00 -4.123438230825382522e-01 -5.312081672477863670e+00
1.583333333333333259e+00 -3.225466256905180629e-01 -5.302736590494222746e+00
1.600000000000000089e+00 -2.355859367327308440e-01 -5.062117555070938302e+00
1.616666666666666696e+00 -1.538093738548201306e-01 -4.730697394719450166e+00
1.633333333333333304e+00 -7.789602357541584865e-02 -4.391296858410381532e+00
1.649999999999999911e+00 -7.432811907807436967e-03 -4.093057004127660825e+00
1.666666666666666741e+00 5.853920989550615711e-02 -3.782435152561862246e+00
1.683333333333333348e+00 1.186483598442546333e-01 -3.370189222603541257e+00
1.699999999999999956e+00 1.708788506489575254e-01 -2.826311232974644927e+00
1.716666666666666563e+00 2.128587342767427892e-01 -2.123107302496570981e+00
1.733333333333333393e+00 2.416490940655098840e-01 -1.244478673994791063e+00
1.750000000000000000e+00 2.543413567432358247e-01 -2.850889586494237404e-01
1.766666666666666607e+00 2.511520593538240087e-01 6.266120389743965458e-01
1.783333333333333215e+00 2.334542887774226083e-01 1.337510432747035516e+00
1.800000000000000044e+00 2.065683782622561582e-01 1.670854818283359577e+00
1.816666666666666652e+00 1.777591281679772872e-01 1.629384936591448341e+00
1.833333333333333259e+00 1.522555470425412116e-01 1.416950171876185882e+00
1.849999999999999867e+00 1.305274557721044226e-01 1.249535576258676617e+00
1.866666666666666696e+00 1.106043611672519883e-01 1.226447672393810473e+00
1.883333333333333304e+00 8.964586669231074112e-02 1.311116468133040058e+00
1.899999999999999911e+00 6.690047889615065302e-02 1.380445277107196445e+00
1.916666666666666741e+00 4.363102412207085778e-02 1.324921101934639633e+00
1.933333333333333348e+00 2.273644216499599857e-02 1.285430333594297370e+00
1.949999999999999956e+00 7.833463355942808575e-04 6.883518033944735492e-01
1.966666666666666563e+00 -2.086179481531207395e-04 2.459281924188589513e-02
1.983333333333333393e+00 -3.641430580191565769e-05 -6.258538444593622456e-03
2.000000000000000000e+00 0.000000000000000000e+00 -2.184858348114939678e-03
