0.000000000000000000e+00 1.533745705026415180e+02 2.400165625789418300e+02
1.666666666666666644e-02 1.493742944596591542e+02 2.400165625789426826e+02
3.333333333333333287e-02 1.453740184166767619e+02 2.400165625789435353e+02
5.000000000000000278e-02 1.413737423736943697e+02 2.400165625789435353e+02
6.666666666666666574e-02 1.373734663307119774e+02 2.400165625789435353e+02
8.333333333333332871e-02 1.333731902877295852e+02 2.400165625789435353e+02
1.000000000000000056e-01 1.293729142447471929e+02 2.400165625789439616e+02
1.166666666666666685e-01 1.253726382017647865e+02 2.400165625789435353e+02
1.333333333333333315e-01 1.213723621587824084e+02 2.400165625789435353e+02
1.499999999999999944e-01 1.173720861158000019e+02 2.400165625789435353e+02
1.666666666666666574e-01 1.133718100728176239e+02 2.400165625789431090e+02
1.833333333333333204e-01 1.093715340298352316e+02 2.400165625789435353e+02
2.000000000000000111e-01 1.053712579868528394e+02 2.400165625789435353e+02
2.166666666666666741e-01 1.013709819438704471e+02 2.400165625789435353e+02
2.333333333333333370e-01 9.737070590088805488e+01 2.400165625789435353e+02
2.500000000000000000e-01 9.337042985790566263e+01 2.400165625789435353e+02
2.666666666666666630e-01 8.937015381492327037e+01 2.400165625789435353e+02
2.833333333333333259e-01 8.536987777194087812e+01 2.400165625789435353e+02
2.999999999999999889e-01 8.136960172895848586e+01 2.400165625789435353e+02
3.166666666666666519e-01 7.736932568597609361e+01 2.400165625789435353e+02
3.333333333333333148e-01 7.336904964299370135e+01 2.400165625789435353e+02
3.499999999999999778e-01 6.936877360001130910e+01 2.400165625789435353e+02
3.666666666666666408e-01 6.536849755702891684e+01 2.400165625789433363e+02
3.833333333333333037e-01 6.136822151404653169e+01 2.400165625789437627e+02
4.000000000000000222e-01 5.736794547106412523e+01 2.400165625789439616e+02
4.166666666666666852e-01 5.336766942808173297e+01 2.400165625789435353e+02
4.333333333333333481e-01 4.936739338509934072e+01 2.400165625789435353e+02
4.500000000000000111e-01 4.536711734211694846e+01 2.400165625789433363e+02
4.666666666666666741e-01 4.136684129913456331e+01 2.400165625789433363e+02
4.833333333333333370e-01 3.736656525615217106e+01 2.400165625789435353e+02
5.000000000000000000e-01 3.336628921316977880e+01 2.400165625789432227e+02
5.166666666666666075e-01 2.936601317018739721e+01 2.400165625789435353e+02
5.333333333333333259e-01 2.536573712720499429e+01 2.400165625789442743e+02
5.500000000000000444e-01 2.136546108422258783e+01 2.400165625789435353e+02
5.666666666666666519e-01 1.736518504124020978e+01 3.050715781750235465e+02
5.833333333333333703e-01 1.119640847838847009e+01 3.361757504815508355e+02
5.999999999999999778e-01 6.159326691855182112e+00 2.672206855860875407e+02
6.166666666666666963e-01 2.289052292185552950e+00 2.010361704361454258e+02
6.333333333333333037e-01 -5.418789893496653853e-01 1.443555062657704582e+02
6.500000000000000222e-01 -2.522797916673461760e+00 9.826208498805814884e+01
6.666666666666666297e-01 -3.817281822284936954e+00 6.182477192554417655e+01
6.833333333333333481e-01 -4.583623647524934341e+00 3.451799866158668095e+01
6.999999999999999556e-01 -4.967881777671159682e+00 1.602273011812769710e+01
7.166666666666666741e-01 -5.117714651462524245e+00 5.216921800477001270e+00
7.333333333333332815e-01 -5.141779171020393058e+00 -7.262640542682508027e-01
7.500000000000000000e-01 -5.093505849653582551e+00 -4.995689177854201191e+00
7.666666666666666075e-01 -4.975256198425253018e+00 -9.094170683901676711e+00
7.833333333333333259e-01 -4.790366826856859994e+00 -1.257063439333342636e+01
8.000000000000000444e-01 -4.556235051980805473e+00 -1.469148201417254995e+01
8.166666666666666519e-01 -4.300650759717774996e+00 -1.539187363327303437e+01
8.333333333333333703e-01 -4.043172597538370994e+00 -1.528577213521191780e+01
8.499999999999999778e-01 -3.791125021877377765e+00 -1.479253289028484275e+01
8.666666666666666963e-01 -3.550088167862209598e+00 -1.354425352843439434e+01
8.833333333333333037e-01 -3.339649904262897984e+00 -1.094763214899252546e+01
9.000000000000000222e-01 -3.185167096229125416e+00 -7.444044099442930218e+00
9.166666666666666297e-01 -3.091515100948133643e+00 -3.952926113500119243e+00
9.333333333333333481e-01 -3.053402892445788108e+00 -1.092215160144287545e+00
9.499999999999999556e-01 -3.055107928943324058e+00 4.071700480376794218e-01
9.666666666666666741e-01 -3.066975227380377422e+00 -7.739154517448110226e-02
9.833333333333332815e-01 -3.052528210770841355e+00 -2.263893909711955921e+00
1.000000000000000000e+00 -2.991512097056645558e+00 -4.935109764999059401e+00
1.016666666666666607e+00 -2.888024551937539375e+00 -6.817916957849772253e+00
1.033333333333333215e+00 -2.764248198461653150e+00 -7.667060466057922241e+00
1.050000000000000044e+00 -2.632455869735608633e+00 -7.787720957485873008e+00
1.066666666666666652e+00 -2.504657499878790716e+00 -7.367577634097055572e+00
1.083333333333333259e+00 -2.386869948599040114e+00 -6.776378521453647608e+00
1.100000000000000089e+00 -2.278778215830335796e+00 -6.278040055403781849e+00
1.116666666666666696e+00 -2.177601946752247386e+00 -5.666775952348550582e+00
1.133333333333333304e+00 -2.089885684085384110e+00 -4.894169454969077293e+00
1.149999999999999911e+00 -2.014462964919944810e+00 -4.079320401391721695e+00
1.166666666666666741e+00 -1.953908337372326720e+00 -3.335931219685708271e+00
1.183333333333333348e+00 -1.903265257597087867e+00 -2.904059048111233832e+00
1.199999999999999956e+00 -1.857106369101952259e+00 -2.966928030836670782e+00
1.216666666666666563e+00 -1.804367656569198841e+00 -3.413130583074917013e+00
1.233333333333333393e+00 -1.743335349666121692e+00 -4.061680127618196856e+00
1.250000000000000000e+00 -1.668978318981925613e+00 -4.900709094939712962e+00
1.266666666666666607e+00 -1.579978379834797941e+00 -5.784964547970323778e+00
1.283333333333333215e+00 -1.476146167382914820e+00 -6.301409916463478922e+00
1.300000000000000044e+00 -1.369931382619348659e+00 -5.984072637629405556e+00
1.316666666666666652e+00 -1.276677079461934650e+00 -4.923200318812255283e+00
1.333333333333333259e+00 -1.205824705325606816e+00 -3.572113876644347208e+00
1.350000000000000089e+00 -1.157606616907123076e+00 -2.328244577601374932e+00
1.366666666666666696e+00 -1.128216552738894318e+00 -1.477798987075085169e+00
1.383333333333333304e+00 -1.108346650671286904e+00 -1.222745027371181514e+00
1.399999999999999911e+00 -1.087458385159854934e+00 -1.434860574110381481e+00
1.416666666666666741e+00 -1.060517964867607521e+00 -1.942811497516803154e+00
1.433333333333333348e+00 -1.022698001909294829e+00 -2.616856292513727311e+00
1.449999999999999956e+00 -9.732894217838166107e-01 -3.364177043564554825e+00
1.466666666666666563e+00 -9.105587671238096759e-01 -4.144005618241382471e+00
1.483333333333333393e+00 -8.351559011757705431e-01 -4.932681042034923635e+00
1.500000000000000000e+00 -7.461360657226455695e-01 -5.743167957798929635e+00
1.516666666666666607e+00 -6.437169692491395701e-01 -6.570592850386774764e+00
1.533333333333333215e+00 -5.271163040430864033e-01 -7.317303883936020270e+00
1.550000000000000044e+00 -3.998068397846055722e-01 -7.839774582774071021e+00
1.566666666666666652e+00 -2.657904846172840507e-01 -7.949281665253832507e+00
1.583333333333333259e+00 -1.348307842761444775e-01 -7.410060703729826059e+00
1.600000000000000089e+00 -1.878846115962318208e-02 -6.253810614451457361e+00
1.616666666666666696e+00 7.362956953890409384e-02 -4.740400942781025861e+00
1.633333333333333304e+00 1.392249035997443485e-01 -3.117269598648678919e+00
1.649999999999999911e+00 1.775385561605267171e-01 -1.546045993834077592e+00
1.666666666666666741e+00 1.907597700608802682e-01 -1.488413348942663195e-01
1.683333333333333348e+00 1.824999339903355944e-01 9.953941820585768818e-01
1.699999999999999956e+00 1.575799639922610407e-01 1.814305950271156487e+00
1.716666666666666563e+00 1.220230689812970420e-01 2.224300521923531448e+00
1.733333333333333393e+00 8.343661326147666646e-02 2.199212550659961796e+00
1.750000000000000000e+00 4.871598395929830488e-02 1.838108185933455596e+00
1.766666666666666607e+00 2.216634039702814613e-02 1.355659095333907160e+00
1.783333333333333215e+00 3.527347448168063546e-03 9.064059106659594356e-01
1.800000000000000044e+00 -8.047189958503836796e-03 5.164576883541786012e-01
1.816666666666666652e+00 -1.368790883030455464e-02 1.897813901621292210e-01
1.833333333333333259e+00 -1.437323629724147726e-02 -5.109284484437735113e-02
1.849999999999999867e+00 -1.198481400215864294e-02 -1.853702958818051749e-01
1.866666666666666696e+00 -8.194226434514638446e-03 -1.916398575232610979e-01
1.883333333333333304e+00 -5.596818751383273241e-03 -8.421858838504459044e-02
1.899999999999999911e+00 -5.386940155013152272e-03 6.739616800580057465e-02
1.916666666666666741e+00 -7.843357684909959063e-03 1.816696784690326749e-01
1.933333333333333348e+00 -1.144259610398090828e-02 -2.377047370756645850e-01
1.949999999999999956e+00 8.013355094552710172e-05 -3.424304945958606128e-01
1.966666666666666563e+00 -2.824628411888727492e-05 2.910733324412589224e-03
1.983333333333333393e+00 -1.689089320155920325e-05 -8.473885235666182543e-04
2.000000000000000000e+00 0.000000000000000000e+00 -1.013453592093552236e-03
