0.000000000000000000e+00 6.938922740656907990e+02 1.065713002266443254e+03
1.666666666666666644e-02 6.761303906945834115e+02 1.065713002266436433e+03
3.333333333333333287e-02 6.583685073234762513e+02 1.065713002266436433e+03
5.000000000000000278e-02 6.406066239523688637e+02 1.065713002266436433e+03
6.666666666666666574e-02 6.228447405812617035e+02 1.065713002266436433e+03
8.333333333333332871e-02 6.050828572101543159e+02 1.065713002266443254e+03
1.000000000000000056e-01 5.873209738390469283e+02 1.065713002266436433e+03
1.166666666666666685e-01 5.695590904679397681e+02 1.065713002266436433e+03
1.333333333333333315e-01 5.517972070968323806e+02 1.065713002266439844e+03
1.499999999999999944e-01 5.340353237257251067e+02 1.065713002266436433e+03
1.666666666666666574e-01 5.162734403546178328e+02 1.065713002266436433e+03
1.833333333333333204e-01 4.985115569835105589e+02 1.065713002266436433e+03
2.000000000000000111e-01 4.807496736124032850e+02 1.065713002266438252e+03
2.166666666666666741e-01 4.629877902412959543e+02 1.065713002266438252e+03
2.333333333333333370e-01 4.452259068701886804e+02 1.065713002266436433e+03
2.500000000000000000e-01 4.274640234990814065e+02 1.065713002266436433e+03
2.666666666666666630e-01 4.097021401279741326e+02 1.065713002266436433e+03
2.833333333333333259e-01 3.919402567568668587e+02 1.065713002266438252e+03
2.999999999999999889e-01 3.741783733857595280e+02 1.065713002266438252e+03
3.166666666666666519e-01 3.564164900146522541e+02 1.065713002266436433e+03
3.333333333333333148e-01 3.386546066435449802e+02 1.065713002266436433e+03
3.499999999999999778e-01 3.208927232724377063e+02 1.065713002266436433e+03
3.666666666666666408e-01 3.031308399013304324e+02 1.065713002266436433e+03
3.833333333333333037e-01 2.853689565302231586e+02 1.065713002266439844e+03
4.000000000000000222e-01 2.676070731591157710e+02 1.065713002266439844e+03
4.166666666666666852e-01 2.498451897880084971e+02 1.065713002266436433e+03
4.333333333333333481e-01 2.320833064169012232e+02 1.065713002266437343e+03
4.500000000000000111e-01 2.143214230457939209e+02 1.065713002266437343e+03
4.666666666666666741e-01 1.965595396746866470e+02 1.065713002266437343e+03
4.833333333333333370e-01 1.787976563035793447e+02 1.065713002266437343e+03
5.000000000000000000e-01 1.610357729324720708e+02 1.065713002266434842e+03
5.166666666666666075e-01 1.432738895613648538e+02 1.065713002266437343e+03
5.333333333333333259e-01 1.255120061902574946e+02 1.065713002266440753e+03
5.500000000000000444e-01 1.077501228191501639e+02 1.065713002266436888e+03
5.666666666666666519e-01 8.998823944804293262e+01 1.065713002266437343e+03
5.833333333333333703e-01 7.222635607693558768e+01 9.285764751721663970e+02
5.999999999999999778e-01 5.903569027563738558e+01 7.243560682636787078e+02
6.166666666666666963e-01 4.808115380147962981e+01 5.903904230492581746e+02
6.333333333333333037e-01 3.935600950732877834e+01 4.746863776060617397e+02
6.500000000000000222e-01 3.225827454794423943e+01 3.871534531298660227e+02
6.666666666666666297e-01 2.645089440299991068e+01 3.200823188990598851e+02
6.833333333333333481e-01 2.158886391797557636e+01 2.689671623157875047e+02
6.999999999999999556e-01 1.748532232580699386e+01 2.265762294805753356e+02
7.166666666666666741e-01 1.403632293528973207e+01 1.910761746616481105e+02
7.333333333333332815e-01 1.111611650375205684e+01 1.623161565047376484e+02
7.500000000000000000e-01 8.625784385131810339e+00 1.380950375081351638e+02
7.666666666666666075e-01 6.512948586814218288e+00 1.171170921530544149e+02
7.833333333333333259e-01 4.721881313363329724e+00 9.891450112364289282e+01
8.000000000000000444e-01 3.215798549359455194e+00 8.311441227406766075e+01
8.166666666666666519e-01 1.951400904227740929e+00 6.975616786033924654e+01
8.333333333333333703e-01 8.905929540148137535e-01 5.881277556566259079e+01
8.499999999999999778e-01 -9.024947961011962894e-03 4.995254674274597306e+01
8.666666666666666963e-01 -7.744919374100518450e-01 4.245479548613610632e+01
8.833333333333333037e-01 -1.424184797498882160e+00 3.525302870266949640e+01
9.000000000000000222e-01 -1.949592894165701695e+00 2.851505196376763962e+01
9.166666666666666297e-01 -2.374686529624470133e+00 2.334470526132095003e+01
9.333333333333333481e-01 -2.727749736209733378e+00 1.957293007701504806e+01
9.499999999999999556e-01 -3.027117532191638372e+00 1.613117883539814557e+01
9.666666666666666741e-01 -3.265455697389671563e+00 1.252643834197151307e+01
9.833333333333332815e-01 -3.444665476924022141e+00 8.167990870033104756e+00
1.000000000000000000e+00 -3.537722059724108359e+00 3.239107681309278952e+00
1.016666666666666607e+00 -3.552635732967664772e+00 -9.362402305652306467e-01
1.033333333333333215e+00 -3.506514052038600671e+00 -3.623324910978875657e+00
1.050000000000000044e+00 -3.431858235935035584e+00 -4.804241938985316374e+00
1.066666666666666652e+00 -3.346372654072423458e+00 -5.053759987323895864e+00
1.083333333333333259e+00 -3.263399569690905722e+00 -5.928533755483771372e+00
1.100000000000000089e+00 -3.148754862222964412e+00 -8.240037202598294641e+00
1.116666666666666696e+00 -2.988731662937629263e+00 -1.096980027309051309e+01
1.133333333333333304e+00 -2.783094853119947309e+00 -1.251835720671498819e+01
1.149999999999999911e+00 -2.571453089380463020e+00 -1.219441653530525116e+01
1.166666666666666741e+00 -2.376614301943105634e+00 -1.095735736108577640e+01
1.183333333333333348e+00 -2.206207844010937169e+00 -1.027182222447541982e+01
1.199999999999999956e+00 -2.034220227793924973e+00 -1.057763182556095138e+01
1.216666666666666563e+00 -1.853620116492238790e+00 -1.131024759226132659e+01
1.233333333333333393e+00 -1.657211974718547420e+00 -1.162332741517080770e+01
1.250000000000000000e+00 -1.466175869319878533e+00 -1.092101030248531401e+01
1.266666666666666607e+00 -1.293178297969036938e+00 -9.523710352599906059e+00
1.283333333333333215e+00 -1.148718857566548346e+00 -8.146185660696826147e+00
1.300000000000000044e+00 -1.021638775945809430e+00 -7.361791438426067202e+00
1.316666666666666652e+00 -9.033258096190127651e-01 -7.386594301432365839e+00
1.333333333333333259e+00 -7.754189658980639166e-01 -7.566112609706895142e+00
1.350000000000000089e+00 -6.511220559621162529e-01 -6.738246151836038145e+00
1.366666666666666696e+00 -5.508107608368626451e-01 -4.756940196047071190e+00
1.383333333333333304e+00 -4.925573827605472244e-01 -2.399476579549284949e+00
1.399999999999999911e+00 -4.708282081852198098e-01 -6.009916418300692564e-01
1.416666666666666741e+00 -4.725243280328782491e-01 1.099700179536955424e-01
1.433333333333333348e+00 -4.744938754503429945e-01 -2.470127492638107825e-01
1.449999999999999956e+00 -4.642905697240845564e-01 -1.048074965316105889e+00
1.466666666666666563e+00 -4.395580432731394649e-01 -1.615412763992241096e+00
1.483333333333333393e+00 -4.104434775910098532e-01 -1.508230970441246654e+00
1.500000000000000000e+00 -3.892836775917645764e-01 -7.251240689827409547e-01
1.516666666666666607e+00 -3.862726752915851547e-01 3.658907450379073056e-01
1.533333333333333215e+00 -4.014800357596948199e-01 1.156224734349192707e+00
1.550000000000000044e+00 -4.248134997698915782e-01 1.171055765516435532e+00
1.566666666666666652e+00 -4.405152279435760043e-01 3.817373296497639235e-01
1.583333333333333259e+00 -4.375380774248837090e-01 -7.844006501532008180e-01
1.600000000000000089e+00 -4.143685396051359771e-01 -1.751368712671111938e+00
1.616666666666666696e+00 -3.791591203358466444e-01 -2.002897461169870663e+00
1.633333333333333304e+00 -3.476052908994736179e-01 -1.532324511356016439e+00
1.649999999999999911e+00 -3.280816366239794335e-01 -8.668468939760304304e-01
1.666666666666666741e+00 -3.187103944336059369e-01 -4.543682133715498672e-01
1.683333333333333348e+00 -3.129360295115944379e-01 -3.867005522290145603e-01
1.699999999999999956e+00 -3.058203760259721182e-01 -5.851738015424834405e-01
1.716666666666666563e+00 -2.934302361268449899e-01 -9.504403782528642042e-01
1.733333333333333393e+00 -2.741390300842099781e-01 -1.346833762998902673e+00
1.750000000000000000e+00 -2.485357773602148990e-01 -1.628291484974083270e+00
1.766666666666666607e+00 -2.198626472517405395e-01 -1.777237074928292859e+00
1.783333333333333215e+00 -1.892945415292718037e-01 -1.841049925310572766e+00
1.800000000000000044e+00 -1.584943164080547806e-01 -1.805913930161817671e+00
1.816666666666666652e+00 -1.290974105238778813e-01 -1.653207577089282676e+00
1.833333333333333259e+00 -1.033873971717453599e-01 -1.397833469695930697e+00
1.849999999999999867e+00 -8.250296153401352750e-02 -1.107600744550062188e+00
1.866666666666666696e+00 -6.646737235340995087e-02 -8.730827870352069198e-01
1.883333333333333304e+00 -5.340020196617329545e-02 -7.209120116881748697e-01
1.899999999999999911e+00 -4.243697196380412373e-02 -6.202153097143101590e-01
1.916666666666666741e+00 -3.272635830902962534e-02 -5.493290285682607133e-01
1.933333333333333348e+00 -2.412600434486210019e-02 -8.052165374347101112e-01
1.949999999999999956e+00 -5.885807061205955079e-03 -7.024475686576320266e-01
1.966666666666666563e+00 -7.110853896077017587e-04 -1.748831604148086138e-01
1.983333333333333393e+00 -5.636838071233418930e-05 -2.133256168823105189e-02
2.000000000000000000e+00 0.000000000000000000e+00 -3.382102842740051466e-03
