0.000000000000000000e+00 5.758218224077616014e+02 9.632393645048568942e+02
1.666666666666666644e-02 5.597678329993473199e+02 9.632393645048534836e+02
3.333333333333333287e-02 5.437138435909331520e+02 9.632393645048500730e+02
5.000000000000000278e-02 5.276598541825189841e+02 9.632393645048500730e+02
6.666666666666666574e-02 5.116058647741048162e+02 9.632393645048500730e+02
8.333333333333332871e-02 4.955518753656906483e+02 9.632393645048500730e+02
1.000000000000000056e-01 4.794978859572764804e+02 9.632393645048534836e+02
1.166666666666666685e-01 4.634438965488621989e+02 9.632393645048500730e+02
1.333333333333333315e-01 4.473899071404481447e+02 9.632393645048500730e+02
1.499999999999999944e-01 4.313359177320338631e+02 9.632393645048500730e+02
1.666666666666666574e-01 4.152819283236198089e+02 9.632393645048500730e+02
1.833333333333333204e-01 3.992279389152055273e+02 9.632393645048534836e+02
2.000000000000000111e-01 3.831739495067913595e+02 9.632393645048500730e+02
2.166666666666666741e-01 3.671199600983771916e+02 9.632393645048500730e+02
2.333333333333333370e-01 3.510659706899630237e+02 9.632393645048500730e+02
2.500000000000000000e-01 3.350119812815488558e+02 9.632393645048500730e+02
2.666666666666666630e-01 3.189579918731346879e+02 9.632393645048517783e+02
2.833333333333333259e-01 3.029040024647204632e+02 9.632393645048517783e+02
2.999999999999999889e-01 2.868500130563062953e+02 9.632393645048517783e+02
3.166666666666666519e-01 2.707960236478920706e+02 9.632393645048509825e+02
3.333333333333333148e-01 2.547420342394779311e+02 9.632393645048492772e+02
3.499999999999999778e-01 2.386880448310637632e+02 9.632393645048509825e+02
3.666666666666666408e-01 2.226340554226495669e+02 9.632393645048509825e+02
3.833333333333333037e-01 2.065800660142353991e+02 9.632393645048517783e+02
4.000000000000000222e-01 1.905260766058211743e+02 9.632393645048517783e+02
4.166666666666666852e-01 1.744720871974070064e+02 9.632393645048509825e+02
4.333333333333333481e-01 1.584180977889928101e+02 9.632393645048517783e+02
4.500000000000000111e-01 1.423641083805786138e+02 9.632393645048505277e+02
4.666666666666666741e-01 1.263101189721644602e+02 9.632393645048500730e+02
4.833333333333333370e-01 1.102561295637502781e+02 9.632393645048505277e+02
5.000000000000000000e-01 9.420214015533611018e+01 9.632393645048492772e+02
5.166666666666666075e-01 7.814815074692197072e+01 9.632393645048509825e+02
5.333333333333333259e-01 6.209416133850774600e+01 9.632393645048537110e+02
5.500000000000000444e-01 4.604017193009351416e+01 8.170866379227602465e+02
5.666666666666666519e-01 3.485794007441573683e+01 5.747301722678988654e+02
5.833333333333333703e-01 2.688249952116355246e+01 4.275829859853635071e+02
5.999999999999999778e-01 2.060517387490362040e+01 3.420215454365114169e+02
6.166666666666666963e-01 1.548178133994650629e+01 2.816190740805193968e+02
6.333333333333333037e-01 1.121787140555297491e+01 2.337465806709999754e+02
6.500000000000000222e-01 7.690228650913173425e+00 1.936818641185963372e+02
6.666666666666666297e-01 4.761809268266430806e+00 1.600321676287427124e+02
6.833333333333333481e-01 2.355823063288416286e+00 1.319664243817489933e+02
6.999999999999999556e-01 3.629284555414645785e-01 1.086581236125875165e+02
7.166666666666666741e-01 -1.266114390464500694e+00 8.810633157090917678e+01
7.333333333333332815e-01 -2.573949263488841233e+00 6.957372735624275606e+01
7.500000000000000000e-01 -3.585238635672592711e+00 5.367811345792912192e+01
7.666666666666666075e-01 -4.363219712086478630e+00 4.067468352897685691e+01
7.833333333333333259e-01 -4.941061419971821245e+00 2.890146984825613785e+01
8.000000000000000444e-01 -5.326602040361683166e+00 1.784269026494818178e+01
8.166666666666666519e-01 -5.535817762136760578e+00 8.375303445991297835e+00
8.333333333333333703e-01 -5.605778821894726427e+00 5.953954248323523046e-01
8.499999999999999778e-01 -5.555664276297838988e+00 -5.884141093741881434e+00
8.666666666666666963e-01 -5.409640785436663712e+00 -1.041030221091750363e+01
8.833333333333333037e-01 -5.208654202600588867e+00 -1.246360327752817909e+01
9.000000000000000222e-01 -4.994187342852391076e+00 -1.239669062649201514e+01
9.166666666666666297e-01 -4.795431181717521696e+00 -1.091704180101084276e+01
9.333333333333333481e-01 -4.630285949485362984e+00 -9.044701421125731500e+00
9.499999999999999556e-01 -4.493941134346663979e+00 -8.233482148990924898e+00
9.666666666666666741e-01 -4.355836544518998821e+00 -8.952506722709712150e+00
9.833333333333332815e-01 -4.195524243589673574e+00 -1.018967422323050265e+01
1.000000000000000000e+00 -4.016180737077982066e+00 -1.152312994635879662e+01
1.016666666666666607e+00 -3.811419912044380354e+00 -1.308559013581312769e+01
1.033333333333333215e+00 -3.579994399217544476e+00 -1.443087840764023611e+01
1.050000000000000044e+00 -3.330390631789705846e+00 -1.510654699442238602e+01
1.066666666666666652e+00 -3.076442832736798305e+00 -1.586919486004694235e+01
1.083333333333333259e+00 -2.801417469788141101e+00 -1.676883745634005507e+01
1.100000000000000089e+00 -2.517481584192129862e+00 -1.646693120662909848e+01
1.116666666666666696e+00 -2.252519762900504485e+00 -1.490239916272495080e+01
1.133333333333333304e+00 -2.020734945434631502e+00 -1.305322052342653372e+01
1.149999999999999911e+00 -1.817412412119620013e+00 -1.129621454668590630e+01
1.166666666666666741e+00 -1.644194460545101322e+00 -9.984268961321520308e+00
1.183333333333333348e+00 -1.484603446742235988e+00 -9.707253257998475604e+00
1.199999999999999956e+00 -1.320619351945152120e+00 -9.900153779688265487e+00
1.216666666666666563e+00 -1.154598320752627139e+00 -9.521101647368160670e+00
1.233333333333333393e+00 -1.003249297032880127e+00 -8.282163495381769991e+00
1.250000000000000000e+00 -8.785262042399014648e-01 -6.498265939765673238e+00
1.266666666666666607e+00 -7.866404323740243676e-01 -4.361266927847385233e+00
1.283333333333333215e+00 -7.331506399783219718e-01 -2.702583793785106270e+00
1.300000000000000044e+00 -6.965543059145208327e-01 -2.596271476652585175e+00
1.316666666666666652e+00 -6.466082574232357993e-01 -3.808081532239763423e+00
1.333333333333333259e+00 -5.696182548398620593e-01 -4.769310682347000174e+00
1.350000000000000089e+00 -4.876312346783358009e-01 -4.443098013565482063e+00
1.366666666666666696e+00 -4.215149877210126461e-01 -3.194222406814881232e+00
1.383333333333333304e+00 -3.811571544511730969e-01 -1.756103624089057735e+00
1.399999999999999911e+00 -3.629782002513773920e-01 -8.898209865243306149e-01
1.416666666666666741e+00 -3.514964549003620764e-01 -1.100626553234207439e+00
1.433333333333333348e+00 -3.262906484769038107e-01 -1.804343902876633932e+00
1.449999999999999956e+00 -2.913516581378076120e-01 -2.045218814278269459e+00
1.466666666666666563e+00 -2.581166880009614917e-01 -1.710363860001593572e+00
1.483333333333333393e+00 -2.343395294710878263e-01 -1.076416407920955054e+00
1.500000000000000000e+00 -2.222361410702629880e-01 -4.897734421823213280e-01
1.516666666666666607e+00 -2.180137480650104487e-01 -3.319502964699583281e-01
1.533333333333333215e+00 -2.111711311879310438e-01 -6.728510099720108606e-01
1.550000000000000044e+00 -1.955853810659434200e-01 -1.122815367510682227e+00
1.566666666666666652e+00 -1.737439522709083028e-01 -1.321908446839476614e+00
1.583333333333333259e+00 -1.515217661712942032e-01 -1.226120185433749121e+00
1.600000000000000089e+00 -1.328732794231166636e-01 -1.053247046785699581e+00
1.616666666666666696e+00 -1.164135312784375514e-01 -9.664433209598093377e-01
1.633333333333333304e+00 -1.006585020577896866e-01 -9.001903579672265732e-01
1.649999999999999911e+00 -8.640718601286333234e-02 -7.499674554685618055e-01
1.666666666666666741e+00 -7.565958687550429496e-02 -5.400891527104207945e-01
1.683333333333333348e+00 -6.840421425584930493e-02 -3.430754014194533075e-01
1.699999999999999956e+00 -6.422374016152251897e-02 -2.506400475153732210e-01
1.716666666666666563e+00 -6.004954600533686515e-02 -1.699188006437594989e-01
1.733333333333333393e+00 -5.855978014006386900e-02 1.284331774114358393e-01
1.750000000000000000e+00 -6.433065191905139313e-02 5.826186904387281595e-01
1.766666666666666607e+00 -7.798040315468814099e-02 7.972451273363433399e-01
1.783333333333333215e+00 -9.090548949692950353e-02 4.897425740061749355e-01
1.800000000000000044e+00 -9.430515562156063791e-02 -1.879163934290187243e-01
1.816666666666666652e+00 -8.464160971596221272e-02 -7.888128600384946010e-01
1.833333333333333259e+00 -6.801139362027748547e-02 -9.384049723139467059e-01
1.849999999999999867e+00 -5.336144397216398966e-02 -6.736022255175033724e-01
1.866666666666666696e+00 -4.555798610302737306e-02 -2.718608286835220156e-01
1.883333333333333304e+00 -4.429941634937992201e-02 3.177733295658874413e-02
1.899999999999999911e+00 -4.661723053491366453e-02 9.612265056983211597e-02
1.916666666666666741e+00 -4.750350470170765921e-02 -1.114462831707806884e-01
1.933333333333333348e+00 -4.290235442922097492e-02 -9.978004808991903785e-01
1.949999999999999956e+00 -1.424348867173464914e-02 -1.232028146375795163e+00
1.966666666666666563e+00 -1.834749550027801185e-03 -4.228523064857072078e-01
1.983333333333333393e+00 -1.484117888777424399e-04 -5.504248650083403555e-02
2.000000000000000000e+00 0.000000000000000000e+00 -8.904707332664546504e-03
