0.000000000000000000e+00 6.469006469663480630e+02 9.883052126861161923e+02
1.666666666666666644e-02 6.304288934215794598e+02 9.883052126861161923e+02
3.333333333333333287e-02 6.139571398768108565e+02 9.883052126861196029e+02
5.000000000000000278e-02 5.974853863320421397e+02 9.883052126861161923e+02
6.666666666666666574e-02 5.810136327872736501e+02 9.883052126861161923e+02
8.333333333333332871e-02 5.645418792425049332e+02 9.883052126861161923e+02
1.000000000000000056e-01 5.480701256977364437e+02 9.883052126861161923e+02
1.166666666666666685e-01 5.315983721529677268e+02 9.883052126861196029e+02
1.333333333333333315e-01 5.151266186081991236e+02 9.883052126861161923e+02
1.499999999999999944e-01 4.986548650634305204e+02 9.883052126861161923e+02
1.666666666666666574e-01 4.821831115186619172e+02 9.883052126861178976e+02
1.833333333333333204e-01 4.657113579738932572e+02 9.883052126861178976e+02
2.000000000000000111e-01 4.492396044291246540e+02 9.883052126861178976e+02
2.166666666666666741e-01 4.327678508843559939e+02 9.883052126861178976e+02
2.333333333333333370e-01 4.162960973395873907e+02 9.883052126861161923e+02
2.500000000000000000e-01 3.998243437948187875e+02 9.883052126861178976e+02
2.666666666666666630e-01 3.833525902500501275e+02 9.883052126861178976e+02
2.833333333333333259e-01 3.668808367052815242e+02 9.883052126861161923e+02
2.999999999999999889e-01 3.504090831605129210e+02 9.883052126861178976e+02
3.166666666666666519e-01 3.339373296157442610e+02 9.883052126861178976e+02
3.333333333333333148e-01 3.174655760709756578e+02 9.883052126861178976e+02
3.499999999999999778e-01 3.009938225262069977e+02 9.883052126861178976e+02
3.666666666666666408e-01 2.845220689814383945e+02 9.883052126861161923e+02
3.833333333333333037e-01 2.680503154366697913e+02 9.883052126861196029e+02
4.000000000000000222e-01 2.515785618919010744e+02 9.883052126861196029e+02
4.166666666666666852e-01 2.351068083471324712e+02 9.883052126861161923e+02
4.333333333333333481e-01 2.186350548023638680e+02 9.883052126861178976e+02
4.500000000000000111e-01 2.021633012575952080e+02 9.883052126861178976e+02
4.666666666666666741e-01 1.856915477128266048e+02 9.883052126861161923e+02
4.833333333333333370e-01 1.692197941680580016e+02 9.883052126861171018e+02
5.000000000000000000e-01 1.527480406232893699e+02 9.883052126861161923e+02
5.166666666666666075e-01 1.362762870785207951e+02 9.883052126861174429e+02
5.333333333333333259e-01 1.198045335337521209e+02 9.883052126861205124e+02
5.500000000000000444e-01 1.033327799889834466e+02 9.883052126861174429e+02
5.666666666666666519e-01 8.686102644421487184e+01 9.883052126861174429e+02
5.833333333333333703e-01 7.038927289944619758e+01 7.202622967707619637e+02
5.999999999999999778e-01 6.285228321852280686e+01 5.670005029534702317e+02
6.166666666666666963e-01 5.148925613433052462e+01 6.116326592865689236e+02
6.333333333333333037e-01 4.246452790897050988e+01 4.903596539600596884e+02
6.500000000000000222e-01 3.514393433566186786e+01 4.004823805520352948e+02
6.666666666666666297e-01 2.911511522390266649e+01 3.396919661198233484e+02
6.833333333333333481e-01 2.382086879833442339e+01 2.994566727930247794e+02
6.999999999999999556e-01 1.913322613080184098e+01 2.655228958252450866e+02
7.166666666666666741e-01 1.497010560415958658e+01 2.334542441179636114e+02
7.333333333333332815e-01 1.135141799353638703e+01 2.029664393335469867e+02
7.500000000000000000e-01 8.204557626374686663e+00 1.753143825613068145e+02
7.666666666666666075e-01 5.507605241492826487e+00 1.499215697837809387e+02
7.833333333333333259e-01 3.207171966915321359e+00 1.274441436919736077e+02
8.000000000000000444e-01 1.259467118427039400e+00 1.081092158911627905e+02
8.166666666666666519e-01 -3.964685627901046727e-01 9.140722664960534871e+01
8.333333333333333703e-01 -1.787440436559805335e+00 7.631964468323906203e+01
8.499999999999999778e-01 -2.940456718898073696e+00 6.232184927117637585e+01
8.666666666666666963e-01 -3.864835412265684500e+00 4.895457751830619486e+01
8.833333333333333037e-01 -4.572275969508280191e+00 3.633827950464715428e+01
9.000000000000000222e-01 -5.076111395753923006e+00 2.505208221598486062e+01
9.166666666666666297e-01 -5.407345376707775486e+00 1.567002145421962034e+01
9.333333333333333481e-01 -5.598445444227910350e+00 7.800163922695224628e+00
9.499999999999999556e-01 -5.667350840797616307e+00 9.533488175108306706e-01
9.666666666666666741e-01 -5.630223738144938039e+00 -4.894691655872049907e+00
9.833333333333332815e-01 -5.504194452268547977e+00 -9.509433267812372748e+00
1.000000000000000000e+00 -5.313242629217858948e+00 -1.284959328040528703e+01
1.016666666666666607e+00 -5.075874676255038409e+00 -1.465954233813096863e+01
1.033333333333333215e+00 -4.824591217946826660e+00 -1.485533013141197678e+01
1.050000000000000044e+00 -4.580697005207972516e+00 -1.432989938541406438e+01
1.066666666666666652e+00 -4.346927905099691181e+00 -1.426726157252563354e+01
1.083333333333333259e+00 -4.105121619457118065e+00 -1.495239655077078567e+01
1.100000000000000089e+00 -3.848514686740664992e+00 -1.612079325069453972e+01
1.116666666666666696e+00 -3.567761844433966711e+00 -1.701335494109483548e+01
1.133333333333333304e+00 -3.281402855370837202e+00 -1.702823676153831300e+01
1.149999999999999911e+00 -3.000153952382689670e+00 -1.648226627790476329e+01
1.166666666666666741e+00 -2.731993979440678455e+00 -1.605100805360351401e+01
1.183333333333333348e+00 -2.465120350595905840e+00 -1.594525938175886814e+01
1.199999999999999956e+00 -2.200485333382049546e+00 -1.562460156680294254e+01
1.216666666666666563e+00 -1.944300298369141089e+00 -1.448754424357684201e+01
1.233333333333333393e+00 -1.717567191929488146e+00 -1.255227436863024515e+01
1.250000000000000000e+00 -1.525891152748132917e+00 -1.031209937816238309e+01
1.266666666666666607e+00 -1.373830545990742058e+00 -8.465176813370591802e+00
1.283333333333333215e+00 -1.243718592302446524e+00 -7.660605981329218217e+00
1.300000000000000044e+00 -1.118477013279768117e+00 -7.525149196902013671e+00
1.316666666666666652e+00 -9.928802857390460757e-01 -7.211025810020203153e+00
1.333333333333333259e+00 -8.781094862790946864e-01 -6.450133458223271887e+00
1.350000000000000089e+00 -7.778758371316036868e-01 -5.694444784345410682e+00
1.366666666666666696e+00 -6.882946601342476711e-01 -5.066786295552363484e+00
1.383333333333333304e+00 -6.089829606131915707e-01 -4.573275428603800208e+00
1.399999999999999911e+00 -5.358521458474543309e-01 -4.169389323954590054e+00
1.416666666666666741e+00 -4.700033164813718911e-01 -3.445188191867969429e+00
1.433333333333333348e+00 -4.210125394518553499e-01 -2.129547553984185715e+00
1.449999999999999956e+00 -3.990183980152323673e-01 -6.629327194836953652e-01
1.466666666666666563e+00 -3.989147821357321710e-01 3.783624976752936186e-01
1.483333333333333393e+00 -4.116304812710754879e-01 7.240494736416752675e-01
1.500000000000000000e+00 -4.230497645904546800e-01 4.244729367383215379e-01
1.516666666666666607e+00 -4.257795791623528725e-01 -1.099953738230463607e-01
1.533333333333333215e+00 -4.193832521296864679e-01 -3.106869729436717575e-01
1.550000000000000044e+00 -4.154233467308971472e-01 9.980788663682627071e-02
1.566666666666666652e+00 -4.227101816842473436e-01 6.747595156742125511e-01
1.583333333333333259e+00 -4.379153305867042323e-01 8.756818167662328012e-01
1.600000000000000089e+00 -4.518995755764551037e-01 6.167075832456864193e-01
1.616666666666666696e+00 -4.584722500282271129e-01 1.211619963065307948e-01
1.633333333333333304e+00 -4.559383087866727968e-01 -4.579876191010517905e-01
1.649999999999999911e+00 -4.432059960581920532e-01 -9.590157310532176904e-01
1.666666666666666741e+00 -4.239711177515655405e-01 -1.217523395004432851e+00
1.683333333333333348e+00 -4.026218828913776249e-01 -1.286553897921274281e+00
1.699999999999999956e+00 -3.810859878208563978e-01 -1.287240896788213851e+00
1.716666666666666563e+00 -3.597138529984371669e-01 -1.221653551044041830e+00
1.733333333333333393e+00 -3.403642027860550034e-01 -1.092179711334583248e+00
1.750000000000000000e+00 -3.233078626206177253e-01 -9.248850002467828846e-01
1.766666666666666607e+00 -3.095347027778289073e-01 -7.605226992267111186e-01
1.783333333333333215e+00 -2.979571059797273547e-01 -7.483203703925556116e-01
1.800000000000000044e+00 -2.845906904314103869e-01 -9.140811860042102888e-01
1.816666666666666652e+00 -2.674877331129203450e-01 -1.119810983781102331e+00
1.833333333333333259e+00 -2.472636576387069740e-01 -1.234393831403017616e+00
1.849999999999999867e+00 -2.263412720661530930e-01 -1.241355654838272260e+00
1.866666666666666696e+00 -2.058851358107645635e-01 -1.219582191602072374e+00
1.883333333333333304e+00 -1.856885323460840120e-01 -1.248417818916415900e+00
1.899999999999999911e+00 -1.642712085135507039e-01 -1.344852873325388387e+00
1.916666666666666741e+00 -1.408601032352377325e-01 -1.481163650960931166e+00
1.933333333333333348e+00 -1.148990868148530020e-01 -3.589968647456954098e+00
1.949999999999999956e+00 -2.119448165333925882e-02 -3.380812683073441516e+00
1.966666666666666563e+00 -2.205330712404945503e-03 -6.297622612554446553e-01
1.983333333333333393e+00 -2.024062781577707693e-04 -6.615992137214836422e-02
2.000000000000000000e+00 0.000000000000000000e+00 -1.214437668946624638e-02
