0.000000000000000000e+00 4.349122745550845366e+02 7.548800623560680378e+02
1.666666666666666644e-02 4.223309401824834026e+02 7.548800623560680378e+02
3.333333333333333287e-02 4.097496058098822687e+02 7.548800623560680378e+02
5.000000000000000278e-02 3.971682714372811347e+02 7.548800623560663325e+02
6.666666666666666574e-02 3.845869370646800576e+02 7.548800623560663325e+02
8.333333333333332871e-02 3.720056026920789236e+02 7.548800623560680378e+02
1.000000000000000056e-01 3.594242683194777896e+02 7.548800623560697431e+02
1.166666666666666685e-01 3.468429339468765988e+02 7.548800623560680378e+02
1.333333333333333315e-01 3.342615995742755217e+02 7.548800623560680378e+02
1.499999999999999944e-01 3.216802652016743309e+02 7.548800623560680378e+02
1.666666666666666574e-01 3.090989308290732538e+02 7.548800623560680378e+02
1.833333333333333204e-01 2.965175964564720630e+02 7.548800623560680378e+02
2.000000000000000111e-01 2.839362620838709859e+02 7.548800623560663325e+02
2.166666666666666741e-01 2.713549277112698519e+02 7.548800623560680378e+02
2.333333333333333370e-01 2.587735933386687179e+02 7.548800623560680378e+02
2.500000000000000000e-01 2.461922589660675840e+02 7.548800623560672420e+02
2.666666666666666630e-01 2.336109245934664784e+02 7.548800623560672420e+02
2.833333333333333259e-01 2.210295902208653445e+02 7.548800623560680378e+02
2.999999999999999889e-01 2.084482558482642105e+02 7.548800623560680378e+02
3.166666666666666519e-01 1.958669214756630765e+02 7.548800623560680378e+02
3.333333333333333148e-01 1.832855871030619426e+02 7.548800623560680378e+02
3.499999999999999778e-01 1.707042527304608086e+02 7.548800623560672420e+02
3.666666666666666408e-01 1.581229183578597031e+02 7.548800623560672420e+02
3.833333333333333037e-01 1.455415839852585691e+02 7.548800623560689473e+02
4.000000000000000222e-01 1.329602496126574067e+02 7.548800623560689473e+02
4.166666666666666852e-01 1.203789152400562728e+02 7.548800623560680378e+02
4.333333333333333481e-01 1.077975808674551388e+02 7.548800623560680378e+02
4.500000000000000111e-01 9.521624649485400482e+01 7.548800623560675831e+02
4.666666666666666741e-01 8.263491212225288507e+01 7.548800623560672420e+02
4.833333333333333370e-01 7.005357774965176532e+01 7.548800623560675831e+02
5.000000000000000000e-01 5.747224337705063135e+01 4.623864392581643301e+02
5.166666666666666075e-01 5.464069644104628765e+01 5.257929812884161720e+02
5.333333333333333259e-01 3.994581066743675990e+01 7.253481132602305479e+02
5.500000000000000444e-01 3.046242599903860437e+01 4.926513583238982505e+02
5.666666666666666519e-01 2.352409872330681750e+01 3.688322549973954665e+02
5.833333333333333703e-01 1.816801749912542263e+01 2.891166650373502875e+02
5.999999999999999778e-01 1.388687655539514054e+01 2.337434764488185976e+02
6.166666666666666963e-01 1.037656828416480259e+01 1.942027726721964029e+02
6.333333333333333037e-01 7.413450799655260326e+00 1.637756189806577254e+02
6.500000000000000222e-01 4.917380984809545552e+00 1.373359882465249200e+02
6.666666666666666297e-01 2.835584524771096238e+00 1.125405734927077219e+02
6.833333333333333481e-01 1.166028535052621828e+00 8.887634832568090815e+01
6.999999999999999556e-01 -1.269604194182671897e-01 6.678176800897922760e+01
7.166666666666666741e-01 -1.060030398580019240e+00 4.629749780392771186e+01
7.333333333333332815e-01 -1.670210346215857511e+00 2.784891461711383087e+01
7.500000000000000000e-01 -1.988327552483813543e+00 1.242604093005161126e+01
7.666666666666666075e-01 -2.084411710550911234e+00 1.285291968400328333e+00
7.833333333333333259e-01 -2.031170618097157821e+00 -5.338641547598344417e+00
8.000000000000000444e-01 -1.906456992297633102e+00 -8.274492164661493732e+00
8.166666666666666519e-01 -1.755354212608441378e+00 -9.168246361359148722e+00
8.333333333333333703e-01 -1.600848780252328130e+00 -9.504327684853929981e+00
8.499999999999999778e-01 -1.438543289779977030e+00 -9.851991468713150013e+00
8.666666666666666963e-01 -1.272449064628556448e+00 -9.989620180471403543e+00
8.833333333333333037e-01 -1.105555950430930245e+00 -9.737095055517977826e+00
9.000000000000000222e-01 -9.478792294446238831e-01 -9.162720332498800246e+00
9.166666666666666297e-01 -8.001319393476369335e-01 -8.449634515605200846e+00
9.333333333333333481e-01 -6.662247455911172178e-01 -7.566463908563270557e+00
9.499999999999999556e-01 -5.479164757288612631e-01 -6.521464381514553210e+00
9.666666666666666741e-01 -4.488425995406321034e-01 -5.183406860713360764e+00
9.833333333333332815e-01 -3.751362470384159153e-01 -3.352864216666408659e+00
1.000000000000000000e+00 -3.370804589850851518e-01 -1.708177333404527598e+00
1.016666666666666607e+00 -3.181970025915983324e-01 -1.385438324394894227e+00
1.033333333333333215e+00 -2.908991815052553442e-01 -2.292555939042179691e+00
1.050000000000000044e+00 -2.417784712901923372e-01 -2.894163079214923329e+00
1.066666666666666652e+00 -1.944270788647579074e-01 -1.841712606698278742e+00
1.083333333333333259e+00 -1.803880510669163828e-01 5.724178374054847973e-01
1.100000000000000089e+00 -2.135076734449407321e-01 3.162135042204770929e+00
1.116666666666666696e+00 -2.857925524737420786e-01 4.709689535689718376e+00
1.133333333333333304e+00 -3.704973246345980020e-01 4.629170695539085223e+00
1.149999999999999911e+00 -4.400982423250449083e-01 3.605321930205426462e+00
1.166666666666666741e+00 -4.906747223081122100e-01 3.122085024954419641e+00
1.183333333333333348e+00 -5.441677431568588963e-01 3.661427748509560764e+00
1.199999999999999956e+00 -6.127223139250975725e-01 4.684671266756134322e+00
1.216666666666666563e+00 -7.003234520487300330e-01 5.307955518052406063e+00
1.233333333333333393e+00 -7.896541645268444487e-01 4.726884830738112164e+00
1.250000000000000000e+00 -8.578862797400004236e-01 2.987716956485734432e+00
1.266666666666666607e+00 -8.892447297430355890e-01 1.075872200586959204e+00
1.283333333333333215e+00 -8.937486864262323971e-01 -1.101477306675735512e-01
1.300000000000000044e+00 -8.855731387207831373e-01 -5.092716514921213911e-01
1.316666666666666652e+00 -8.767729647098283507e-01 -6.694828320803469790e-01
1.333333333333333259e+00 -8.632570443181049047e-01 -1.153292412829309832e+00
1.350000000000000089e+00 -8.383298842821846897e-01 -2.156691067354520541e+00
1.366666666666666696e+00 -7.913673420729542274e-01 -3.480499588665769917e+00
1.383333333333333304e+00 -7.223132313266590332e-01 -4.544345470104839357e+00
1.399999999999999911e+00 -6.398891597361262562e-01 -4.856106058250313495e+00
1.416666666666666741e+00 -5.604430293849819167e-01 -4.511102093292070236e+00
1.433333333333333348e+00 -4.895190899597239298e-01 -4.141485126795100946e+00
1.449999999999999956e+00 -4.223935251584785555e-01 -4.165149473152093051e+00
1.466666666666666563e+00 -3.506807741879874873e-01 -4.549454901355613146e+00
1.483333333333333393e+00 -2.707450284466247914e-01 -4.885593046090584757e+00
1.500000000000000000e+00 -1.878276726516346640e-01 -4.619652503220648576e+00
1.516666666666666607e+00 -1.167566116726031777e-01 -3.789053770018618206e+00
1.533333333333333215e+00 -6.152588031768071314e-02 -2.987744872964408049e+00
1.550000000000000044e+00 -1.716511590712291313e-02 -2.459336053414422629e+00
1.566666666666666652e+00 2.045198812946670899e-02 -2.126929412990159030e+00
1.583333333333333259e+00 5.373253119254906007e-02 -1.864399578726655182e+00
1.600000000000000089e+00 8.259864075368854308e-02 -1.516521734000271460e+00
1.616666666666666696e+00 1.042832556592247772e-01 -9.982389097315875759e-01
1.633333333333333304e+00 1.158732710780747965e-01 -3.930241182168803249e-01
1.649999999999999911e+00 1.173840595997874547e-01 8.636033813523402713e-02
1.666666666666666741e+00 1.129945931402336623e-01 2.822316203117662958e-01
1.683333333333333348e+00 1.079763389227285791e-01 2.697093381610589646e-01
1.699999999999999956e+00 1.040042818681983644e-01 2.612174321144624112e-01
1.716666666666666563e+00 9.926909118557983303e-02 3.854745547193479394e-01
1.733333333333333393e+00 9.115513004422010068e-02 5.958568795084283609e-01
1.750000000000000000e+00 7.940719520196555525e-02 7.608990416927590150e-01
1.766666666666666607e+00 6.579182865446146777e-02 7.982554823066466687e-01
1.783333333333333215e+00 5.279867912507733158e-02 7.625263753499273989e-01
1.800000000000000044e+00 4.037428280946388920e-02 7.251405450211795278e-01
1.816666666666666652e+00 2.862732762437134731e-02 6.422635939649993242e-01
1.833333333333333259e+00 1.896549634396391126e-02 4.975100947299198606e-01
1.849999999999999867e+00 1.204365780004068576e-02 3.518933318497994844e-01
1.866666666666666696e+00 7.235718615637262013e-03 2.435103877736594091e-01
1.883333333333333304e+00 3.926644874252038786e-03 1.756112200912880728e-01
1.899999999999999911e+00 1.382011279260992416e-03 1.238396838234845088e-01
1.916666666666666741e+00 -2.013445865307779414e-04 6.806999794501961132e-02
1.933333333333333348e+00 -8.869886522396612733e-04 2.190813229896474978e-01
1.949999999999999956e+00 -7.504055352852360972e-03 1.650251501321980258e-02
1.966666666666666563e+00 -1.437072486013654627e-03 -2.211761243394837484e-01
1.983333333333333393e+00 -1.315178748695691995e-04 -4.311217458040964012e-02
2.000000000000000000e+00 0.000000000000000000e+00 -7.891072492174152839e-03
