0.00000000 8771.94347111 88146.86809764
0.01666667 7408.19288484 75503.20225476
0.03333333 6255.17006261 63833.33257918
0.05000000 5280.41513220 53961.29753338
0.06666667 4456.46014484 45610.59321641
0.08333333 3760.06202498 38547.20438125
0.10000000 3171.55333213 32573.07843160
0.11666667 2674.29274393 27520.60153673
0.13333333 2254.19994757 23247.92300037
0.15000000 1899.36197725 19634.99764229
0.16666667 1599.70002616 16580.23594706
0.18333333 1346.68744568 13997.66866046
0.20000000 1133.11107081 11814.54684196
0.21666667 952.86921762 9969.31050897
0.23333333 800.80072051 8409.86927493
0.25000000 672.54024179 7092.14707305
0.26666667 564.39581808 5978.85041301
0.28333333 473.24522802 5038.42584472
0.30000000 396.44828992 4244.17757321
0.31666667 331.77264225 3573.52063052
0.33333333 277.33093557 3007.34878642
0.35000000 231.52768270 2529.49957649
0.36666667 193.01428302 2126.30153195
0.38333333 160.65096497 1786.19098573
0.40000000 133.47458349 1499.38776835
0.41666667 110.67137269 1257.62074766
0.43333333 91.55389191 1323.19688265
0.45000000 66.56480993 1898.87049427
0.46666667 28.25820876 1379.77365818
0.48333333 20.57235466 315.20465968
0.50000000 17.75138677 169.25807319
0.51666667 14.93041889 142.89922027
0.53333333 12.98807943 116.54036735
0.55000000 11.04573998 70.26843116
0.56666667 10.64579839 33.20634300
0.58333333 9.93886188 43.72288204
0.60000000 9.18836899 43.73466433
0.61666667 8.48103973 41.51755374
0.63333333 7.80445053 40.44541657
0.65000000 7.13285918 40.41512637
0.66666667 6.45727966 40.14913859
0.68333333 5.79455456 38.78179398
0.70000000 5.16455319 36.48383145
0.71666667 4.57842685 33.81783418
0.73333333 4.03729205 31.22958418
0.75000000 3.53744071 28.90114310
0.76666667 3.07392061 26.85259655
0.78333333 2.64235415 25.07831867
0.80000000 2.23797666 23.56089247
0.81666667 1.85699107 22.06209341
0.83333333 1.50257354 20.30316100
0.85000000 1.18021904 18.28705381
0.86666667 0.89300508 16.20799206
0.88333333 0.63995264 14.16681487
0.90000000 0.42077792 12.23943015
0.91666667 0.23197163 10.45489382
0.93333333 0.07228146 8.79188448
0.95000000 -0.06109118 7.28702513
0.96666667 -0.17061938 6.06958469
0.98333333 -0.26341067 5.21741797
1.00000000 -0.34453331 4.70988677
1.01666667 -0.42040690 4.49978249
1.03333333 -0.49452606 4.43424674
1.05000000 -0.56821512 4.25678905
1.06666667 -0.63641903 3.89709839
1.08333333 -0.69811840 3.52472064
1.10000000 -0.75390971 3.26521730
1.11666667 -0.80695898 3.15578017
1.13333333 -0.85910239 3.19833726
1.15000000 -0.91357022 3.39428866
1.16666667 -0.97224534 3.65052467
1.18333333 -1.03525438 3.86273013
1.20000000 -1.10100301 3.95550500
1.21666667 -1.16710454 3.92487950
1.23333333 -1.23183233 3.75808017
1.25000000 -1.29237388 3.40766562
1.26666667 -1.34542118 2.84465770
1.28333333 -1.38719581 2.15161336
1.30000000 -1.41714163 1.45437103
1.31666667 -1.43567484 0.81028499
1.33333333 -1.44415113 0.17815613
1.35000000 -1.44161338 -0.48048863
1.36666667 -1.42813484 -1.16204528
1.38333333 -1.40287854 -1.83956863
1.40000000 -1.36681589 -2.47555242
1.41666667 -1.32036012 -3.04427290
1.43333333 -1.26534012 -3.51030306
1.45000000 -1.20335002 -3.85555199
1.46666667 -1.13682172 -4.09849844
1.48333333 -1.06673341 -4.26453274
1.50000000 -0.99467063 -4.33689374
1.51666667 -0.92217028 -4.29381810
1.53333333 -0.85154336 -4.15309282
1.55000000 -0.78373385 -3.97922248
1.56666667 -0.71890261 -3.80000095
1.58333333 -0.65706716 -3.60027377
1.60000000 -0.59889349 -3.36228981
1.61666667 -0.54499083 -3.09437566
1.63333333 -0.49574763 -2.81005271
1.65000000 -0.45132240 -2.51606245
1.66666667 -0.41187888 -2.21859667
1.68333333 -0.37736918 -1.93479344
1.70000000 -0.34738577 -1.68558524
1.71666667 -0.32118301 -1.48672126
1.73333333 -0.29782839 -1.35095445
1.75000000 -0.27615119 -1.27727751
1.76666667 -0.25525248 -1.23910530
1.78333333 -0.23484768 -1.20308229
1.80000000 -0.21514973 -1.15558451
1.81666667 -0.19632820 -1.09748079
1.83333333 -0.17856704 -1.04248368
1.85000000 -0.16157874 -1.00258013
1.86666667 -0.14514770 -0.97529973
1.88333333 -0.12906875 -0.95663284
1.90000000 -0.11325994 -0.95506748
1.91666667 -0.09723317 -0.98626317
1.93333333 -0.08038450 -2.54489619
1.95000000 -0.01240330 -2.37417089
1.96666667 -0.00124547 -0.36855528
1.98333333 -0.00011812 -0.03736418
2.00000000 0.00000000 0.02318981
