0.00000000 31787.3 316851
0.01666667 26883.8 271571
0.03333333 22735 229771
0.05000000 19224.8 194397
0.06666667 16255.1 164462
0.08333333 13742.7 139129
0.10000000 11617.4 117693
0.11666667 9819.64 99553.1
0.13333333 8298.99 84204
0.15000000 7012.84 71216.5
0.16666667 5925.1 60227.7
0.18333333 5005.25 50930.4
0.20000000 4227.42 43064.4
0.21666667 3569.76 36409.8
0.23333333 3013.76 30780.3
0.25000000 2543.75 26018.2
0.26666667 2146.49 21990.1
0.28333333 1810.75 18583.1
0.30000000 1527.05 15701.7
0.31666667 1287.36 13264.8
0.33333333 1084.89 11204.2
0.35000000 913.887 9461.86
0.36666667 769.493 7988.78
0.38333333 647.594 6743.48
0.40000000 544.71 5690.87
0.41666667 457.898 4801.25
0.43333333 384.669 4049.47
0.45000000 322.916 3414.28
0.46666667 270.86 2877.68
0.48333333 226.993 2424.46
0.50000000 190.044 2041.73
0.51666667 158.936 1718.6
0.53333333 132.758 1445.85
0.55000000 110.741 1215.68
0.56666667 92.2348 1021.51
0.58333333 76.6904 857.745
0.60000000 63.6432 719.678
0.61666667 52.7011 603.318
0.63333333 43.5326 505.291
0.65000000 35.8581 565.91
0.66666667 24.669 671.345
0.68333333 13.4799 446.78
0.70000000 9.77631 171.026
0.71666667 7.77903 119.837
0.73333333 5.78175 71.4302
0.75000000 5.39802 30.6789
0.76666667 4.75912 39.4416
0.78333333 4.0833 38.8115
0.80000000 3.4654 34.7926
0.81666667 2.92355 30.781
0.83333333 2.43937 27.8378
0.85000000 1.99562 25.4927
0.86666667 1.58961 23.2451
0.88333333 1.22079 21.2475
0.90000000 0.88136 19.7602
0.91666667 0.562113 18.6717
0.93333333 0.258969 17.6567
0.95000000 -0.0264437 16.3868
0.96666667 -0.287256 14.7241
0.98333333 -0.517247 12.8201
1.00000000 -0.714593 10.9321
1.01666667 -0.881649 9.24322
1.03333333 -1.0227 7.85764
1.05000000 -1.14357 6.79698
1.06666667 -1.24927 5.93081
1.08333333 -1.34126 5.07452
1.10000000 -1.41842 4.17657
1.11666667 -1.48048 3.27332
1.13333333 -1.52753 2.38251
1.15000000 -1.5599 1.50034
1.16666667 -1.57754 0.603255
1.18333333 -1.58001 -0.310617
1.20000000 -1.56718 -1.18407
1.21666667 -1.54054 -1.93587
1.23333333 -1.50266 -2.5022
1.25000000 -1.45713 -2.8659
1.26666667 -1.40713 -3.01557
1.28333333 -1.35661 -2.9999
1.30000000 -1.30713 -2.97052
1.31666667 -1.2576 -3.03924
1.33333333 -1.20582 -3.17666
1.35000000 -1.15171 -3.30567
1.36666667 -1.09563 -3.39704
1.38333333 -1.03847 -3.44424
1.40000000 -0.980824 -3.43083
1.41666667 -0.924112 -3.34788
1.43333333 -0.869228 -3.19677
1.45000000 -0.817553 -2.97845
1.46666667 -0.769946 -2.73191
1.48333333 -0.72649 -2.49883
1.50000000 -0.686652 -2.29947
1.51666667 -0.649841 -2.14656
1.53333333 -0.6151 -2.06267
1.55000000 -0.581085 -2.03196
1.56666667 -0.547368 -2.01202
1.58333333 -0.514018 -1.99448
1.60000000 -0.480886 -2.00067
1.61666667 -0.447329 -2.03041
1.63333333 -0.413205 -2.05388
1.65000000 -0.378866 -2.03141
1.66666667 -0.345492 -1.94024
1.68333333 -0.314192 -1.79101
1.70000000 -0.285791 -1.62188
1.71666667 -0.260129 -1.4765
1.73333333 -0.236575 -1.36951
1.75000000 -0.214478 -1.29666
1.76666667 -0.193353 -1.24741
1.78333333 -0.172898 -1.20389
1.80000000 -0.153223 -1.15063
1.81666667 -0.134544 -1.08801
1.83333333 -0.116956 -1.0235
1.85000000 -0.100427 -0.961277
1.86666667 -0.0849138 -0.89816
1.88333333 -0.0704886 -0.829563
1.90000000 -0.0572617 -0.757103
1.91666667 -0.0452518 -0.687125
1.93333333 -0.0343575 -1.19913
1.95000000 -0.00528091 -1.01618
1.96666667 -0.000484784 -0.157199
1.98333333 -4.0932e-05 -0.0145435
2.00000000 0 0.00963155
