0.000000000000000000e+00 6.218622943158898124e+02 1.057337215071520404e+03
1.666666666666666644e-02 6.042400073980311390e+02 1.057337215071516994e+03
3.333333333333333287e-02 5.866177204801725793e+02 1.057337215071513583e+03
5.000000000000000278e-02 5.689954335623140196e+02 1.057337215071516994e+03
6.666666666666666574e-02 5.513731466444553462e+02 1.057337215071520404e+03
8.333333333333332871e-02 5.337508597265966728e+02 1.057337215071516994e+03
1.000000000000000056e-01 5.161285728087381131e+02 1.057337215071520404e+03
1.166666666666666685e-01 4.985062858908793260e+02 1.057337215071520404e+03
1.333333333333333315e-01 4.808839989730207662e+02 1.057337215071516994e+03
1.499999999999999944e-01 4.632617120551620928e+02 1.057337215071518813e+03
1.666666666666666574e-01 4.456394251373034763e+02 1.057337215071518813e+03
1.833333333333333204e-01 4.280171382194448029e+02 1.057337215071518813e+03
2.000000000000000111e-01 4.103948513015861863e+02 1.057337215071518813e+03
2.166666666666666741e-01 3.927725643837275129e+02 1.057337215071518813e+03
2.333333333333333370e-01 3.751502774658688963e+02 1.057337215071516994e+03
2.500000000000000000e-01 3.575279905480102798e+02 1.057337215071518813e+03
2.666666666666666630e-01 3.399057036301516064e+02 1.057337215071518813e+03
2.833333333333333259e-01 3.222834167122929898e+02 1.057337215071516994e+03
2.999999999999999889e-01 3.046611297944343733e+02 1.057337215071516994e+03
3.166666666666666519e-01 2.870388428765757567e+02 1.057337215071518813e+03
3.333333333333333148e-01 2.694165559587170833e+02 1.057337215071518813e+03
3.499999999999999778e-01 2.517942690408584667e+02 1.057337215071516994e+03
3.666666666666666408e-01 2.341719821229998502e+02 1.057337215071517903e+03
3.833333333333333037e-01 2.165496952051412052e+02 1.057337215071520404e+03
4.000000000000000222e-01 1.989274082872825034e+02 1.057337215071520404e+03
4.166666666666666852e-01 1.813051213694238584e+02 1.057337215071517903e+03
4.333333333333333481e-01 1.636828344515652418e+02 1.057337215071517903e+03
4.500000000000000111e-01 1.460605475337065968e+02 1.057337215071518813e+03
4.666666666666666741e-01 1.284382606158479518e+02 1.057337215071517903e+03
4.833333333333333370e-01 1.108159736979893353e+02 1.057337215071517903e+03
5.000000000000000000e-01 9.319368678013069029e+01 1.057337215071516539e+03
5.166666666666666075e-01 7.557139986227211637e+01 1.057337215071518131e+03
5.333333333333333259e-01 5.794911294441342164e+01 6.789824240493596790e+02
5.500000000000000444e-01 5.293865239396012612e+01 5.038906603677980911e+02
5.666666666666666519e-01 4.115275759882015194e+01 6.141336486239639498e+02
5.833333333333333703e-01 3.246753077316132874e+01 4.589187808074660211e+02
5.999999999999999778e-01 2.585546490523795171e+01 3.523518159609853342e+02
6.166666666666666963e-01 2.072247024112848379e+01 2.774020921690541854e+02
6.333333333333333037e-01 1.660872849960281172e+01 2.210566786609765018e+02
6.500000000000000222e-01 1.335391428576260076e+01 1.765013201949938946e+02
6.666666666666666297e-01 1.072535115976968179e+01 1.418598907771784070e+02
6.833333333333333481e-01 8.625251259856653974e+00 1.142704340580187363e+02
6.999999999999999556e-01 6.916336691169057360e+00 9.246038197056539332e+01
7.166666666666666741e-01 5.543238527504474433e+00 7.529857728829544783e+01
7.333333333333332815e-01 4.406384114892542669e+00 6.312201184854790625e+01
7.500000000000000000e-01 3.439171465886210921e+00 5.506760527735018940e+01
7.666666666666666075e-01 2.570797272314202964e+00 4.959555508283204972e+01
7.833333333333333259e-01 1.785986296458475842e+00 4.488963866642190936e+01
8.000000000000000444e-01 1.074475983433472726e+00 3.957147280914252718e+01
8.166666666666666519e-01 4.669372028203915836e-01 3.298741154963353495e+01
8.333333333333333703e-01 -2.510440155431180320e-02 2.597807054275998695e+01
8.499999999999999778e-01 -3.989984819382746406e-01 1.917178519048973939e+01
8.666666666666666963e-01 -6.641639079039698412e-01 1.301642908907575169e+01
8.833333333333333037e-01 -8.328794515741330118e-01 7.973191062117584771e+00
9.000000000000000222e-01 -9.299369433078893410e-01 4.470618955882428303e+00
9.166666666666666297e-01 -9.819000834368806219e-01 2.116835816631343015e+00
9.333333333333333481e-01 -1.000498137195600767e+00 2.421047680333254792e-01
9.499999999999999556e-01 -9.899702423713248045e-01 -1.647644703977232394e+00
9.666666666666666741e-01 -9.455766470630263543e-01 -3.547843001200927660e+00
9.833333333333332815e-01 -8.717088089979605492e-01 -5.029411749319931957e+00
1.000000000000000000e+00 -7.779295887523619557e-01 -5.323677779362617990e+00
1.016666666666666607e+00 -6.942528830192066236e-01 -4.065907034014758281e+00
1.033333333333333215e+00 -6.423993542852033389e-01 -1.973452321060102932e+00
1.050000000000000044e+00 -6.284711389838698592e-01 -2.645779563569772286e-01
1.066666666666666652e+00 -6.335800890733040980e-01 5.728970697049795557e-01
1.083333333333333259e+00 -6.475677079740358444e-01 6.220236576579674104e-01
1.100000000000000089e+00 -6.543142109952363450e-01 -2.274676585206303336e-02
1.116666666666666696e+00 -6.468094824456337433e-01 -1.071872937237540180e+00
1.133333333333333304e+00 -6.185851130873183390e-01 -1.833861455527380224e+00
1.149999999999999911e+00 -5.856807672613877358e-01 -1.912166157070961381e+00
1.166666666666666741e+00 -5.548462411849529596e-01 -1.582567933827632167e+00
1.183333333333333348e+00 -5.329285028004666636e-01 -1.148824014597762400e+00
1.199999999999999956e+00 -5.165521073650275463e-01 -6.422959128026206610e-01
1.216666666666666563e+00 -5.115186390403793082e-01 -9.085733593911515804e-02
1.233333333333333393e+00 -5.135235295003903744e-01 5.453827227454588478e-01
1.250000000000000000e+00 -5.296980631318946031e-01 1.284745514690569523e+00
1.266666666666666607e+00 -5.563483799900760252e-01 1.895055256783233499e+00
1.283333333333333215e+00 -5.928665716913357198e-01 2.174856724751331960e+00
1.300000000000000044e+00 -6.288436041484537498e-01 2.142710016341364820e+00
1.316666666666666652e+00 -6.642902389027145471e-01 1.892006713293689080e+00
1.333333333333333259e+00 -6.919104945915767191e-01 1.526071451193896644e+00
1.350000000000000089e+00 -7.151592872758444352e-01 1.210963289759182659e+00
1.366666666666666696e+00 -7.322759375835494744e-01 9.078284185552742969e-01
1.383333333333333304e+00 -7.454202345610202451e-01 4.759384634253716051e-01
1.399999999999999911e+00 -7.481405530310618612e-01 -2.358417399095680267e-01
1.416666666666666741e+00 -7.375588432307013109e-01 -1.075750524067056180e+00
1.433333333333333348e+00 -7.122822022288266552e-01 -1.755322372579397605e+00
1.449999999999999956e+00 -6.790480974780547241e-01 -2.128419549541440414e+00
1.466666666666666563e+00 -6.413348839107786414e-01 -2.266361812064122905e+00
1.483333333333333393e+00 -6.035027037425839680e-01 -2.280874848333565019e+00
1.500000000000000000e+00 -5.653057222996598075e-01 -2.376908358715280833e+00
1.516666666666666607e+00 -5.242724251187412809e-01 -2.662315807234221676e+00
1.533333333333333215e+00 -4.765618620585190812e-01 -3.088803327802918108e+00
1.550000000000000044e+00 -4.213123141919773440e-01 -3.481901629715056679e+00
1.566666666666666652e+00 -3.604984744013505216e-01 -3.660750666892482741e+00
1.583333333333333259e+00 -2.992872919622279193e-01 -3.601123548031878396e+00
1.600000000000000089e+00 -2.404610228002879158e-01 -3.372109922456754560e+00
1.616666666666666696e+00 -1.868836278803361062e-01 -2.941531389829836307e+00
1.633333333333333304e+00 -1.424099764726267092e-01 -2.335905013142179243e+00
1.649999999999999911e+00 -1.090201274422634703e-01 -1.791426242000968783e+00
1.666666666666666741e+00 -8.269576840592775258e-02 -1.492529895599023382e+00
1.683333333333333348e+00 -5.926913092229602747e-02 -1.375567270988766744e+00
1.699999999999999956e+00 -3.684352603963552547e-02 -1.258975753926457442e+00
1.716666666666666563e+00 -1.730327245808077966e-02 -1.010066621899913919e+00
1.733333333333333393e+00 -3.174638642971731005e-03 -6.089471497843718106e-01
1.750000000000000000e+00 2.994965868064948522e-03 -1.726394431831442255e-01
1.766666666666666607e+00 2.580009463133076456e-03 1.185388393315717076e-01
1.783333333333333215e+00 -9.563287763207752382e-04 2.029444002535775171e-01
1.800000000000000044e+00 -4.184803878652840550e-03 1.652571821600644364e-01
1.816666666666666652e+00 -6.464901514989589495e-03 8.786225682353743238e-02
1.833333333333333259e+00 -7.113545772770755136e-03 7.294066961340698110e-03
1.849999999999999867e+00 -6.708037080367612766e-03 -3.794105042146397183e-02
1.866666666666666696e+00 -5.848844092055289351e-03 -2.190785054439741558e-02
1.883333333333333304e+00 -5.977775395554365580e-03 3.961207290420765137e-02
1.899999999999999911e+00 -7.169246522195544397e-03 1.056026655746789417e-01
1.916666666666666741e+00 -9.497864248043663693e-03 1.327931375924233937e-01
1.933333333333333348e+00 -1.159568444194299108e-02 -1.434195562168174842e-01
1.949999999999999956e+00 -4.717212374149747783e-03 -3.198963329590319704e-01
1.966666666666666563e+00 -9.324733433085929946e-04 -1.385554796419702084e-01
1.983333333333333393e+00 -9.869638608407382818e-05 -2.797420029925778984e-02
2.000000000000000000e+00 0.000000000000000000e+00 -5.921783165044429420e-03
