0.000000000000000000e+00 6.338310660683662263e+02 8.881906846017250245e+02
1.666666666666666644e-02 6.190278879916708092e+02 8.881906846017250245e+02
3.333333333333333287e-02 6.042247099149753922e+02 8.881906846017250245e+02
5.000000000000000278e-02 5.894215318382799751e+02 8.881906846017182033e+02
6.666666666666666574e-02 5.746183537615847854e+02 8.881906846017182033e+02
8.333333333333332871e-02 5.598151756848893683e+02 8.881906846017250245e+02
1.000000000000000056e-01 5.450119976081939512e+02 8.881906846017250245e+02
1.166666666666666685e-01 5.302088195314985342e+02 8.881906846017216139e+02
1.333333333333333315e-01 5.154056414548032308e+02 8.881906846017216139e+02
1.499999999999999944e-01 5.006024633781078137e+02 8.881906846017216139e+02
1.666666666666666574e-01 4.857992853014125103e+02 8.881906846017216139e+02
1.833333333333333204e-01 4.709961072247170932e+02 8.881906846017216139e+02
2.000000000000000111e-01 4.561929291480217898e+02 8.881906846017216139e+02
2.166666666666666741e-01 4.413897510713263728e+02 8.881906846017250245e+02
2.333333333333333370e-01 4.265865729946309557e+02 8.881906846017216139e+02
2.500000000000000000e-01 4.117833949179356523e+02 8.881906846017216139e+02
2.666666666666666630e-01 3.969802168412402352e+02 8.881906846017216139e+02
2.833333333333333259e-01 3.821770387645449318e+02 8.881906846017216139e+02
2.999999999999999889e-01 3.673738606878495148e+02 8.881906846017216139e+02
3.166666666666666519e-01 3.525706826111542114e+02 8.881906846017216139e+02
3.333333333333333148e-01 3.377675045344587943e+02 8.881906846017233192e+02
3.499999999999999778e-01 3.229643264577634341e+02 8.881906846017216139e+02
3.666666666666666408e-01 3.081611483810680738e+02 8.881906846017233192e+02
3.833333333333333037e-01 2.933579703043726568e+02 8.881906846017250245e+02
4.000000000000000222e-01 2.785547922276772397e+02 8.881906846017216139e+02
4.166666666666666852e-01 2.637516141509819363e+02 8.881906846017216139e+02
4.333333333333333481e-01 2.489484360742865192e+02 8.881906846017233192e+02
4.500000000000000111e-01 2.341452579975911590e+02 8.881906846017216139e+02
4.666666666666666741e-01 2.193420799208957988e+02 8.881906846017216139e+02
4.833333333333333370e-01 2.045389018442004385e+02 8.881906846017216139e+02
5.000000000000000000e-01 1.897357237675050783e+02 8.881906846017216139e+02
5.166666666666666075e-01 1.749325456908097181e+02 8.881906846017233192e+02
5.333333333333333259e-01 1.601293676141143010e+02 8.881906846017250245e+02
5.500000000000000444e-01 1.453261895374188839e+02 8.881906846017216139e+02
5.666666666666666519e-01 1.305230114607235805e+02 8.881906846017216139e+02
5.833333333333333703e-01 1.157198333840281634e+02 8.881906846017220687e+02
5.999999999999999778e-01 1.009166553073328458e+02 8.881906846017220687e+02
6.166666666666666963e-01 8.611347723063742876e+01 8.881906846017220687e+02
6.333333333333333037e-01 7.131029915394211116e+01 5.272493950384357504e+02
6.500000000000000222e-01 6.853849739602290470e+01 4.250519406250267593e+02
6.666666666666666297e-01 5.714190113310788632e+01 6.385371978430547415e+02
6.833333333333333481e-01 4.725392413458774854e+01 5.371239844194502666e+02
6.999999999999999556e-01 3.923776831912621077e+01 4.387198844060848160e+02
7.166666666666666741e-01 3.262992798771825420e+01 3.675588625689047149e+02
7.333333333333332815e-01 2.698580623349605290e+01 3.162538733240298825e+02
7.500000000000000000e-01 2.208813221025059192e+01 2.745449293680651977e+02
7.666666666666666075e-01 1.783430858789387941e+01 2.379044285228869455e+02
7.833333333333333259e-01 1.415798459282102684e+01 2.045764508563071331e+02
8.000000000000000444e-01 1.101509355935030854e+01 1.745426487321471427e+02
8.166666666666666519e-01 8.339896301749455176e+00 1.490531516976817556e+02
8.333333333333333703e-01 6.046655169427583409e+00 1.281068308667114479e+02
8.499999999999999778e-01 4.069668606192406557e+00 1.101419690721926514e+02
8.666666666666666963e-01 2.375256200354495029e+00 9.438931879573527794e+01
8.833333333333333037e-01 9.233579796678972329e-01 8.044999858922950864e+01
9.000000000000000222e-01 -3.064104192864884890e-01 6.743097984160587544e+01
9.166666666666666297e-01 -1.324341348385631667e+00 5.506774621493534738e+01
9.333333333333333481e-01 -2.142001959784333387e+00 4.401769522774573318e+01
9.499999999999999556e-01 -2.791597855977156151e+00 3.508845097586823414e+01
9.666666666666666741e-01 -3.311616992313274555e+00 2.854357519981011038e+01
9.833333333333332815e-01 -3.743050362637493134e+00 2.353340676065144166e+01
1.000000000000000000e+00 -4.096063884334989247e+00 1.875136211397365216e+01
1.016666666666666607e+00 -4.368095766436614902e+00 1.355463096351757990e+01
1.033333333333333215e+00 -4.547884916452241910e+00 8.059239338944061970e+00
1.050000000000000044e+00 -4.636737077734750301e+00 2.826883871596201914e+00
1.066666666666666652e+00 -4.642114378838781974e+00 -1.635435729932188664e+00
1.083333333333333259e+00 -4.582222553403677345e+00 -5.123492524828163752e+00
1.100000000000000089e+00 -4.471331294677843182e+00 -7.582138572889620676e+00
1.116666666666666696e+00 -4.329484600974023323e+00 -9.333373985806447948e+00
1.133333333333333304e+00 -4.160218828484294917e+00 -1.124981257978875604e+01
1.149999999999999911e+00 -3.954490848314398121e+00 -1.353469223500769125e+01
1.166666666666666741e+00 -3.709062420650705239e+00 -1.540614042234023096e+01
1.183333333333333348e+00 -3.440952834236390423e+00 -1.635883507528950176e+01
1.199999999999999956e+00 -3.163767918141055180e+00 -1.644785561316631117e+01
1.216666666666666563e+00 -2.892690980464180051e+00 -1.582837442147486762e+01
1.233333333333333393e+00 -2.636155437425226289e+00 -1.493893157558595952e+01
1.250000000000000000e+00 -2.394726594611314763e+00 -1.423891600749303521e+01
1.266666666666666607e+00 -2.161524903842125145e+00 -1.367563437284588623e+01
1.283333333333333215e+00 -1.938872115516451888e+00 -1.303675370900663744e+01
1.300000000000000044e+00 -1.726966446875237260e+00 -1.221710987689736783e+01
1.316666666666666652e+00 -1.531635119619872976e+00 -1.126370853579573961e+01
1.333333333333333259e+00 -1.351509495682045925e+00 -1.031679690632343416e+01
1.350000000000000089e+00 -1.187741889409091867e+00 -9.476718515585545788e+00
1.366666666666666696e+00 -1.035618878495861095e+00 -8.691368625459485742e+00
1.383333333333333304e+00 -8.980296018937756752e-01 -7.689416486905945369e+00
1.399999999999999911e+00 -7.793049955989962418e-01 -6.247211036959092745e+00
1.416666666666666741e+00 -6.897892339951392504e-01 -4.685509905389009688e+00
1.433333333333333348e+00 -6.231213320860292670e-01 -3.416514029713078049e+00
1.449999999999999956e+00 -5.759054330047033154e-01 -2.278450874566277928e+00
1.466666666666666563e+00 -5.471729696004866694e-01 -1.089634639471025457e+00
1.483333333333333393e+00 -5.395842783556691336e-01 -3.915344259717068454e-02
1.500000000000000000e+00 -5.458678548472476466e-01 6.589258474804360333e-01
1.516666666666666607e+00 -5.615484732716836680e-01 9.926177159986859788e-01
1.533333333333333215e+00 -5.789551120472038459e-01 9.222422592276269260e-01
1.550000000000000044e+00 -5.922898819126045655e-01 6.130614995700689462e-01
1.566666666666666652e+00 -5.993904953662061441e-01 3.341485240489827646e-01
1.583333333333333259e+00 -6.034281660475706577e-01 2.482646191689363846e-01
1.600000000000000089e+00 -6.076659826718373569e-01 2.573974531505229812e-01
1.616666666666666696e+00 -6.120080811525880904e-01 2.338108040880937377e-01
1.633333333333333304e+00 -6.154596761414404815e-01 7.105146802108719406e-02
1.649999999999999911e+00 -6.143764634199576635e-01 -2.658979160408481146e-01
1.666666666666666741e+00 -6.065964122734122110e-01 -7.746017057821075191e-01
1.683333333333333348e+00 -5.885564065605540796e-01 -1.306749789121706140e+00
1.699999999999999956e+00 -5.630380859693553397e-01 -1.734002138191792497e+00
1.716666666666666563e+00 -5.307563352874943297e-01 -2.038805426567800616e+00
1.733333333333333393e+00 -4.950779050837619821e-01 -2.194868500871218764e+00
1.750000000000000000e+00 -4.575940519251203709e-01 -2.226091943385684502e+00
1.766666666666666607e+00 -4.208748403042391617e-01 -2.236561635295427841e+00
1.783333333333333215e+00 -3.830419974152727836e-01 -2.340804825814600143e+00
1.800000000000000044e+00 -3.428480127770858199e-01 -2.524519431092235422e+00
1.816666666666666652e+00 -2.988913497121982732e-01 -2.689101637215873808e+00
1.833333333333333259e+00 -2.532112915365566930e-01 -2.682303171043226797e+00
1.849999999999999867e+00 -2.094812440107573781e-01 -2.426522373330740834e+00
1.866666666666666696e+00 -1.723272124255320059e-01 -1.991813913639582934e+00
1.883333333333333304e+00 -1.430874468894379470e-01 -1.581491530044837113e+00
1.899999999999999911e+00 -1.196108280907040994e-01 -1.365033560839702176e+00
1.916666666666666741e+00 -9.758632819478120501e-02 -1.356069166773206547e+00
1.933333333333333348e+00 -7.440852253159721541e-02 -2.414497418316873478e+00
1.949999999999999956e+00 -1.710308091755209994e-02 -2.171595036089624120e+00
1.966666666666666563e+00 -2.022021328609750236e-03 -5.085194491328570709e-01
1.983333333333333393e+00 -1.524326131235329354e-04 -6.066063985829250882e-02
2.000000000000000000e+00 0.000000000000000000e+00 -9.145956787411976124e-03
