0.00000000 24031 239880
0.01666667 20318.8 205577
0.03333333 17178.4 173912
0.05000000 14521.8 147116
0.06666667 12274.5 124441
0.08333333 10373.7 105255
0.10000000 8766.04 89020.7
0.11666667 7406.37 75284.7
0.13333333 6256.55 63663
0.15000000 5284.27 53830.6
0.16666667 4462.2 45512.3
0.18333333 3767.2 38475.4
0.20000000 3179.69 32522.8
0.21666667 2683.1 27487.7
0.23333333 2263.43 23228.9
0.25000000 1908.81 19627.1
0.26666667 1609.2 16581
0.28333333 1356.11 14005.3
0.30000000 1142.35 11827.3
0.31666667 961.862 9985.97
0.33333333 809.489 8429.35
0.35000000 680.884 7113.59
0.36666667 572.369 6001.56
0.38333333 480.832 5061.84
0.40000000 403.641 4267.85
0.41666667 338.57 3597.11
0.43333333 283.738 3030.58
0.45000000 237.551 2552.16
0.46666667 198.666 2148.25
0.48333333 165.943 1807.31
0.50000000 138.422 1519.6
0.51666667 115.289 1276.88
0.53333333 95.859 1072.18
0.55000000 79.5501 899.598
0.56666667 65.8724 754.148
0.58333333 54.4118 631.614
0.60000000 44.8186 757.385
0.61666667 29.1656 815.153
0.63333333 17.6468 433.417
0.65000000 14.7184 261.34
0.66666667 8.93548 199.56
0.68333333 8.06641 52.1442
0.70000000 7.19734 48.8625
0.71666667 6.43766 48.6055
0.73333333 5.57716 50.3131
0.75000000 4.76056 46.3233
0.76666667 4.03305 41.1984
0.78333333 3.38728 36.9457
0.80000000 2.80153 33.8004
0.81666667 2.2606 31.2067
0.83333333 1.76131 28.7625
0.85000000 1.30185 26.4594
0.86666667 0.879324 24.2974
0.88333333 0.491938 22.2257
0.90000000 0.138467 20.2082
0.91666667 -0.18167 18.2376
0.93333333 -0.469452 16.3448
0.95000000 -0.726497 14.5587
0.96666667 -0.954742 12.8927
0.98333333 -1.15625 11.3257
1.00000000 -1.33227 9.8133
1.01666667 -1.48336 8.33478
1.03333333 -1.61009 6.92868
1.05000000 -1.71432 5.6438
1.06666667 -1.79822 4.45031
1.08333333 -1.86266 3.28899
1.10000000 -1.90785 2.1963
1.11666667 -1.93587 1.26155
1.13333333 -1.9499 0.500933
1.15000000 -1.95257 -0.166365
1.16666667 -1.94436 -0.850134
1.18333333 -1.92423 -1.61837
1.20000000 -1.89041 -2.43628
1.21666667 -1.84302 -3.14511
1.23333333 -1.78558 -3.5847
1.25000000 -1.72353 -3.72373
1.26666667 -1.66145 -3.67449
1.28333333 -1.60105 -3.60187
1.30000000 -1.54139 -3.61853
1.31666667 -1.48043 -3.76148
1.33333333 -1.41601 -3.98784
1.35000000 -1.3475 -4.19715
1.36666667 -1.2761 -4.32542
1.38333333 -1.20332 -4.35506
1.40000000 -1.13093 -4.29207
1.41666667 -1.06026 -4.16442
1.43333333 -0.992118 -4.0153
1.45000000 -0.926412 -3.87585
1.46666667 -0.862923 -3.75468
1.48333333 -0.801256 -3.64956
1.50000000 -0.741271 -3.53546
1.51666667 -0.683407 -3.37888
1.53333333 -0.628642 -3.19058
1.55000000 -0.577055 -3.02012
1.56666667 -0.527971 -2.89593
1.58333333 -0.480524 -2.80887
1.60000000 -0.434342 -2.72147
1.61666667 -0.389808 -2.59641
1.63333333 -0.347795 -2.41407
1.65000000 -0.309339 -2.17818
1.66666667 -0.275189 -1.91088
1.68333333 -0.245643 -1.64059
1.70000000 -0.220503 -1.39624
1.71666667 -0.199102 -1.20121
1.73333333 -0.180462 -1.06585
1.75000000 -0.163573 -0.982755
1.76666667 -0.147704 -0.93211
1.78333333 -0.132503 -0.890007
1.80000000 -0.118037 -0.837214
1.81666667 -0.104596 -0.766625
1.83333333 -0.0924827 -0.684443
1.85000000 -0.0817812 -0.602797
1.86666667 -0.0723895 -0.53242
1.88333333 -0.0640339 -0.482759
1.90000000 -0.0562975 -0.463743
1.91666667 -0.0485758 -0.480487
1.93333333 -0.0402813 -1.26384
1.95000000 -0.00644785 -1.18885
1.96666667 -0.000653092 -0.191525
1.98333333 -6.3676e-05 -0.0195927
2.00000000 0 0.0119518
