0.000000000000000000e+00 1.717729103150224148e+02 2.766020954847448365e+02
1.666666666666666644e-02 1.671628753902766675e+02 2.766020954847431312e+02
3.333333333333333287e-02 1.625528404655309771e+02 2.766020954847431312e+02
5.000000000000000278e-02 1.579428055407852298e+02 2.766020954847439839e+02
6.666666666666666574e-02 1.533327706160395110e+02 2.766020954847431312e+02
8.333333333333332871e-02 1.487227356912937921e+02 2.766020954847439839e+02
1.000000000000000056e-01 1.441127007665480448e+02 2.766020954847448365e+02
1.166666666666666685e-01 1.395026658418022976e+02 2.766020954847439839e+02
1.333333333333333315e-01 1.348926309170565787e+02 2.766020954847431312e+02
1.499999999999999944e-01 1.302825959923108599e+02 2.766020954847431312e+02
1.666666666666666574e-01 1.256725610675651410e+02 2.766020954847439839e+02
1.833333333333333204e-01 1.210625261428193937e+02 2.766020954847439839e+02
2.000000000000000111e-01 1.164524912180736749e+02 2.766020954847435860e+02
2.166666666666666741e-01 1.118424562933279418e+02 2.766020954847439839e+02
2.333333333333333370e-01 1.072324213685822087e+02 2.766020954847435860e+02
2.500000000000000000e-01 1.026223864438364899e+02 2.766020954847435860e+02
2.666666666666666630e-01 9.801235151909075682e+01 2.766020954847439839e+02
2.833333333333333259e-01 9.340231659434502376e+01 2.766020954847435860e+02
2.999999999999999889e-01 8.879228166959930491e+01 2.766020954847435860e+02
3.166666666666666519e-01 8.418224674485357184e+01 2.766020954847439839e+02
3.333333333333333148e-01 7.957221182010783878e+01 2.766020954847439839e+02
3.499999999999999778e-01 7.496217689536210571e+01 2.766020954847435860e+02
3.666666666666666408e-01 7.035214197061638686e+01 2.766020954847435860e+02
3.833333333333333037e-01 6.574210704587065379e+01 2.766020954847444386e+02
4.000000000000000222e-01 6.113207212112490652e+01 2.766020954847439839e+02
4.166666666666666852e-01 5.652203719637918766e+01 2.766020954847435860e+02
4.333333333333333481e-01 5.191200227163345460e+01 2.766020954847439839e+02
4.500000000000000111e-01 4.730196734688772153e+01 2.766020954847435860e+02
4.666666666666666741e-01 4.269193242214200268e+01 2.766020954847435860e+02
4.833333333333333370e-01 3.808189749739626961e+01 2.766020954847437565e+02
5.000000000000000000e-01 3.347186257265054365e+01 2.766020954847431312e+02
5.166666666666666075e-01 2.886182764790483191e+01 2.766020954847437565e+02
5.333333333333333259e-01 2.425179272315908463e+01 2.766020954847447229e+02
5.500000000000000444e-01 1.964175779841334091e+01 2.766020954847436428e+02
5.666666666666666519e-01 1.503172287366762916e+01 2.766020954847436428e+02
5.833333333333333703e-01 1.042168794892188544e+01 2.346657054328769334e+02
5.999999999999999778e-01 7.209532692571731793e+00 1.714843461517433809e+02
6.166666666666666963e-01 4.705543077197106072e+00 1.360299324711367035e+02
6.333333333333333037e-01 2.675201610200508284e+00 1.112338929926877711e+02
6.500000000000000222e-01 9.977466441075136805e-01 9.243964699012471442e+01
6.666666666666666297e-01 -4.061199561369823186e-01 7.762938804882337251e+01
6.833333333333333481e-01 -1.589899624186598803e+00 6.532041450917461134e+01
6.999999999999999556e-01 -2.583467106442802752e+00 5.439878457437890802e+01
7.166666666666666741e-01 -3.403192443332562434e+00 4.441009942929794363e+01
7.333333333333332815e-01 -4.063803754086067421e+00 3.528469133459690710e+01
7.500000000000000000e-01 -4.579348821152459337e+00 2.692582658684878183e+01
7.666666666666666075e-01 -4.961331306981026756e+00 1.954052857882042815e+01
7.833333333333333259e-01 -5.230699773779806883e+00 1.342180797267529258e+01
8.000000000000000444e-01 -5.408724906070203176e+00 8.677724227595717821e+00
8.166666666666666519e-01 -5.519957248032997477e+00 4.839100106199563101e+00
8.333333333333333703e-01 -5.570028242943521946e+00 1.286891999313350965e+00
8.499999999999999778e-01 -5.562853648010109175e+00 -2.022243071175244822e+00
8.666666666666666963e-01 -5.502620140571013785e+00 -4.722012992667394826e+00
8.833333333333333037e-01 -5.405453214921196015e+00 -6.614466885495069448e+00
9.000000000000000222e-01 -5.282137911054511470e+00 -7.728467457920880079e+00
9.166666666666666297e-01 -5.147837632990500012e+00 -8.172011570950656889e+00
9.333333333333333481e-01 -5.009737525356156240e+00 -8.291219693974465343e+00
9.499999999999999556e-01 -4.871463643191351167e+00 -8.454128774907498922e+00
9.666666666666666741e-01 -4.727933232859239610e+00 -8.841456628441344279e+00
9.833333333333332815e-01 -4.576748422243306358e+00 -9.478624978759233599e+00
1.000000000000000000e+00 -4.411979066900598490e+00 -1.008649694061326763e+01
1.016666666666666607e+00 -4.240531857556197437e+00 -1.045030717003925247e+01
1.033333333333333215e+00 -4.063635494565956741e+00 -1.074504830681822121e+01
1.050000000000000044e+00 -3.882363580662256730e+00 -1.094862308658213657e+01
1.066666666666666652e+00 -3.698681391679885522e+00 -1.089402181098120792e+01
1.083333333333333259e+00 -3.519229520296216496e+00 -1.051033799569989746e+01
1.100000000000000089e+00 -3.348336791823222303e+00 -9.898985338390016153e+00
1.116666666666666696e+00 -3.189263342349882624e+00 -9.265503613834301433e+00
1.133333333333333304e+00 -3.039486671362078951e+00 -8.914859243898357377e+00
1.149999999999999911e+00 -2.892101367553270741e+00 -8.905696644721494692e+00
1.166666666666666741e+00 -2.742630116538029128e+00 -8.958669629178626082e+00
1.183333333333333348e+00 -2.593479046580649872e+00 -8.784203690425851363e+00
1.199999999999999956e+00 -2.449823326857167416e+00 -8.392396122907417322e+00
1.216666666666666563e+00 -2.313732509150402628e+00 -7.821904341395460314e+00
1.233333333333333393e+00 -2.189093182143985405e+00 -7.005584959534325584e+00
1.250000000000000000e+00 -2.080213010499258441e+00 -5.993058265841217924e+00
1.266666666666666607e+00 -1.989324573282611475e+00 -5.060488469423085611e+00
1.283333333333333215e+00 -1.911530061518488921e+00 -4.422791991045212256e+00
1.300000000000000044e+00 -1.841898173581104414e+00 -4.061531637441849085e+00
1.316666666666666652e+00 -1.776145673603760633e+00 -3.862082975271401430e+00
1.333333333333333259e+00 -1.713162074405391033e+00 -3.700979108719686383e+00
1.350000000000000089e+00 -1.652779703313104420e+00 -3.492570609156926409e+00
1.366666666666666696e+00 -1.596743054100160153e+00 -3.232599642022107034e+00
1.383333333333333304e+00 -1.545026381912367519e+00 -2.980027720004243541e+00
1.399999999999999911e+00 -1.497408796766685368e+00 -2.774505791225143625e+00
1.416666666666666741e+00 -1.452542855538196065e+00 -2.660041539126025700e+00
1.433333333333333348e+00 -1.408740745462484512e+00 -2.698186381731644268e+00
1.449999999999999956e+00 -1.362603309480474589e+00 -2.869913473474725585e+00
1.466666666666666563e+00 -1.313076963013326992e+00 -3.051893069049889107e+00
1.483333333333333393e+00 -1.260873540512144952e+00 -3.155531525786809954e+00
1.500000000000000000e+00 -1.207892578820433327e+00 -3.187538324093071029e+00
1.516666666666666607e+00 -1.154622263042375918e+00 -3.191721044774729066e+00
1.533333333333333215e+00 -1.101501877327942358e+00 -3.184263619020248903e+00
1.550000000000000044e+00 -1.048480142408367621e+00 -3.152116477804021155e+00
1.566666666666666652e+00 -9.964313280678083196e-01 -3.107502419581062991e+00
1.583333333333333259e+00 -9.448967284223321883e-01 -3.089209270240189653e+00
1.600000000000000089e+00 -8.934576857264686645e-01 -3.107849139118940229e+00
1.616666666666666696e+00 -8.413017571183675214e-01 -3.132792427720136885e+00
1.633333333333333304e+00 -7.890312714691307683e-01 -3.121797370371732772e+00
1.649999999999999911e+00 -7.372418447726430957e-01 -3.065369121524232021e+00
1.666666666666666741e+00 -6.868523007516563750e-01 -2.998346781286113316e+00
1.683333333333333348e+00 -6.372969520631059925e-01 -2.949455239391791661e+00
1.699999999999999956e+00 -5.885371261052633196e-01 -2.903731313424058325e+00
1.716666666666666563e+00 -5.405059082823040484e-01 -2.844415317334680005e+00
1.733333333333333393e+00 -4.937232821941073269e-01 -2.760469923171502860e+00
1.750000000000000000e+00 -4.484902441765872827e-01 -2.652487282944284264e+00
1.766666666666666607e+00 -4.053070394292978551e-01 -2.528808823795101191e+00
1.783333333333333215e+00 -3.641966167167505763e-01 -2.396937723677698528e+00
1.800000000000000044e+00 -3.254091153067079079e-01 -2.260696278502142498e+00
1.816666666666666652e+00 -2.888400741000125005e-01 -2.128647113220579090e+00
1.833333333333333259e+00 -2.544542115326886011e-01 -1.999643846835205352e+00
1.849999999999999867e+00 -2.221852792055056536e-01 -1.871629309926877482e+00
1.866666666666666696e+00 -1.920665678684593536e-01 -1.747917654464870907e+00
1.883333333333333304e+00 -1.639213573900099585e-01 -1.641386322469467807e+00
1.899999999999999911e+00 -1.373536904528104285e-01 -1.559916634470445151e+00
1.916666666666666741e+00 -1.119241362409951202e-01 -1.498819848981533198e+00
1.933333333333333348e+00 -8.739302882009265805e-02 -2.567438164060881878e+00
1.949999999999999956e+00 -2.634286410563238187e-02 -2.530109558555151406e+00
1.966666666666666563e+00 -3.056043534920951325e-03 -7.830758108381464799e-01
1.983333333333333393e+00 -2.403370776941665568e-04 -9.168130604762854408e-02
2.000000000000000000e+00 0.000000000000000000e+00 -1.442022466164999406e-02
