0.00000000 9138.74878451 86636.18707615
0.01666667 7694.81233324 79887.78175946
0.03333333 6475.82272586 67434.83320994
0.05000000 5446.98455958 56908.72858742
0.06666667 4578.86510628 48012.45570634
0.08333333 3846.56936936 40494.69564031
0.10000000 3229.04191827 34142.80025923
0.11666667 2708.47602739 28776.84845943
0.13333333 2269.81363629 24244.61543844
0.15000000 1900.32217944 20417.31480009
0.16666667 1589.23647629 17185.99480444
0.18333333 1327.45568596 14458.48830117
0.20000000 1107.28686625 12156.83131041
0.21666667 922.22797561 10215.07827258
0.23333333 766.78425716 8577.45304155
0.25000000 636.31287423 7196.78405058
0.26666667 526.89145547 6033.18000031
0.28333333 435.20687422 5052.90912079
0.30000000 358.46115145 4227.45073385
0.31666667 294.29184976 3532.69264481
0.33333333 240.70472995 2948.25195803
0.35000000 196.01678449 3459.03628098
0.36666667 125.40352059 3647.77205925
0.38333333 74.42438251 1677.81410429
0.40000000 69.47638378 774.70143474
0.41666667 48.60100136 830.95240080
0.43333333 41.77797042 257.34986492
0.45000000 40.02267253 178.49150994
0.46666667 35.82825342 259.93723551
0.48333333 31.35809801 256.38437212
0.50000000 27.28210768 229.98671502
0.51666667 23.69187417 204.32859850
0.53333333 20.47115440 187.58867559
0.55000000 17.43891832 178.07130146
0.56666667 14.53544435 169.57767900
0.58333333 11.78632902 159.01417095
0.60000000 9.23497199 147.11193206
0.61666667 6.88259795 135.15729683
0.63333333 4.72972876 123.88261689
0.65000000 2.75317739 113.90054586
0.66666667 0.93304390 105.00697389
0.68333333 -0.74705507 96.55332292
0.70000000 -2.28540020 88.00347983
0.71666667 -3.68050440 79.22882350
0.73333333 -4.92636098 70.18861641
0.75000000 -6.02012495 60.94804204
0.76666667 -6.95796239 51.83381176
0.78333333 -7.74791867 43.31598788
0.80000000 -8.40182865 35.61383096
0.81666667 -8.93504637 28.77231157
0.83333333 -9.36090570 22.77383517
0.85000000 -9.69417421 17.27426665
0.86666667 -9.93671459 11.62230303
0.88333333 -10.08158431 5.59414806
0.90000000 -10.12318619 -0.36117457
0.91666667 -10.06954516 -5.44153331
0.93333333 -9.94180175 -8.98340489
0.95000000 -9.77009833 -11.01122193
0.96666667 -9.57476102 -12.38618520
0.98333333 -9.35722549 -14.10149261
1.00000000 -9.10471126 -16.40120338
1.01666667 -8.81051871 -18.64830262
1.03333333 -8.48310117 -20.04938904
1.05000000 -8.14220574 -20.34858201
1.06666667 -7.80481511 -19.87932051
1.08333333 -7.47956173 -19.40860628
1.10000000 -7.15786157 -19.81069500
1.11666667 -6.81920523 -21.35269576
1.13333333 -6.44610504 -23.47907098
1.15000000 -6.03656953 -25.47812938
1.16666667 -5.59683406 -26.77787898
1.18333333 -5.14397356 -26.96983866
1.20000000 -4.69783944 -26.03129520
1.21666667 -4.27626372 -24.28572160
1.23333333 -3.88831539 -22.17895942
1.25000000 -3.53696507 -20.23579204
1.26666667 -3.21378898 -18.91822744
1.28333333 -2.90635749 -18.33421997
1.30000000 -2.60264832 -18.29711003
1.31666667 -2.29645382 -18.39584344
1.33333333 -1.98945354 -18.08287153
1.35000000 -1.69369144 -16.99121057
1.36666667 -1.42307985 -15.16936081
1.38333333 -1.18804608 -12.91137253
1.40000000 -0.99270077 -10.60195777
1.41666667 -0.83464749 -8.63707714
1.43333333 -0.70479820 -7.29158540
1.45000000 -0.59159464 -6.53107506
1.46666667 -0.48709569 -6.12315903
1.48333333 -0.38748934 -5.82403436
1.50000000 -0.29296121 -5.39932171
1.51666667 -0.20751195 -4.68802480
1.53333333 -0.13669372 -3.62955211
1.55000000 -0.08652688 -2.26840370
1.56666667 -0.06108026 -0.81685015
1.58333333 -0.05929854 0.38127963
1.60000000 -0.07378959 1.08291513
1.61666667 -0.09539571 1.29912334
1.63333333 -0.11709370 1.20031081
1.65000000 -0.13540607 0.97073075
1.66666667 -0.14945139 0.75729127
1.68333333 -0.16064911 0.62844619
1.70000000 -0.17039960 0.61720544
1.71666667 -0.18122263 0.72387360
1.73333333 -0.19452872 0.88832093
1.75000000 -0.21083333 1.01276577
1.76666667 -0.22828757 1.02252408
1.78333333 -0.24491746 0.88991248
1.80000000 -0.25795132 0.61212732
1.81666667 -0.26532171 0.21091059
1.83333333 -0.26498168 -0.23396797
1.85000000 -0.25752277 -0.61440469
1.86666667 -0.24450152 -0.88409904
1.88333333 -0.22805281 -1.08405503
1.90000000 -0.20836635 -1.29870872
1.91666667 -0.18476252 -1.57022759
1.93333333 -0.15602543 -5.09778458
1.95000000 -0.01483636 -4.62856018
1.96666667 -0.00174009 -0.43986350
1.98333333 -0.00017425 -0.05220282
2.00000000 0.00000000 -0.01045476
