0.000000000000000000e+00 8.478462103679884194e+02 1.850362685105144465e+03
1.666666666666666644e-02 8.170068322829026783e+02 1.850362685105141054e+03
3.333333333333333287e-02 7.861674541978170510e+02 1.850362685105137643e+03
5.000000000000000278e-02 7.553280761127314236e+02 1.850362685105137643e+03
6.666666666666666574e-02 7.244886980276457962e+02 1.850362685105137643e+03
8.333333333333332871e-02 6.936493199425601688e+02 1.850362685105137643e+03
1.000000000000000056e-01 6.628099418574745414e+02 1.850362685105141054e+03
1.166666666666666685e-01 6.319705637723888003e+02 1.850362685105137643e+03
1.333333333333333315e-01 6.011311856873032866e+02 1.850362685105137643e+03
1.499999999999999944e-01 5.702918076022175455e+02 1.850362685105137643e+03
1.666666666666666574e-01 5.394524295171320318e+02 1.850362685105137643e+03
1.833333333333333204e-01 5.086130514320462908e+02 1.850362685105141054e+03
2.000000000000000111e-01 4.777736733469606634e+02 1.850362685105137643e+03
2.166666666666666741e-01 4.469342952618750360e+02 1.850362685105139462e+03
2.333333333333333370e-01 4.160949171767893517e+02 1.850362685105139462e+03
2.500000000000000000e-01 3.852555390917037244e+02 1.850362685105137643e+03
2.666666666666666630e-01 3.544161610066180970e+02 1.850362685105137643e+03
2.833333333333333259e-01 3.235767829215324696e+02 1.850362685105139462e+03
2.999999999999999889e-01 2.927374048364467853e+02 1.850362685105139462e+03
3.166666666666666519e-01 2.618980267513611579e+02 1.850362685105137643e+03
3.333333333333333148e-01 2.310586486662755306e+02 1.850362685105137643e+03
3.499999999999999778e-01 2.002192705811899032e+02 1.850362685105138553e+03
3.666666666666666408e-01 1.693798924961042474e+02 1.850362685105138553e+03
3.833333333333333037e-01 1.385405144110186200e+02 1.850362685105141509e+03
4.000000000000000222e-01 1.077011363259328647e+02 1.850362685105141964e+03
4.166666666666666852e-01 7.686175824084722308e+01 1.850362685105138326e+03
4.333333333333333481e-01 4.602238015576158858e+01 1.850362685105138098e+03
4.500000000000000111e-01 1.518300207067595053e+01 1.292698958282742979e+03
4.666666666666666741e-01 2.932414879670151464e+00 5.136918413336398999e+02
4.833333333333333370e-01 -1.940059307112047549e+00 1.654660065290813122e+02
5.000000000000000000e-01 -2.583118671299225788e+00 -1.559945653910821939e+01
5.166666666666666075e-01 -1.420077422475106932e+00 -4.964269189456553022e+01
5.333333333333333259e-01 -9.283622748137080327e-01 1.039934694803445581e+01
5.500000000000000444e-01 -1.766722320742922125e+00 7.468111647620814608e+01
5.666666666666666519e-01 -3.417732824020646376e+00 1.028394365430279720e+02
5.833333333333333703e-01 -5.194703538843854496e+00 1.044187763373970057e+02
5.999999999999999778e-01 -6.898358701933879900e+00 8.607966136210012564e+01
6.166666666666666963e-01 -8.064025584247191958e+00 4.749070633854861967e+01
6.333333333333333037e-01 -8.481382246552167103e+00 3.709588309383740068e+00
6.500000000000000222e-01 -8.187678527893316627e+00 -3.157811742296487267e+01
6.666666666666666297e-01 -7.428778332453338074e+00 -4.833581644417964895e+01
6.833333333333333481e-01 -6.576484646420661662e+00 -4.609250506979320505e+01
6.999999999999999556e-01 -5.892361496793564690e+00 -3.931882570721415249e+01
7.166666666666666741e-01 -5.265857122846856697e+00 -3.849079443471111972e+01
7.333333333333332815e-01 -4.609335015636527366e+00 -3.466854657490554104e+01
7.500000000000000000e-01 -4.110238903683338663e+00 -2.790628966753921247e+01
7.666666666666666075e-01 -3.679125360051886950e+00 -2.020817708192149809e+01
7.833333333333333259e-01 -3.436633000952622030e+00 -9.738226634618213140e+00
8.000000000000000444e-01 -3.354517805564613209e+00 -6.319084649803250464e+00
8.166666666666666519e-01 -3.225996845959180348e+00 -1.049594113478176993e+01
8.333333333333333703e-01 -3.004653101071887544e+00 -7.000355618169793459e+00
8.499999999999999778e-01 -2.992651658686853899e+00 2.860955373845053273e-01
8.666666666666666963e-01 -3.014189618984704389e+00 -2.075783846441945357e+00
8.833333333333333037e-01 -2.923458863805455721e+00 -5.544062465646844018e+00
9.000000000000000222e-01 -2.829387536796476255e+00 -3.290918731263716701e+00
9.166666666666666297e-01 -2.813761572763331831e+00 -2.901158947024202739e+00
9.333333333333333481e-01 -2.732682238562336163e+00 -6.285732478624201924e+00
9.499999999999999556e-01 -2.604237156809191767e+00 -9.072244155099671303e+00
9.666666666666666741e-01 -2.430274100059013787e+00 -1.438988491360683852e+01
9.833333333333332815e-01 -2.124574326355630483e+00 -1.786825642544837223e+01
1.000000000000000000e+00 -1.834665552544068046e+00 -1.477256092309640323e+01
1.016666666666666607e+00 -1.632155628919083723e+00 -1.002186117743389282e+01
1.033333333333333215e+00 -1.500603513296271618e+00 -1.007088569633197217e+01
1.050000000000000044e+00 -1.296459439041351303e+00 -1.123273192196465864e+01
1.066666666666666652e+00 -1.126179115897449678e+00 -9.592777360776089779e+00
1.083333333333333259e+00 -9.767001936821483321e-01 -8.274020152679742779e+00
1.100000000000000089e+00 -8.503784441414582451e-01 -6.943717947764714182e+00
1.116666666666666696e+00 -7.452429287566578742e-01 -8.561359788668575277e+00
1.133333333333333304e+00 -5.649997845191724322e-01 -1.133207361278939729e+01
1.149999999999999911e+00 -3.675071416636779831e-01 -8.623135803653855902e+00
1.166666666666666741e+00 -2.775619243973772576e-01 -1.485832913976131264e+00
1.183333333333333348e+00 -3.179793778644736113e-01 -1.420411166282439908e+00
1.199999999999999956e+00 -2.302148855212959311e-01 -5.440854828486663131e+00
1.216666666666666563e+00 -1.366175502482515070e-01 -3.817519721677416378e+00
1.233333333333333393e+00 -1.029642281320487240e-01 -1.831890084318982925e+00
1.250000000000000000e+00 -7.555454743761874647e-02 -6.905608370493330206e-01
1.266666666666666607e+00 -7.994553356373762520e-02 -2.402545829205240957e-01
1.283333333333333215e+00 -6.754606134026794328e-02 -2.774807822615246722e-01
1.300000000000000044e+00 -7.069617415502013613e-02 4.477075294304802555e-01
1.316666666666666652e+00 -8.246964565461728514e-02 9.749076151076684349e-01
1.333333333333333259e+00 -1.031930946586090830e-01 2.677649480604366028e-02
1.350000000000000089e+00 -8.336219548148540714e-02 -2.115520517721240168e+00
1.366666666666666696e+00 -3.267574406790108021e-02 -8.865839634182206552e-01
1.383333333333333304e+00 -5.380939670087805243e-02 9.281426874203048127e-01
1.399999999999999911e+00 -6.361383364857790823e-02 -4.855556064690916274e-02
1.416666666666666741e+00 -5.219087801264774701e-02 -4.365016849130951004e-01
1.433333333333333348e+00 -4.906377748480807155e-02 -1.258736694388783994e-01
1.449999999999999956e+00 -4.799508903135180082e-02 4.429701947750722124e-01
1.466666666666666563e+00 -6.382945064397714530e-02 3.649429021400933948e-01
1.483333333333333393e+00 -6.015985243602157972e-02 -1.152623681464950978e-01
1.500000000000000000e+00 -5.998737170576064204e-02 4.262061440876542817e-01
1.516666666666666607e+00 -7.436672390561005486e-02 -1.356663653468599684e-01
1.533333333333333215e+00 -5.546515952753197642e-02 -8.337100022486285678e-01
1.550000000000000044e+00 -4.657639049732243547e-02 -3.244992428102200233e-01
1.566666666666666652e+00 -4.464851810052464232e-02 3.084941608681279757e-02
1.583333333333333259e+00 -4.760470436688286205e-02 -8.060245099725072970e-01
1.600000000000000089e+00 -1.778103443477439816e-02 -1.260806614603368736e+00
1.616666666666666696e+00 -5.577817213437237173e-03 4.954290476137646615e-01
1.633333333333333304e+00 -3.429533602189988734e-02 4.448530682680771342e-01
1.649999999999999911e+00 -2.040625282237314153e-02 -1.678171380343335128e+00
1.666666666666666741e+00 2.164370998954461695e-02 -2.485631657152664431e+00
1.683333333333333348e+00 6.244813574938234274e-02 -6.907448806469921321e-01
1.699999999999999956e+00 4.466853934444435514e-02 1.186875701948026718e+00
1.716666666666666563e+00 2.288561235111478270e-02 7.925885016854860021e-01
1.733333333333333393e+00 1.824892262159482151e-02 -5.170622474780138811e-01
1.750000000000000000e+00 4.012102060038191115e-02 -1.011346358872865281e+00
1.766666666666666607e+00 5.196046791735699222e-02 -6.351813021252575853e-01
1.783333333333333215e+00 6.129373067122383112e-02 -3.961137383722668215e-01
1.800000000000000044e+00 6.516425919643255293e-02 -3.174257678316298736e-02
1.816666666666666652e+00 6.235181656399593070e-02 2.820440693071890603e-01
1.833333333333333259e+00 5.576279021952625092e-02 4.041098429427434358e-01
1.849999999999999867e+00 4.888148846590448238e-02 2.111468283557892123e-01
1.866666666666666696e+00 4.872456260766661051e-02 -7.558155701262586623e-02
1.883333333333333304e+00 5.140087369965867792e-02 -5.097250036816790286e-02
1.899999999999999911e+00 5.042364595327220728e-02 3.131796948569279815e-01
1.916666666666666741e+00 4.096155053776107807e-02 5.731168654893906700e-01
1.933333333333333348e+00 3.131975043695918448e-02 1.064312000710735173e+00
1.949999999999999956e+00 5.484483847403242261e-03 9.197817502884854113e-01
1.966666666666666563e+00 6.603587606763366936e-04 1.628152430090232250e-01
1.983333333333333393e+00 5.730908043580102822e-05 1.981076282029010233e-02
2.000000000000000000e+00 0.000000000000000000e+00 3.438544826148061829e-03
