0.000000000000000000e+00 2.183983965021981533e+02 3.010885360944689637e+02
1.666666666666666644e-02 2.133802542339570039e+02 3.010885360944681111e+02
3.333333333333333287e-02 2.083621119657158829e+02 3.010885360944681111e+02
5.000000000000000278e-02 2.033439696974747335e+02 3.010885360944681111e+02
6.666666666666666574e-02 1.983258274292336125e+02 3.010885360944681111e+02
8.333333333333332871e-02 1.933076851609924631e+02 3.010885360944681111e+02
1.000000000000000056e-01 1.882895428927513422e+02 3.010885360944681111e+02
1.166666666666666685e-01 1.832714006245101928e+02 3.010885360944681111e+02
1.333333333333333315e-01 1.782532583562690718e+02 3.010885360944681111e+02
1.499999999999999944e-01 1.732351160880279224e+02 3.010885360944681111e+02
1.666666666666666574e-01 1.682169738197868014e+02 3.010885360944681111e+02
1.833333333333333204e-01 1.631988315515456520e+02 3.010885360944681111e+02
2.000000000000000111e-01 1.581806892833045310e+02 3.010885360944681111e+02
2.166666666666666741e-01 1.531625470150633817e+02 3.010885360944689637e+02
2.333333333333333370e-01 1.481444047468222323e+02 3.010885360944681111e+02
2.500000000000000000e-01 1.431262624785811113e+02 3.010885360944672584e+02
2.666666666666666630e-01 1.381081202103399903e+02 3.010885360944681111e+02
2.833333333333333259e-01 1.330899779420988409e+02 3.010885360944681111e+02
2.999999999999999889e-01 1.280718356738577199e+02 3.010885360944681111e+02
3.166666666666666519e-01 1.230536934056165705e+02 3.010885360944681111e+02
3.333333333333333148e-01 1.180355511373754496e+02 3.010885360944681111e+02
3.499999999999999778e-01 1.130174088691343002e+02 3.010885360944681111e+02
3.666666666666666408e-01 1.079992666008931792e+02 3.010885360944681111e+02
3.833333333333333037e-01 1.029811243326520298e+02 3.010885360944689637e+02
4.000000000000000222e-01 9.796298206441088041e+01 3.010885360944681111e+02
4.166666666666666852e-01 9.294483979616975944e+01 3.010885360944681111e+02
4.333333333333333481e-01 8.792669752792861004e+01 3.010885360944681111e+02
4.500000000000000111e-01 8.290855525968748907e+01 3.010885360944677132e+02
4.666666666666666741e-01 7.789041299144635389e+01 3.010885360944681111e+02
4.833333333333333370e-01 7.287227072320521870e+01 3.010885360944681111e+02
5.000000000000000000e-01 6.785412845496408352e+01 3.010885360944677132e+02
5.166666666666666075e-01 6.283598618672296254e+01 3.010885360944681111e+02
5.333333333333333259e-01 5.781784391848181315e+01 3.010885360944689637e+02
5.500000000000000444e-01 5.279970165024066375e+01 3.010885360944681111e+02
5.666666666666666519e-01 4.778155938199954278e+01 3.010885360944681111e+02
5.833333333333333703e-01 4.276341711375839338e+01 3.010885360944678837e+02
5.999999999999999778e-01 3.774527484551727952e+01 3.010885360944678837e+02
6.166666666666666963e-01 3.272713257727613012e+01 3.010885360944681111e+02
6.333333333333333037e-01 2.770899030903500915e+01 3.010885360944681111e+02
6.500000000000000222e-01 2.269084804079385975e+01 3.010885360944679974e+02
6.666666666666666297e-01 1.767270577255274233e+01 2.590229683300902934e+02
6.833333333333333481e-01 1.405674909645751747e+01 1.938229834482677347e+02
6.999999999999999556e-01 1.121193965761048439e+01 1.546755490796439574e+02
7.166666666666666741e-01 8.900897460469385791e+00 1.263869489672857895e+02
7.333333333333332815e-01 6.999041358700957893e+00 1.041409406761749921e+02
7.500000000000000000e-01 5.429532771263552604e+00 8.578735117211850536e+01
7.666666666666666075e-01 4.139462986297007596e+00 7.035816353048082306e+01
7.833333333333333259e-01 3.084260653580858769e+00 5.741261644633030414e+01
8.000000000000000444e-01 2.225709104752664036e+00 4.649101637920627894e+01
8.166666666666666519e-01 1.534560107607316093e+00 3.717136865006605007e+01
8.333333333333333703e-01 9.866634830837955894e-01 2.931128948350800201e+01
8.499999999999999778e-01 5.575171248237160704e-01 2.283561498776522924e+01
8.666666666666666963e-01 2.254763168249546701e-01 1.752784047097981457e+01
8.833333333333333037e-01 -2.674422420894435881e-02 1.313117914978013445e+01
9.000000000000000222e-01 -2.122296548343831635e-01 9.484551653409456051e+00
9.166666666666666297e-01 -3.428959459892595429e-01 6.461388133295664638e+00
9.333333333333333481e-01 -4.276092592775719847e-01 3.945954252510561755e+00
9.499999999999999556e-01 -4.744277544062782681e-01 1.845477798383453161e+00
9.666666666666666741e-01 -4.891251858903537530e-01 7.813249188406701240e-02
9.833333333333332815e-01 -4.770321708024138352e-01 -1.403972145795658877e+00
1.000000000000000000e+00 -4.423261143638317905e-01 -2.572329879379473994e+00
1.016666666666666607e+00 -3.912878414897646984e-01 -3.369401126595949592e+00
1.033333333333333215e+00 -3.300127434773001411e-01 -3.805994452826066965e+00
1.050000000000000044e+00 -2.644213597288957995e-01 -3.933635351341176367e+00
1.066666666666666652e+00 -1.988915650992609252e-01 -3.787318201423915287e+00
1.083333333333333259e+00 -1.381774196814319622e-01 -3.442030511952231198e+00
1.100000000000000089e+00 -8.415721470085321676e-02 -3.048780665807566237e+00
1.116666666666666696e+00 -3.655139748784642928e-02 -2.705210942148634334e+00
1.133333333333333304e+00 6.016483370767938474e-03 -2.388225200852355901e+00
1.149999999999999911e+00 4.305610920723210167e-02 -2.066034994822929516e+00
1.166666666666666741e+00 7.488431653153225509e-02 -1.771827047776148856e+00
1.183333333333333348e+00 1.021170107997703969e-01 -1.523900248430140714e+00
1.199999999999999956e+00 1.256809914792036131e-01 -1.322643051879356380e+00
1.216666666666666563e+00 1.462051125290822762e-01 -1.148009148792768608e+00
1.233333333333333393e+00 1.639479631056292297e-01 -9.872365622875983737e-01
1.250000000000000000e+00 1.791129979386688886e-01 -8.404595888622188316e-01
1.266666666666666607e+00 1.919632827343698556e-01 -7.178471866706120919e-01
1.283333333333333215e+00 2.030412374943559584e-01 -6.225848105782066932e-01
1.300000000000000044e+00 2.127161097536434120e-01 -5.481909924909539322e-01
1.316666666666666652e+00 2.213142705773877561e-01 -4.983496321068256463e-01
1.333333333333333259e+00 2.293277641572042669e-01 -4.677923309943457508e-01
1.350000000000000089e+00 2.369073482771992811e-01 -4.150562799208820652e-01
1.366666666666666696e+00 2.431629734879003357e-01 -3.171637211424815916e-01
1.383333333333333304e+00 2.474794723152820008e-01 -1.962847113837498658e-01
1.399999999999999911e+00 2.497057972006919979e-01 -1.058831716441055448e-01
1.416666666666666741e+00 2.510089113700855190e-01 -5.568210478568397237e-02
1.433333333333333348e+00 2.515618673602147970e-01 -1.585284827894828386e-02
1.449999999999999956e+00 2.515373396460504618e-01 2.416716093473658677e-02
1.466666666666666563e+00 2.507562953290569108e-01 6.027999575584752634e-02
1.483333333333333393e+00 2.495280064541888776e-01 9.315013525649590287e-02
1.500000000000000000e+00 2.476512908205070473e-01 1.310961634424037681e-01
1.516666666666666607e+00 2.451581343394420853e-01 1.696732312903695417e-01
1.533333333333333215e+00 2.419955164441613960e-01 1.982151201725593226e-01
1.550000000000000044e+00 2.385509636670234412e-01 2.204096617427658833e-01
1.566666666666666652e+00 2.346485277194025332e-01 2.450443035736352138e-01
1.583333333333333259e+00 2.303828202145689341e-01 2.756297109728056416e-01
1.600000000000000089e+00 2.254608706869756785e-01 3.076243412799142818e-01
1.616666666666666696e+00 2.201286755052384581e-01 3.313285510120367316e-01
1.633333333333333304e+00 2.144165856532411207e-01 3.495706126434156014e-01
1.649999999999999911e+00 2.084763217504579380e-01 3.670276834320695958e-01
1.666666666666666741e+00 2.021823295388388009e-01 3.834330040760641767e-01
1.683333333333333348e+00 1.956952216145891321e-01 3.928983895923279790e-01
1.699999999999999956e+00 1.890857165524278682e-01 4.044679067056258792e-01
1.716666666666666563e+00 1.822129580577349361e-01 4.308648296572303860e-01
1.733333333333333393e+00 1.747235555638535220e-01 4.664527631828249699e-01
1.750000000000000000e+00 1.666645326183074372e-01 4.983592295776395620e-01
1.766666666666666607e+00 1.581115812445988700e-01 5.272408715634169241e-01
1.783333333333333215e+00 1.490898368995268730e-01 5.568159175245507297e-01
1.800000000000000044e+00 1.395510506604471790e-01 5.858125226173438449e-01
1.816666666666666652e+00 1.295627528122820782e-01 6.109959280575969487e-01
1.833333333333333259e+00 1.191845197251939492e-01 6.346268758836247637e-01
1.849999999999999867e+00 1.084085236161612537e-01 6.590850359452489204e-01
1.866666666666666696e+00 9.721501852701898427e-02 6.846123653233887607e-01
1.883333333333333304e+00 8.558811143871496163e-02 7.085087662472083769e-01
1.899999999999999911e+00 7.359805965211203838e-02 7.269959512921568834e-01
1.916666666666666741e+00 6.135491306230973080e-02 7.396100620190181330e-01
1.933333333333333348e+00 4.894439091814476589e-02 1.376269720342661262e+00
1.949999999999999956e+00 1.547925571755435700e-02 1.412577171029557155e+00
1.966666666666666563e+00 1.858485217159529723e-03 4.596980583711094415e-01
1.983333333333333393e+00 1.559871051840416346e-04 5.575455651478589125e-02
2.000000000000000000e+00 0.000000000000000000e+00 9.359226311042499052e-03
