0.000000000000000000e+00 4.896188106395591717e+02 9.346335741353107096e+02
1.666666666666666644e-02 4.740415844039706599e+02 9.346335741353107096e+02
3.333333333333333287e-02 4.584643581683821481e+02 9.346335741353107096e+02
5.000000000000000278e-02 4.428871319327936362e+02 9.346335741353107096e+02
6.666666666666666574e-02 4.273099056972051244e+02 9.346335741353107096e+02
8.333333333333332871e-02 4.117326794616166126e+02 9.346335741353124149e+02
1.000000000000000056e-01 3.961554532260280439e+02 9.346335741353124149e+02
1.166666666666666685e-01 3.805782269904395321e+02 9.346335741353124149e+02
1.333333333333333315e-01 3.650010007548509634e+02 9.346335741353107096e+02
1.499999999999999944e-01 3.494237745192625084e+02 9.346335741353107096e+02
1.666666666666666574e-01 3.338465482836739397e+02 9.346335741353107096e+02
1.833333333333333204e-01 3.182693220480854848e+02 9.346335741353107096e+02
2.000000000000000111e-01 3.026920958124969161e+02 9.346335741353124149e+02
2.166666666666666741e-01 2.871148695769084043e+02 9.346335741353107096e+02
2.333333333333333370e-01 2.715376433413198924e+02 9.346335741353107096e+02
2.500000000000000000e-01 2.559604171057313806e+02 9.346335741353107096e+02
2.666666666666666630e-01 2.403831908701428688e+02 9.346335741353107096e+02
2.833333333333333259e-01 2.248059646345543570e+02 9.346335741353107096e+02
2.999999999999999889e-01 2.092287383989658451e+02 9.346335741353107096e+02
3.166666666666666519e-01 1.936515121633773333e+02 9.346335741353107096e+02
3.333333333333333148e-01 1.780742859277888215e+02 9.346335741353107096e+02
3.499999999999999778e-01 1.624970596922003097e+02 9.346335741353107096e+02
3.666666666666666408e-01 1.469198334566117978e+02 9.346335741353116191e+02
3.833333333333333037e-01 1.313426072210232576e+02 9.346335741353133244e+02
4.000000000000000222e-01 1.157653809854346889e+02 9.346335741353124149e+02
4.166666666666666852e-01 1.001881547498461771e+02 9.346335741353107096e+02
4.333333333333333481e-01 8.461092851425766526e+01 9.346335741353107096e+02
4.500000000000000111e-01 6.903370227866915343e+01 9.346335741353111644e+02
4.666666666666666741e-01 5.345647604308062739e+01 9.346335741353111644e+02
4.833333333333333370e-01 3.787924980749211556e+01 9.346335741353108233e+02
5.000000000000000000e-01 2.230202357190360019e+01 6.740201064897528340e+02
5.166666666666666075e-01 1.541191292450035810e+01 3.535684399227443464e+02
5.333333333333333259e-01 1.051640890781212256e+01 2.573932885077460355e+02
5.500000000000000444e-01 6.832136640908822223e+00 1.935102464592700358e+02
5.666666666666666519e-01 4.066067359169788453e+00 1.429231332073424596e+02
5.833333333333333703e-01 2.068032200664073450e+00 1.008297756019317433e+02
5.999999999999999778e-01 7.050748391053969222e-01 6.736007045127013271e+01
6.166666666666666963e-01 -1.773034810449308218e-01 4.315681303715760464e+01
6.333333333333333037e-01 -7.334855954665232547e-01 2.764209790267912226e+01
6.500000000000000222e-01 -1.098706744467568219e+00 1.948788677401505964e+01
6.666666666666666297e-01 -1.383081821267025280e+00 1.645841507116059432e+01
6.833333333333333481e-01 -1.647320580172921378e+00 1.558556828055559507e+01
6.999999999999999556e-01 -1.902600763952211782e+00 1.423023193970853839e+01
7.166666666666666741e-01 -2.121661644829872628e+00 1.091636226254811604e+01
7.333333333333332815e-01 -2.266479506037148983e+00 5.544788790754009433e+00
7.500000000000000000e-01 -2.306487937855006276e+00 -8.088086330557064940e-01
7.666666666666666075e-01 -2.239519218268625433e+00 -6.735377121273753431e+00
7.833333333333333259e-01 -2.081975367145881162e+00 -1.130592342126533367e+01
8.000000000000000444e-01 -1.862655104226447644e+00 -1.425463194760376240e+01
8.166666666666666519e-01 -1.606820968892422430e+00 -1.552117366031210643e+01
8.333333333333333703e-01 -1.345282648882710763e+00 -1.470651887547930237e+01
8.499999999999999778e-01 -1.116603673043112366e+00 -1.170273803517221722e+01
8.666666666666666963e-01 -9.551913810436368779e-01 -7.288961799111071116e+00
8.833333333333333037e-01 -8.736382797394099953e-01 -2.708918640912777676e+00
9.000000000000000222e-01 -8.648940930132109628e-01 8.905613898494790792e-01
9.166666666666666297e-01 -9.033236594010592979e-01 2.590222570769322719e+00
9.333333333333333481e-01 -9.512348453721883867e-01 2.333932915529244312e+00
9.499999999999999556e-01 -9.811214232520341083e-01 1.172564272296482413e+00
9.666666666666666741e-01 -9.903203211154044672e-01 3.845404287574027968e-01
9.833333333333332815e-01 -9.939394375439475349e-01 4.113312732378859859e-01
1.000000000000000000e+00 -1.004031363556667333e+00 9.910886205290958539e-01
1.016666666666666607e+00 -1.026975724894917397e+00 1.845741625979384626e+00
1.033333333333333215e+00 -1.065556084422646821e+00 2.923983319596512587e+00
1.050000000000000044e+00 -1.124441835548134483e+00 4.180833706826794227e+00
1.066666666666666652e+00 -1.204917207983539962e+00 5.208293548581155896e+00
1.083333333333333259e+00 -1.298051620500839665e+00 5.329937347354261057e+00
1.100000000000000089e+00 -1.382581786228681997e+00 3.708963869889634335e+00
1.116666666666666696e+00 -1.421683749497160809e+00 -1.770656919983215616e-01
1.133333333333333304e+00 -1.376679596495404612e+00 -5.801514336471387701e+00
1.149999999999999911e+00 -1.228299938281447901e+00 -1.141760402674679575e+01
1.166666666666666741e+00 -9.960927956038447828e-01 -1.500799905976959181e+01
1.183333333333333348e+00 -7.280333029557948255e-01 -1.521710941671589445e+01
1.199999999999999956e+00 -4.888558150466483232e-01 -1.217508139777287290e+01
1.216666666666666563e+00 -3.221972563633657138e-01 -7.368751332147930988e+00
1.233333333333333393e+00 -2.432307706417173032e-01 -2.543472247625965021e+00
1.250000000000000000e+00 -2.374148481091668816e-01 1.242297765524078335e+00
1.266666666666666607e+00 -2.846406961591865792e-01 3.828123378397962018e+00
1.283333333333333215e+00 -3.650189607224322841e-01 5.446459330051299119e+00
1.300000000000000044e+00 -4.661893404942298869e-01 6.233678861335153698e+00
1.316666666666666652e+00 -5.728082561002707518e-01 6.260037968533604058e+00
1.333333333333333259e+00 -6.748572727786833481e-01 5.622267262820485278e+00
1.350000000000000089e+00 -7.602171648609535870e-01 4.428011240711273722e+00
1.366666666666666696e+00 -8.224576474690591388e-01 3.007890550528612650e+00
1.383333333333333304e+00 -8.604801832119073346e-01 1.716585069640559347e+00
1.399999999999999911e+00 -8.796771497904111170e-01 6.415386013265411691e-01
1.416666666666666741e+00 -8.818648032561253736e-01 -2.749840571365236297e-01
1.433333333333333348e+00 -8.705110145525269960e-01 -1.069691945002497757e+00
1.449999999999999956e+00 -8.462084050893754483e-01 -1.842854385557706198e+00
1.466666666666666563e+00 -8.090825350339367894e-01 -2.616605263514253377e+00
1.483333333333333393e+00 -7.589882296389003358e-01 -3.319742809964318919e+00
1.500000000000000000e+00 -6.984244413684594921e-01 -3.888694714157642451e+00
1.516666666666666607e+00 -6.293650725003122615e-01 -4.224531974991548644e+00
1.533333333333333215e+00 -5.576067088687411966e-01 -4.253975412735369943e+00
1.550000000000000044e+00 -4.875658920757999226e-01 -4.015559009429098936e+00
1.566666666666666652e+00 -4.237547418877712357e-01 -3.608325025510208395e+00
1.583333333333333259e+00 -3.672883912254596428e-01 -3.184159158189758365e+00
1.600000000000000089e+00 -3.176161032814459606e-01 -2.841453449135145526e+00
1.616666666666666696e+00 -2.725732762542881216e-01 -2.613800398392153834e+00
1.633333333333333304e+00 -2.304894233350408272e-01 -2.517632457634671361e+00
1.649999999999999911e+00 -1.886521943331324058e-01 -2.409228306852164714e+00
1.666666666666666741e+00 -1.501818131066353368e-01 -2.087114094255035468e+00
1.683333333333333348e+00 -1.190817245246312273e-01 -1.554990970505006009e+00
1.699999999999999956e+00 -9.834878075646846796e-02 -9.627531534826917481e-01
1.716666666666666563e+00 -8.698995274187483473e-02 -4.795816494153917753e-01
1.733333333333333393e+00 -8.236272577595540878e-02 -2.111758479581898884e-01
1.750000000000000000e+00 -7.995075780993517178e-02 -1.514265968057217082e-01
1.766666666666666607e+00 -7.731517254909801851e-02 -2.142373087424515044e-01
1.783333333333333215e+00 -7.280951418518678830e-02 -3.187520993353321064e-01
1.800000000000000044e+00 -6.669010257125361496e-02 -4.028335703860490558e-01
1.816666666666666652e+00 -5.938172850565182070e-02 -4.547706609685594481e-01
1.833333333333333259e+00 -5.153108053896830049e-02 -4.956102958987922968e-01
1.849999999999999867e+00 -4.286138530902541127e-02 -5.501811069391253639e-01
1.866666666666666696e+00 -3.319171030766412261e-02 -6.012715548956060196e-01
1.883333333333333304e+00 -2.281900014583854511e-02 -6.083048309194344361e-01
1.899999999999999911e+00 -1.291488261034964141e-02 -5.392012570327604504e-01
1.916666666666666741e+00 -4.845624911413198149e-03 -4.121589736585147268e-01
1.933333333333333348e+00 8.237498449341815708e-04 -1.362247228469727345e-01
1.949999999999999956e+00 -3.048008165141075023e-04 2.162217130542852875e-02
1.966666666666666563e+00 1.030108014198973144e-04 -9.967169092078665554e-03
1.983333333333333393e+00 2.743815322184797715e-05 3.090324042596919677e-03
2.000000000000000000e+00 0.000000000000000000e+00 1.646289193310878588e-03
