0.000000000000000000e+00 1.763878885106444443e+02 2.874885067746686218e+02
1.666666666666666644e-02 1.715964133977333006e+02 2.874885067746669165e+02
3.333333333333333287e-02 1.668049382848222137e+02 2.874885067746669165e+02
5.000000000000000278e-02 1.620134631719110700e+02 2.874885067746669165e+02
6.666666666666666574e-02 1.572219880589999832e+02 2.874885067746660638e+02
8.333333333333332871e-02 1.524305129460888679e+02 2.874885067746669165e+02
1.000000000000000056e-01 1.476390378331777526e+02 2.874885067746677692e+02
1.166666666666666685e-01 1.428475627202666089e+02 2.874885067746669165e+02
1.333333333333333315e-01 1.380560876073555221e+02 2.874885067746669165e+02
1.499999999999999944e-01 1.332646124944443784e+02 2.874885067746669165e+02
1.666666666666666574e-01 1.284731373815332915e+02 2.874885067746669165e+02
1.833333333333333204e-01 1.236816622686221478e+02 2.874885067746677692e+02
2.000000000000000111e-01 1.188901871557110326e+02 2.874885067746669165e+02
2.166666666666666741e-01 1.140987120427999173e+02 2.874885067746669165e+02
2.333333333333333370e-01 1.093072369298888020e+02 2.874885067746669165e+02
2.500000000000000000e-01 1.045157618169776867e+02 2.874885067746669165e+02
2.666666666666666630e-01 9.972428670406657147e+01 2.874885067746669165e+02
2.833333333333333259e-01 9.493281159115545620e+01 2.874885067746669165e+02
2.999999999999999889e-01 9.014133647824434092e+01 2.874885067746669165e+02
3.166666666666666519e-01 8.534986136533322565e+01 2.874885067746669165e+02
3.333333333333333148e-01 8.055838625242211037e+01 2.874885067746669165e+02
3.499999999999999778e-01 7.576691113951099510e+01 2.874885067746669165e+02
3.666666666666666408e-01 7.097543602659987982e+01 2.874885067746669165e+02
3.833333333333333037e-01 6.618396091368876455e+01 2.874885067746673712e+02
4.000000000000000222e-01 6.139248580077763506e+01 2.874885067746673712e+02
4.166666666666666852e-01 5.660101068786651979e+01 2.874885067746669165e+02
4.333333333333333481e-01 5.180953557495540451e+01 2.874885067746669165e+02
4.500000000000000111e-01 4.701806046204428924e+01 2.874885067746669165e+02
4.666666666666666741e-01 4.222658534913317396e+01 2.874885067746669165e+02
4.833333333333333370e-01 3.743511023622205869e+01 2.874885067746666891e+02
5.000000000000000000e-01 3.264363512331095052e+01 2.874885067746662912e+02
5.166666666666666075e-01 2.785216001039984945e+01 2.874885067746669165e+02
5.333333333333333259e-01 2.306068489748871997e+01 2.874885067746678828e+02
5.500000000000000444e-01 1.826920978457758693e+01 2.874885067746669733e+02
5.666666666666666519e-01 1.347773467166648764e+01 2.410088742125544456e+02
5.833333333333333703e-01 1.023558064415910529e+01 1.716197898005916329e+02
5.999999999999999778e-01 7.757075011646766605e+00 1.334571070359496616e+02
6.166666666666666963e-01 5.787010409627449725e+00 1.061860995226643922e+02
6.333333333333333037e-01 4.217538360891286864e+00 8.485042432287430358e+01
6.500000000000000222e-01 2.958662932198306450e+00 6.806643467306697914e+01
6.666666666666666297e-01 1.948657205122387825e+00 5.450394622248958143e+01
6.833333333333333481e-01 1.141864724781987084e+00 4.327247056270471859e+01
6.999999999999999556e-01 5.062415196988971910e-01 3.397303767659774110e+01
7.166666666666666741e-01 9.430135562062597065e-03 2.633088361147951773e+01
7.333333333333332815e-01 -3.714546006837532999e-01 1.997207639624135211e+01
7.500000000000000000e-01 -6.563057443126490975e-01 1.468483280232791621e+01
7.666666666666666075e-01 -8.609490274280171551e-01 1.041186819735386493e+01
7.833333333333333259e-01 -1.003368017557777936e+00 7.081562028877983472e+00
8.000000000000000444e-01 -1.097001095057283271e+00 4.388319990007061300e+00
8.166666666666666519e-01 -1.149645350558013313e+00 1.962797316976632178e+00
8.333333333333333703e-01 -1.162427672289837677e+00 -4.299120959550162269e-01
8.499999999999999778e-01 -1.135314947359512772e+00 -2.744925132075644036e+00
8.666666666666666963e-01 -1.070930167887316209e+00 -4.827339888663805034e+00
8.833333333333333037e-01 -9.744036177373859298e-01 -6.551670296406684635e+00
9.000000000000000222e-01 -8.525411580070934026e-01 -7.800162305827091913e+00
9.166666666666666297e-01 -7.143982075431495327e-01 -8.510337462967035194e+00
9.333333333333333481e-01 -5.688632425748588739e-01 -8.725573461645417694e+00
9.499999999999999556e-01 -4.235457588216355873e-01 -8.594470520430215643e+00
9.666666666666666741e-01 -2.823808918938516821e-01 -8.266347274974453541e+00
9.833333333333332815e-01 -1.480008496558204989e-01 -7.716985867831037460e+00
1.000000000000000000e+00 -2.514802963281707882e-02 -6.902951590397292669e+00
1.016666666666666607e+00 8.209753669075593729e-02 -5.906411934129604191e+00
1.033333333333333215e+00 1.717323681715030581e-01 -4.829045341285688409e+00
1.050000000000000044e+00 2.430657147336122148e-01 -3.713970319306324708e+00
1.066666666666666652e+00 2.955313788150472076e-01 -2.581040105643355176e+00
1.083333333333333259e+00 3.291003849217240540e-01 -1.550454679560209881e+00
1.100000000000000089e+00 3.472132014670542000e-01 -7.326232246433000972e-01
1.116666666666666696e+00 3.535211590765007239e-01 -9.745959574917417712e-02
1.133333333333333304e+00 3.504618546586933392e-01 4.229918561334522487e-01
1.149999999999999911e+00 3.394214305387189823e-01 8.091746496922591625e-01
1.166666666666666741e+00 3.234893663356180338e-01 9.986827915129375954e-01
1.183333333333333348e+00 3.061320041549543958e-01 1.034590929478925725e+00
1.199999999999999956e+00 2.890030020196538429e-01 1.023484804399587667e+00
1.216666666666666563e+00 2.720158440083014773e-01 9.828841722616027399e-01
1.233333333333333393e+00 2.562401962776004183e-01 8.950840547612792797e-01
1.250000000000000000e+00 2.421797088495921679e-01 7.769056482359318894e-01
1.266666666666666607e+00 2.303433413364026905e-01 6.681708368283517663e-01
1.283333333333333215e+00 2.199073476219804424e-01 5.579605904723348164e-01
1.300000000000000044e+00 2.117446549873248651e-01 4.053564827022201889e-01
1.316666666666666652e+00 2.063954648652397694e-01 2.337261614169516832e-01
1.333333333333333259e+00 2.039537829400931424e-01 1.093401394034443364e-01
1.350000000000000089e+00 2.027507935517916249e-01 6.851011995424038936e-02
1.366666666666666696e+00 2.016701122749517960e-01 7.575297270950437367e-02
1.383333333333333304e+00 2.002256944614748124e-01 8.007598774975033251e-02
1.399999999999999911e+00 1.990009126832934516e-01 6.918545339879261791e-02
1.416666666666666741e+00 1.979195126815150585e-01 5.395333880758496070e-02
1.433333333333333348e+00 1.972024680563739529e-01 2.680143171826965265e-02
1.449999999999999956e+00 1.970261316242394034e-01 -5.573049764719950616e-03
1.466666666666666563e+00 1.973882363818646180e-01 -1.098892367391995917e-02
1.483333333333333393e+00 1.973924290800367354e-01 3.289203921952837950e-02
1.500000000000000000e+00 1.962918350745470053e-01 9.144172308552994677e-02
1.516666666666666607e+00 1.943443716438524038e-01 1.224512561955937162e-01
1.533333333333333215e+00 1.922101265346938814e-01 1.253007220445356840e-01
1.550000000000000044e+00 1.901676809090345477e-01 1.294894042690364344e-01
1.566666666666666652e+00 1.878938130590593336e-01 1.388643111352680370e-01
1.583333333333333259e+00 1.855388705378589465e-01 1.367614435774613946e-01
1.600000000000000089e+00 1.833350982731439538e-01 1.258037165788603029e-01
1.616666666666666696e+00 1.813454133185636030e-01 1.355776573103564808e-01
1.633333333333333304e+00 1.788158430294654044e-01 1.756317346112068467e-01
1.649999999999999911e+00 1.754910221648567081e-01 2.297819393820821343e-01
1.666666666666666741e+00 1.711564450500626666e-01 2.845257511565782438e-01
1.683333333333333348e+00 1.660068304596374333e-01 3.334030227727147189e-01
1.699999999999999956e+00 1.600430109576388427e-01 3.690399425758877916e-01
1.716666666666666563e+00 1.537054990404411736e-01 3.849680246512279802e-01
1.733333333333333393e+00 1.472107434692645767e-01 3.867769969112538897e-01
1.750000000000000000e+00 1.408129324767327106e-01 3.894603325325388110e-01
1.766666666666666607e+00 1.342287323848466163e-01 4.009323918078411264e-01
1.783333333333333215e+00 1.274485194164713397e-01 4.199525098621556540e-01
1.800000000000000044e+00 1.202303153894414278e-01 4.483623053099052291e-01
1.816666666666666652e+00 1.125031092394744997e-01 4.810378800654534492e-01
1.833333333333333259e+00 1.041957193872596471e-01 5.114101090713438769e-01
1.849999999999999867e+00 9.545610560376303899e-02 5.382301817513989173e-01
1.866666666666666696e+00 8.625471332887968412e-02 5.623694393377169920e-01
1.883333333333333304e+00 7.671045762583914018e-02 5.836848231645623830e-01
1.899999999999999911e+00 6.679855255672760561e-02 6.054398160062389733e-01
1.916666666666666741e+00 5.652913042563117302e-02 6.300434363221161238e-01
1.933333333333333348e+00 4.579710467932373436e-02 1.279808651733443492e+00
1.949999999999999956e+00 1.386884203451638903e-02 1.328069350580764585e+00
1.966666666666666563e+00 1.528126326631584070e-03 4.122301416269613661e-01
1.983333333333333393e+00 1.278373136176765902e-04 4.584378979894752210e-02
2.000000000000000000e+00 0.000000000000000000e+00 7.670238817060595626e-03
