0.000000000000000000e+00 1.412427438961216249e+05 1.309515524284159765e+06
1.666666666666666644e-02 1.194174851580522954e+05 1.208657799797605490e+06
3.333333333333333287e-02 1.009541505695347732e+05 1.022453074976763339e+06
5.000000000000000278e-02 8.533571599216018512e+04 8.648864424312621122e+05
6.666666666666666574e-02 7.212460248849270283e+04 7.315572528255636571e+05
8.333333333333332871e-02 6.095047423130806419e+04 6.187407710384412203e+05
1.000000000000000056e-01 5.149991012054466410e+04 5.232843842640126823e+05
1.166666666666666685e-01 4.350766142250764096e+04 4.425197462020291132e+05
1.333333333333333315e-01 3.674925191381035984e+04 3.741884106857629959e+05
1.499999999999999944e-01 3.103471439964887395e+04 3.163788837151250336e+05
1.666666666666666574e-01 2.620328912330619278e+04 2.674733408165877918e+05
1.833333333333333204e-01 2.211893637242928162e+04 2.261025257926316699e+05
2.000000000000000111e-01 1.866653826355180354e+04 1.911075747454803204e+05
2.166666666666666741e-01 1.574868388091327142e+04 1.615077021064283035e+05
2.333333333333333370e-01 1.328294819333752639e+04 1.364728486421469424e+05
2.500000000000000000e-01 1.119958892617503989e+04 1.153005295885510568e+05
2.666666666666666630e-01 9.439597207052491285e+03 9.739623802817864635e+04
2.833333333333333259e-01 7.953047658569084888e+03 8.225685763557199971e+04
2.999999999999999889e-01 6.697701952533424446e+03 6.945662272345319798e+04
3.166666666666666519e-01 5.637826901120644834e+03 5.863523446417805098e+04
3.333333333333333148e-01 4.743194137060822868e+03 4.948780221133075975e+04
3.499999999999999778e-01 3.988233494076286206e+03 4.175632967743089102e+04
3.666666666666666408e-01 3.351316481146459864e+03 3.522250875092627393e+04
3.833333333333333037e-01 2.814149869045410469e+03 2.970162015701030759e+04
4.000000000000000222e-01 2.361262475912782975e+03 2.503737099649028460e+04
4.166666666666666852e-01 1.979570835829067619e+03 2.109752529338918612e+04
4.333333333333333481e-01 1.658011632799810059e+03 1.777020577183910063e+04
4.500000000000000111e-01 1.387230643434430931e+03 1.496076378124169059e+04
4.666666666666666741e-01 1.159319506758420403e+03 1.258913011629828543e+04
4.833333333333333370e-01 9.675929728911547727e+02 1.058757287608119077e+04
5.000000000000000000e-01 8.064004108890474072e+02 8.898799846908794279e+03
5.166666666666666075e-01 6.709663113275282740e+02 7.474352493202848564e+03
5.333333333333333259e-01 5.572553277822858036e+02 6.273246766060580740e+03
5.500000000000000444e-01 4.618580857921755864e+02 5.260822817246813429e+03
5.666666666666666519e-01 3.818945672073920150e+02 4.407771528241292799e+03
5.833333333333333703e-01 3.149323681841324856e+02 3.689310691998248785e+03
5.999999999999999778e-01 2.589175441407837184e+02 3.084487856431117962e+03
6.166666666666666963e-01 2.121161063030952221e+02 2.575590369495459981e+03
6.333333333333333037e-01 1.730645318242683857e+02 2.147646154446751552e+03
6.500000000000000222e-01 1.405279011548701646e+02 1.788001273635424241e+03
6.666666666666666297e-01 1.134644893697542472e+02 1.763106746060354908e+03
6.833333333333333481e-01 8.175767628619166771e+01 2.002268615573842908e+03
6.999999999999999556e-01 4.672220218395948166e+01 1.539532933690034270e+03
7.166666666666666741e-01 3.043991182985719135e+01 7.787975186310289928e+02
7.333333333333332815e-01 2.076228489625851736e+01 4.545460686272455746e+02
7.500000000000000000e-01 1.528837620894900517e+01 2.008981986487935387e+02
7.666666666666666075e-01 1.406567827463206655e+01 9.492578002929438696e+01
7.833333333333333259e-01 1.212418354130585918e+01 1.207420403817999954e+02
8.000000000000000444e-01 1.004094359523873337e+01 1.215425417101881038e+02
8.166666666666666519e-01 8.072765484299589289e+00 1.117982927895161964e+02
8.333333333333333703e-01 6.314333835588193722e+00 9.977164158785568304e+01
8.499999999999999778e-01 4.747044098037733306e+00 8.977598064641777853e+01
8.666666666666666963e-01 3.321801147374267682e+00 8.201518211486981613e+01
8.833333333333333037e-01 2.013204694208739376e+00 7.531533530187711278e+01
9.000000000000000222e-01 8.112899706450306114e-01 6.905695680924084456e+01
9.166666666666666297e-01 -2.886938660992888206e-01 6.293290601434839715e+01
9.333333333333333481e-01 -1.286473563166582457e+00 5.667005611404060517e+01
9.499999999999999556e-01 -2.177695736567308860e+00 5.015630958175223242e+01
9.666666666666666741e-01 -2.958350549224990189e+00 4.356132446446918038e+01
9.833333333333332815e-01 -3.629739885382948117e+00 3.738409044487882937e+01
1.000000000000000000e+00 -4.204486897387617717e+00 3.209085569014671080e+01
1.016666666666666607e+00 -4.699435075054505084e+00 2.753219726872211126e+01
1.033333333333333215e+00 -5.122226806345021366e+00 2.317547911962629215e+01
1.050000000000000044e+00 -5.471951045708714823e+00 1.879095605653433765e+01
1.066666666666666652e+00 -5.748592008229499228e+00 1.444954136343771900e+01
1.083333333333333259e+00 -5.953602424489972123e+00 1.021872359814863351e+01
1.100000000000000089e+00 -6.089216128167787012e+00 6.370079488313615812e+00
1.116666666666666696e+00 -6.165938407433759316e+00 3.278714452519011502e+00
1.133333333333333304e+00 -6.198506609918420729e+00 8.340214960833147728e-01
1.149999999999999911e+00 -6.193739123969869809e+00 -1.423340974764499833e+00
1.166666666666666741e+00 -6.151061910759604068e+00 -3.722905351289140796e+00
1.183333333333333348e+00 -6.069642278926898449e+00 -5.968246640997021402e+00
1.199999999999999956e+00 -5.952120356059703354e+00 -7.817497494935539137e+00
1.216666666666666563e+00 -5.809059029095713811e+00 -9.000526018053083277e+00
1.233333333333333393e+00 -5.652102822124600578e+00 -9.889478664561384136e+00
1.250000000000000000e+00 -5.479409740277001006e+00 -1.107389924617436350e+01
1.266666666666666607e+00 -5.282972847252121795e+00 -1.239299993164662439e+01
1.283333333333333215e+00 -5.066309742555446860e+00 -1.321576369139844331e+01
1.300000000000000044e+00 -4.842447390872173685e+00 -1.351915993319036779e+01
1.316666666666666652e+00 -4.615671078115767934e+00 -1.392901211714058896e+01
1.333333333333333259e+00 -4.378146986967487386e+00 -1.470885127995583908e+01
1.350000000000000089e+00 -4.125376035450573298e+00 -1.546325770596934746e+01
1.366666666666666696e+00 -3.862705063435175834e+00 -1.595431921457560165e+01
1.383333333333333304e+00 -3.593565394964719939e+00 -1.632319537318311831e+01
1.399999999999999911e+00 -3.318598550995738528e+00 -1.659396532506334410e+01
1.416666666666666741e+00 -3.040433217462608528e+00 -1.661152144412719878e+01
1.433333333333333348e+00 -2.764881169524831872e+00 -1.629196808176105904e+01
1.449999999999999956e+00 -2.497367614737239894e+00 -1.568638038906642329e+01
1.466666666666666563e+00 -2.242001823222617762e+00 -1.498255496096252060e+01
1.483333333333333393e+00 -1.997949116038489237e+00 -1.432984210413062165e+01
1.500000000000000000e+00 -1.764340419751597056e+00 -1.362861408248679140e+01
1.516666666666666607e+00 -1.543661979955596175e+00 -1.275124881868515736e+01
1.533333333333333215e+00 -1.339298792462091825e+00 -1.173138330812129659e+01
1.550000000000000044e+00 -1.152615869684886274e+00 -1.064989152438108633e+01
1.566666666666666652e+00 -9.843024083160556437e-01 -9.569866816477365035e+00
1.583333333333333259e+00 -8.336203091356407802e-01 -8.557539068930172022e+00
1.600000000000000089e+00 -6.990511060183832726e-01 -7.634629792612286359e+00
1.616666666666666696e+00 -5.791326493818979015e-01 -6.746107702604819067e+00
1.633333333333333304e+00 -4.741808492648892925e-01 -5.824160411863209319e+00
1.649999999999999911e+00 -3.849939689864576020e-01 -4.862595007034165917e+00
1.666666666666666741e+00 -3.120943490304171064e-01 -3.947554630791229258e+00
1.683333333333333348e+00 -2.534088146267499675e-01 -3.172114494754062264e+00
1.699999999999999956e+00 -2.063571992052816995e-01 -2.524140768977239269e+00
1.716666666666666563e+00 -1.692707889941753308e-01 -1.977036972229802236e+00
1.733333333333333393e+00 -1.404559667976216231e-01 -1.516884294961941659e+00
1.750000000000000000e+00 -1.187079791621106079e-01 -1.095061829135106857e+00
1.766666666666666607e+00 -1.039539058264513927e-01 -6.983414295879998290e-01
1.783333333333333215e+00 -9.542993150917727929e-02 -3.923252658940819537e-01
1.800000000000000044e+00 -9.087639696331532846e-02 -2.347865629193916781e-01
1.816666666666666652e+00 -8.760371274519755669e-02 -1.864992752105151808e-01
1.833333333333333259e+00 -8.465975445629815577e-02 -1.633716584024320906e-01
1.849999999999999867e+00 -8.215799079844982034e-02 -1.466586399341608671e-01
1.866666666666666696e+00 -7.977113312515946020e-02 -1.413800902394826697e-01
1.883333333333333304e+00 -7.744532112380039801e-02 -1.341355540158460646e-01
1.899999999999999911e+00 -7.529994799129792471e-02 -1.601611454651583055e-01
1.916666666666666741e+00 -7.210661627496178783e-02 -2.894886170284048932e-01
1.933333333333333348e+00 -6.565032742368442920e-02 -1.945992319613743193e+00
1.949999999999999956e+00 -7.240205621170349957e-03 -1.940122456927356520e+00
1.966666666666666563e+00 -9.795788594392053957e-04 -2.111722830807780116e-01
1.983333333333333393e+00 -2.011295184777496439e-04 -2.938736578317616144e-02
2.000000000000000000e+00 0.000000000000000000e+00 -1.206777110866497950e-02
