0.000000000000000000e+00 2.521428290547787014e+02 4.612735433922068751e+02
1.666666666666666644e-02 2.444549366649085869e+02 4.612735433922068751e+02
3.333333333333333287e-02 2.367670442750384723e+02 4.612735433922068751e+02
5.000000000000000278e-02 2.290791518851683577e+02 4.612735433922068751e+02
6.666666666666666574e-02 2.213912594952982431e+02 4.612735433922068751e+02
8.333333333333332871e-02 2.137033671054281285e+02 4.612735433922068751e+02
1.000000000000000056e-01 2.060154747155580139e+02 4.612735433922068751e+02
1.166666666666666685e-01 1.983275823256878994e+02 4.612735433922068751e+02
1.333333333333333315e-01 1.906396899358177848e+02 4.612735433922068751e+02
1.499999999999999944e-01 1.829517975459476702e+02 4.612735433922068751e+02
1.666666666666666574e-01 1.752639051560775556e+02 4.612735433922068751e+02
1.833333333333333204e-01 1.675760127662074410e+02 4.612735433922068751e+02
2.000000000000000111e-01 1.598881203763373264e+02 4.612735433922068751e+02
2.166666666666666741e-01 1.522002279864672118e+02 4.612735433922068751e+02
2.333333333333333370e-01 1.445123355965970973e+02 4.612735433922068751e+02
2.500000000000000000e-01 1.368244432067269827e+02 4.612735433922068751e+02
2.666666666666666630e-01 1.291365508168568681e+02 4.612735433922068751e+02
2.833333333333333259e-01 1.214486584269867535e+02 4.612735433922068751e+02
2.999999999999999889e-01 1.137607660371166389e+02 4.612735433922068751e+02
3.166666666666666519e-01 1.060728736472465243e+02 4.612735433922068751e+02
3.333333333333333148e-01 9.838498125737640976e+01 4.612735433922068751e+02
3.499999999999999778e-01 9.069708886750629517e+01 4.612735433922068751e+02
3.666666666666666408e-01 8.300919647763618059e+01 4.612735433922068751e+02
3.833333333333333037e-01 7.532130408776606600e+01 4.612735433922077277e+02
4.000000000000000222e-01 6.763341169789592300e+01 4.612735433922075003e+02
4.166666666666666852e-01 5.994551930802581552e+01 4.612735433922064772e+02
4.333333333333333481e-01 5.225762691815570804e+01 4.612735433922066477e+02
4.500000000000000111e-01 4.456973452828559346e+01 4.612735433922068751e+02
4.666666666666666741e-01 3.688184213841547887e+01 4.612735433922068751e+02
4.833333333333333370e-01 2.919394974854536429e+01 4.612735433922068751e+02
5.000000000000000000e-01 2.150605735867524970e+01 4.612735433922060793e+02
5.166666666666666075e-01 1.381816496880516176e+01 3.549500011006880982e+02
5.333333333333333259e-01 9.674390655318980237e+00 2.269564718806522592e+02
5.500000000000000444e-01 6.252949239450086516e+00 1.858586402877025989e+02
5.666666666666666519e-01 3.479102645728894050e+00 1.495330972196297807e+02
5.833333333333333703e-01 1.268512665462427913e+00 1.168474358264543014e+02
5.999999999999999778e-01 -4.158118818195828958e-01 8.715386982438050723e+01
6.166666666666666963e-01 -1.636616328683589083e+00 6.103521902044168712e+01
6.333333333333333037e-01 -2.450319182500972470e+00 3.931465881609640434e+01
6.500000000000000222e-01 -2.947104955886802546e+00 2.308211520840844244e+01
6.666666666666666297e-01 -3.219723022781253885e+00 1.231390337465238716e+01
6.833333333333333481e-01 -3.357568401708548755e+00 5.822693339576896498e+00
6.999999999999999556e-01 -3.413812800767150435e+00 1.409115492061445707e+00
7.166666666666666741e-01 -3.404538918110596946e+00 -3.040147283179290838e+00
7.333333333333332815e-01 -3.312474557994507407e+00 -8.654104854280864956e+00
7.500000000000000000e-01 -3.116068756301234810e+00 -1.466055297057813789e+01
7.666666666666666075e-01 -2.823789458975236144e+00 -1.944941297674551706e+01
7.833333333333333259e-01 -2.467754990409717575e+00 -2.192884382879919158e+01
8.000000000000000444e-01 -2.092827998015263091e+00 -2.220455915144492565e+01
8.166666666666666519e-01 -1.727603018694886750e+00 -2.102117623870148932e+01
8.333333333333333703e-01 -1.392122123391880129e+00 -1.912580099968312197e+01
8.499999999999999778e-01 -1.090076318705449410e+00 -1.667319799819013681e+01
8.666666666666666963e-01 -8.363488567855422717e-01 -1.355037021952303888e+01
8.833333333333333037e-01 -6.383973113880148098e-01 -9.781435943502229335e+00
9.000000000000000222e-01 -5.103009920021346346e-01 -6.073107663929982358e+00
9.166666666666666297e-01 -4.359603892570154127e-01 -3.343272059040692135e+00
9.333333333333333481e-01 -3.988585900341115598e-01 -1.683335763594987045e+00
9.499999999999999556e-01 -3.798491971371825149e-01 -5.524453083474190063e-01
9.666666666666666741e-01 -3.804437464225309262e-01 5.109763750043955222e-01
9.833333333333332815e-01 -3.968817429706623656e-01 1.307886805324746105e+00
1.000000000000000000e+00 -4.240399732666891297e-01 1.587921844648987335e+00
1.016666666666666607e+00 -4.498124711256286101e-01 1.445955289789416787e+00
1.033333333333333215e+00 -4.722384829263363559e-01 1.666510777037222280e+00
1.050000000000000044e+00 -5.053628303602026861e-01 2.774035622425202074e+00
1.066666666666666652e+00 -5.647063370071764288e-01 4.321483855761067971e+00
1.083333333333333259e+00 -6.494122922189049518e-01 5.253697074265501143e+00
1.100000000000000089e+00 -7.398295728160264595e-01 4.778523090181690414e+00
1.116666666666666696e+00 -8.086963952249612841e-01 2.604530450766744387e+00
1.133333333333333304e+00 -8.266472545082512724e-01 -5.583578357857676977e-01
1.149999999999999911e+00 -7.900844673654356942e-01 -3.321928147874804171e+00
1.166666666666666741e+00 -7.159163162457578000e-01 -4.360688301664027655e+00
1.183333333333333348e+00 -6.447281906433014464e-01 -3.224702615030924591e+00
1.199999999999999956e+00 -6.084262290780603211e-01 -8.993097581167475152e-01
1.216666666666666563e+00 -6.147511987060765293e-01 1.169122665198250033e+00
1.233333333333333393e+00 -6.473969845846686555e-01 2.183806891839473963e+00
1.250000000000000000e+00 -6.875447617673923206e-01 2.146163288490136267e+00
1.266666666666666607e+00 -7.189357608676731903e-01 1.540911792609931386e+00
1.283333333333333215e+00 -7.389084881877233668e-01 8.915151898356443727e-01
1.300000000000000044e+00 -7.486529338621946694e-01 3.908610950750313062e-01
1.316666666666666652e+00 -7.519371913568910770e-01 6.135237375298641105e-02
1.333333333333333259e+00 -7.506980129872942165e-01 -1.555659811604415133e-01
1.350000000000000089e+00 -7.467516586515430266e-01 -3.571251207930337124e-01
1.366666666666666696e+00 -7.387938422941930927e-01 -6.308455177990024421e-01
1.383333333333333304e+00 -7.257234747249096118e-01 -8.632695970540793518e-01
1.399999999999999911e+00 -7.100181890590571143e-01 -9.361172113166693620e-01
1.416666666666666741e+00 -6.945195676810206331e-01 -8.968959807704979248e-01
1.433333333333333348e+00 -6.801216563667071835e-01 -9.267402308906147468e-01
1.449999999999999956e+00 -6.636282266513334749e-01 -1.170061383159193280e+00
1.466666666666666563e+00 -6.411196102614007408e-01 -1.541319069494125893e+00
1.483333333333333393e+00 -6.122509243348626118e-01 -1.981337394248977590e+00
1.500000000000000000e+00 -5.750750304531014878e-01 -2.530818811656509126e+00
1.516666666666666607e+00 -5.278902972796456483e-01 -3.131346445426439917e+00
1.533333333333333215e+00 -4.706968156055534869e-01 -3.666386114645157512e+00
1.550000000000000044e+00 -4.056774267914737275e-01 -4.028073387196462463e+00
1.566666666666666652e+00 -3.364277026990047381e-01 -4.040273156060355753e+00
1.583333333333333259e+00 -2.710016549227952098e-01 -3.670582978787786388e+00
1.600000000000000089e+00 -2.140749367394118585e-01 -2.997610756450022507e+00
1.616666666666666696e+00 -1.710812963744611226e-01 -2.228700539452336038e+00
1.633333333333333304e+00 -1.397849187576673258e-01 -1.634858197013037140e+00
1.649999999999999911e+00 -1.165860231406932179e-01 -1.369975636264773033e+00
1.666666666666666741e+00 -9.411906421550822466e-02 -1.373998193395685297e+00
1.683333333333333348e+00 -7.078608336083704045e-02 -1.453297114745256691e+00
1.699999999999999956e+00 -4.567582705733300164e-02 -1.447677465785895068e+00
1.716666666666666563e+00 -2.253016783464054096e-02 -1.308875535690580572e+00
1.733333333333333393e+00 -2.046642534313651909e-03 -1.093757514820484111e+00
1.750000000000000000e+00 1.392841599270893023e-02 -8.539424278690811443e-01
1.766666666666666607e+00 2.641810506132238542e-02 -6.208853811056089800e-01
1.783333333333333215e+00 3.462459536289589496e-02 -3.660497312044226348e-01
1.800000000000000044e+00 3.861976276813647302e-02 -8.872361603284417697e-02
1.816666666666666652e+00 3.758204923065736752e-02 1.919498074430947554e-01
1.833333333333333259e+00 3.222143585336664784e-02 4.325938746575134219e-01
1.849999999999999867e+00 2.316225340874025415e-02 5.944336511361590913e-01
1.866666666666666696e+00 1.240698081549467674e-02 6.338874670446288384e-01
1.883333333333333304e+00 2.032671173919290211e-03 5.707407714998480319e-01
1.899999999999999911e+00 -6.617711567833590124e-03 4.578010306275683283e-01
1.916666666666666741e+00 -1.322736318033298705e-02 3.165113618921273630e-01
1.933333333333333348e+00 -1.716809029757116953e-02 -2.367279660886579540e-01
1.949999999999999956e+00 -5.336430977377721804e-03 -4.913311411580422172e-01
1.966666666666666563e+00 -7.903855923030951363e-04 -1.575565702741866247e-01
1.983333333333333393e+00 -8.454530157150112670e-05 -2.371156776909285474e-02
2.000000000000000000e+00 0.000000000000000000e+00 -5.072718094290067439e-03
