0.0000 889.2808 1845.9013
0.0167 858.5158 1845.9013
0.0333 827.7508 1845.9013
0.0500 796.9858 1845.9013
0.0667 766.2207 1845.9013
0.0833 735.4557 1845.9013
0.1000 704.6907 1845.9013
0.1167 673.9257 1845.9013
0.1333 643.1606 1845.9013
0.1500 612.3956 1845.9013
0.1667 581.6306 1845.9013
0.1833 550.8656 1845.9013
0.2000 520.1006 1845.9013
0.2167 489.3355 1845.9013
0.2333 458.5705 1845.9013
0.2500 427.8055 1845.9013
0.2667 397.0405 1845.9013
0.2833 366.2755 1845.9013
0.3000 335.5104 1845.9013
0.3167 304.7454 1845.9013
0.3333 273.9804 1845.9013
0.3500 243.2154 1845.9013
0.3667 212.4503 1845.9013
0.3833 181.6853 1845.9013
0.4000 150.9203 1845.9013
0.4167 120.1553 1845.9013
0.4333 89.3903 1845.9013
0.4500 58.6252 1845.9013
0.4667 27.8602 1291.3675
0.4833 15.5797 651.2939
0.5000 6.1504 470.2548
0.5167 -0.0955 325.1945
0.5333 -4.6894 243.5221
0.5500 -8.2129 192.5823
0.5667 -11.1088 156.5059
0.5833 -13.4298 125.8783
0.6000 -15.3047 95.2131
0.6167 -16.6035 58.3842
0.6333 -17.2509 24.9752
0.6500 -17.4360 -5.8096
0.6667 -17.0572 -42.5794
0.6833 -16.0167 -75.7925
0.7000 -14.5308 -93.4242
0.7167 -12.9026 -90.4095
0.7333 -11.5172 -74.6423
0.7500 -10.4145 -60.2818
0.7667 -9.5078 -45.9820
0.7833 -8.8818 -39.2130
0.8000 -8.2007 -34.3601
0.8167 -7.7364 -30.5328
0.8333 -7.1829 -23.2042
0.8500 -6.9630 -13.8234
0.8667 -6.7221 -13.6170
0.8833 -6.5091 -15.1061
0.9000 -6.2186 -18.5411
0.9167 -5.8910 -22.4426
0.9333 -5.4705 -22.6697
0.9500 -5.1354 -27.9887
0.9667 -4.5375 -40.2323
0.9833 -3.7943 -47.2883
1.0000 -2.9613 -42.5601
1.0167 -2.3756 -35.2608
1.0333 -1.7859 -32.4189
1.0500 -1.2950 -27.1815
1.0667 -0.8799 -15.2878
1.0833 -0.7854 -0.8814
1.1000 -0.8505 5.9188
1.1167 -0.9827 9.5903
1.1333 -1.1702 16.7821
1.1500 -1.5421 27.8921
1.1667 -2.0999 33.9941
1.1833 -2.6752 37.3045
1.2000 -3.3434 42.0779
1.2167 -4.0778 42.9188
1.2333 -4.7740 43.6379
1.2500 -5.5324 43.2765
1.2667 -6.2166 36.0677
1.2833 -6.7347 28.4523
1.3000 -7.1650 23.4768
1.3167 -7.5172 16.2205
1.3333 -7.7057 10.5009
1.3500 -7.8673 5.9304
1.3667 -7.9033 -0.0100
1.3833 -7.8669 -4.8177
1.4000 -7.7427 -8.9752
1.4167 -7.5678 -10.2581
1.4333 -7.4008 -14.0948
1.4500 -7.0979 -19.6218
1.4667 -6.7467 -22.2142
1.4833 -6.3575 -22.8083
1.5000 -5.9865 -20.6167
1.5167 -5.6702 -22.7541
1.5333 -5.2280 -26.9915
1.5500 -4.7705 -26.4949
1.5667 -4.3448 -28.1993
1.5833 -3.8306 -28.0670
1.6000 -3.4093 -27.4358
1.6167 -2.9160 -28.7928
1.6333 -2.4495 -27.5835
1.6500 -1.9966 -22.1873
1.6667 -1.7099 -17.4318
1.6833 -1.4155 -20.9040
1.7000 -1.0131 -21.3480
1.7167 -0.7039 -16.2447
1.7333 -0.4716 -14.0327
1.7500 -0.2362 -10.6044
1.7667 -0.1182 -7.1766
1.7833 0.0031 -4.9424
1.8000 0.0466 -3.2379
1.8167 0.1110 -1.5215
1.8333 0.0973 0.0934
1.8500 0.1079 -1.8260
1.8667 0.1582 -0.2955
1.8833 0.1177 2.0800
1.9000 0.0888 1.9806
1.9167 0.0517 1.5322
1.9333 0.0378 0.6912
1.9500 0.0287 0.9697
1.9667 0.0054 0.8468
1.9833 0.0004 0.1632
2.0000 0.0000 0.0262
