0.000000000000000000e+00 1.807525921927993295e+03 4.120230911876260507e+03
1.666666666666666644e-02 1.738855406730055620e+03 4.120230911876260507e+03
3.333333333333333287e-02 1.670184891532117945e+03 4.120230911876254140e+03
5.000000000000000278e-02 1.601514376334180497e+03 4.120230911876254140e+03
6.666666666666666574e-02 1.532843861136242822e+03 4.120230911876260507e+03
8.333333333333332871e-02 1.464173345938305147e+03 4.120230911876267783e+03
1.000000000000000056e-01 1.395502830740367244e+03 4.120230911876260507e+03
1.166666666666666685e-01 1.326832315542429797e+03 4.120230911876260507e+03
1.333333333333333315e-01 1.258161800344491894e+03 4.120230911876260507e+03
1.499999999999999944e-01 1.189491285146554446e+03 4.120230911876260507e+03
1.666666666666666574e-01 1.120820769948616544e+03 4.120230911876267783e+03
1.833333333333333204e-01 1.052150254750678869e+03 4.120230911876260507e+03
2.000000000000000111e-01 9.834797395527411936e+02 4.120230911876260507e+03
2.166666666666666741e-01 9.148092243548035185e+02 4.120230911876256869e+03
2.333333333333333370e-01 8.461387091568659571e+02 4.120230911876256869e+03
2.500000000000000000e-01 7.774681939589282820e+02 4.120230911876260507e+03
2.666666666666666630e-01 7.087976787609906069e+02 4.120230911876260507e+03
2.833333333333333259e-01 6.401271635630529317e+02 4.120230911876260507e+03
2.999999999999999889e-01 5.714566483651152566e+02 4.120230911876260507e+03
3.166666666666666519e-01 5.027861331671775815e+02 4.120230911876258688e+03
3.333333333333333148e-01 4.341156179692399633e+02 4.120230911876258688e+03
3.499999999999999778e-01 3.654451027713022881e+02 4.120230911876260507e+03
3.666666666666666408e-01 2.967745875733646130e+02 4.120230911876260507e+03
3.833333333333333037e-01 2.281040723754269379e+02 4.120230911876266873e+03
4.000000000000000222e-01 1.594335571774890639e+02 4.120230911876265964e+03
4.166666666666666852e-01 9.076304197955140296e+01 4.120230911876259597e+03
4.333333333333333481e-01 2.209252678161373851e+01 2.463705902187283755e+03
4.500000000000000111e-01 8.639511906641946126e+00 6.044322856687879266e+02
4.666666666666666741e-01 1.944783925987477735e+00 3.131043215583112556e+02
4.833333333333333370e-01 -1.797298811968428112e+00 1.703578627479477632e+02
5.000000000000000000e-01 -3.733811498944114238e+00 7.654535570809018452e+01
5.166666666666666075e-01 -4.348810668904767418e+00 7.660451344321512757e+00
5.333333333333333259e-01 -3.989159877088164663e+00 -3.825713896718296780e+01
5.500000000000000444e-01 -3.073572703332001943e+00 -5.201751361101544546e+01
5.666666666666666519e-01 -2.255242756720983177e+00 -3.171137508895836632e+01
5.833333333333333703e-01 -2.016526867033389792e+00 -1.602997964563090960e+00
5.999999999999999778e-01 -2.201809491235546812e+00 9.315443012488154650e+00
6.166666666666666963e-01 -2.327041634116328250e+00 3.765129328495038230e+00
6.333333333333333037e-01 -2.327313802185381419e+00 1.098777541450051132e+00
6.500000000000000222e-01 -2.363667552164663288e+00 5.588237227570651555e+00
6.666666666666666297e-01 -2.513588376437736471e+00 1.085391382633130952e+01
6.833333333333333481e-01 -2.725464679709040272e+00 1.342448755195102628e+01
6.999999999999999556e-01 -2.961071294836103984e+00 1.381212327868592382e+01
7.166666666666666741e-01 -3.185868788998571066e+00 1.230899314118171084e+01
7.333333333333332815e-01 -3.371371066208827649e+00 8.220589327821384629e+00
7.500000000000000000e-01 -3.459888433259283858e+00 9.641610650094767365e-01
7.666666666666666075e-01 -3.403509768375810207e+00 -8.116691578320450517e+00
7.833333333333333259e-01 -3.189332047315268870e+00 -1.621256814655994560e+01
8.000000000000000444e-01 -2.863090830157145383e+00 -2.106680291532059002e+01
8.166666666666666519e-01 -2.487105283471249262e+00 -2.245233034608221345e+01
8.333333333333333703e-01 -2.114679818621071572e+00 -2.140642082131768831e+01
8.499999999999999778e-01 -1.773557922760659711e+00 -1.909861152098816817e+01
8.666666666666666963e-01 -1.478059434588132603e+00 -1.640926310892776385e+01
8.833333333333333037e-01 -1.226582485796400945e+00 -1.396229028687828233e+01
9.000000000000000222e-01 -1.012649758358856511e+00 -1.213545618399340675e+01
9.166666666666666297e-01 -8.220672796632874091e-01 -1.064138926282842057e+01
9.333333333333333481e-01 -6.579367829312424698e-01 -8.956445841085292514e+00
9.499999999999999556e-01 -5.235190849604443031e-01 -6.989331146186060550e+00
9.666666666666666741e-01 -4.249590780583737959e-01 -5.020858803509768542e+00
9.833333333333332815e-01 -3.561571248434520220e-01 -3.538544264825916219e+00
1.000000000000000000e+00 -3.070076025641765849e-01 -3.035605666644151768e+00
1.016666666666666607e+00 -2.549702692886469668e-01 -3.523928818574067368e+00
1.033333333333333215e+00 -1.895433086117076782e-01 -4.610800196674853524e+00
1.050000000000000044e+00 -1.012769293994851966e-01 -5.718012034258329379e+00
1.066666666666666652e+00 1.057092530236631439e-03 -6.127100206383263803e+00
1.083333333333333259e+00 1.029597441466235802e-01 -5.397175625247692565e+00
1.100000000000000089e+00 1.809629467051597218e-01 -3.670587204972864726e+00
1.116666666666666696e+00 2.253126509790523979e-01 -1.525999587183878070e+00
1.133333333333333304e+00 2.318295996112889890e-01 3.811088384921842986e-01
1.149999999999999911e+00 2.126090230293129213e-01 1.584371413822312169e+00
1.166666666666666741e+00 1.790172191505452481e-01 2.021408574411438952e+00
1.183333333333333348e+00 1.452287372155982859e-01 1.823054636922969207e+00
1.199999999999999956e+00 1.182487312531129431e-01 1.252105921078595863e+00
1.216666666666666563e+00 1.034918731796450886e-01 6.682174158963727351e-01
1.233333333333333393e+00 9.597481738990051858e-02 2.262371046858285828e-01
1.250000000000000000e+00 9.595063635678413583e-02 -7.040215667832791513e-02
1.266666666666666607e+00 9.832155594584478242e-02 -6.273371530845742172e-02
1.283333333333333215e+00 9.804176020039938322e-02 3.071606104960847294e-01
1.300000000000000044e+00 8.808286892930862477e-02 8.106962467342987422e-01
1.316666666666666652e+00 7.101855197592275848e-02 1.166155915124836628e+00
1.333333333333333259e+00 4.921100509181407234e-02 1.360817157478793282e+00
1.350000000000000089e+00 2.565798005996298287e-02 1.523142886728277468e+00
1.366666666666666696e+00 -1.560424465795180130e-03 1.669022224517204611e+00
1.383333333333333304e+00 -2.997609409061050695e-02 1.677599179049938938e+00
1.399999999999999911e+00 -5.748039710079314024e-02 1.516282309179880938e+00
1.416666666666666741e+00 -8.051883772993986832e-02 1.297134533012884061e+00
1.433333333333333348e+00 -1.007182148678892747e-01 1.148466830761749824e+00
1.449999999999999956e+00 -1.188010654219981976e-01 1.121630211390076237e+00
1.466666666666666563e+00 -1.381058885808918169e-01 1.242312648040790668e+00
1.483333333333333393e+00 -1.602114870233578847e-01 1.458551992271010178e+00
1.500000000000000000e+00 -1.867242883232588246e-01 1.606907415822574903e+00
1.516666666666666607e+00 -2.137750675507770481e-01 1.486917589757373648e+00
1.533333333333333215e+00 -2.362882079818379444e-01 1.024493834860385810e+00
1.550000000000000044e+00 -2.479248620461232400e-01 3.163559277933369884e-01
1.566666666666666652e+00 -2.468334055749491773e-01 -4.080583704056672811e-01
1.583333333333333259e+00 -2.343229163659343306e-01 -9.320861859749466349e-01
1.600000000000000089e+00 -2.157638660424509580e-01 -1.148055756867574884e+00
1.616666666666666696e+00 -1.960543911370151715e-01 -1.117507502518801488e+00
1.633333333333333304e+00 -1.785136159584909121e-01 -9.869143594546817555e-01
1.649999999999999911e+00 -1.631572458218591148e-01 -8.928484235274556369e-01
1.666666666666666741e+00 -1.487520018409090594e-01 -8.635875388041078793e-01
1.683333333333333348e+00 -1.343709945283888541e-01 -8.790731522041593804e-01
1.699999999999999956e+00 -1.194495634341037477e-01 -9.196233238390748577e-01
1.716666666666666563e+00 -1.037168837337530264e-01 -9.756870629184394295e-01
1.733333333333333393e+00 -8.692666133682243335e-02 -9.985323294956188755e-01
1.750000000000000000e+00 -7.043247275056573053e-02 -9.621830301408440533e-01
1.766666666666666607e+00 -5.485389366546096490e-02 -8.298993123707768538e-01
1.783333333333333215e+00 -4.276916233820650393e-02 -5.983141095061353942e-01
1.800000000000000044e+00 -3.491009001525645361e-02 -3.336219355841746337e-01
1.816666666666666652e+00 -3.164843115206734947e-02 -1.078180951710362712e-01
1.833333333333333259e+00 -3.131615350955524457e-02 4.459360577396584424e-02
1.849999999999999867e+00 -3.313488467786621094e-02 1.190338199150620113e-01
1.866666666666666696e+00 -3.528394750672397828e-02 1.482965024180688818e-01
1.883333333333333304e+00 -3.807810142513517321e-02 1.792212937084295687e-01
1.899999999999999911e+00 -4.125799063033829678e-02 1.875018490010861572e-01
1.916666666666666741e+00 -4.432816305850471178e-02 9.677855572330945622e-02
1.933333333333333348e+00 -4.448394248778194532e-02 -1.005445293156179920e+00
1.949999999999999956e+00 -1.081331995329870913e-02 -1.292765974553191644e+00
1.966666666666666563e+00 -1.391743336008888438e-03 -3.209956801274077010e-01
1.983333333333333393e+00 -1.134639490517865885e-04 -4.175230008026665357e-02
2.000000000000000000e+00 0.000000000000000000e+00 -6.807836943107195039e-03
