0.000000000000000000e+00 1.784503889786347486e+02 3.700731130062752072e+02
1.666666666666666644e-02 1.722825037618634951e+02 3.700731130062760599e+02
3.333333333333333287e-02 1.661146185450922133e+02 3.700731130062760599e+02
5.000000000000000278e-02 1.599467333283209598e+02 3.700731130062752072e+02
6.666666666666666574e-02 1.537788481115497063e+02 3.700731130062760599e+02
8.333333333333332871e-02 1.476109628947784245e+02 3.700731130062769125e+02
1.000000000000000056e-01 1.414430776780071426e+02 3.700731130062752072e+02
1.166666666666666685e-01 1.352751924612359176e+02 3.700731130062752072e+02
1.333333333333333315e-01 1.291073072444646357e+02 3.700731130062760599e+02
1.499999999999999944e-01 1.229394220276933822e+02 3.700731130062760599e+02
1.666666666666666574e-01 1.167715368109221004e+02 3.700731130062760599e+02
1.833333333333333204e-01 1.106036515941508469e+02 3.700731130062760599e+02
2.000000000000000111e-01 1.044357663773795650e+02 3.700731130062760599e+02
2.166666666666666741e-01 9.826788116060831157e+01 3.700731130062752072e+02
2.333333333333333370e-01 9.209999594383705812e+01 3.700731130062760599e+02
2.500000000000000000e-01 8.593211072706577625e+01 3.700731130062760599e+02
2.666666666666666630e-01 7.976422551029452279e+01 3.700731130062752072e+02
2.833333333333333259e-01 7.359634029352326934e+01 3.700731130062760599e+02
2.999999999999999889e-01 6.742845507675198746e+01 3.700731130062760599e+02
3.166666666666666519e-01 6.126056985998073401e+01 3.700731130062754346e+02
3.333333333333333148e-01 5.509268464320947345e+01 3.700731130062756620e+02
3.499999999999999778e-01 4.892479942643821289e+01 3.700731130062758325e+02
3.666666666666666408e-01 4.275691420966694523e+01 3.700731130062758325e+02
3.833333333333333037e-01 3.658902899289568467e+01 3.700731130062762873e+02
4.000000000000000222e-01 3.042114377612440279e+01 3.700731130062764009e+02
4.166666666666666852e-01 2.425325855935313868e+01 3.700731130062758325e+02
4.333333333333333481e-01 1.808537334258187457e+01 3.700731130062757188e+02
4.500000000000000111e-01 1.191748812581061401e+01 3.700731130062757188e+02
4.666666666666666741e-01 5.749602909039351673e+00 2.644703739043652604e+02
4.833333333333333370e-01 3.101808995665106039e+00 1.313145668109572455e+02
5.000000000000000000e-01 1.372450682007444023e+00 8.887585224656591265e+01
5.166666666666666075e-01 1.392805874462423321e-01 6.359639634067924163e+01
5.333333333333333259e-01 -7.474291960151975278e-01 4.503379688637124900e+01
5.500000000000000444e-01 -1.361845975432799172e+00 3.012556228712226414e+01
5.666666666666666519e-01 -1.751614605585939621e+00 1.782369837254478284e+01
5.833333333333333703e-01 -1.955969254517625266e+00 7.792936861030841378e+00
5.999999999999999778e-01 -2.011379167620301001e+00 -7.124651351452016002e-02
6.166666666666666963e-01 -1.953594370733807928e+00 -5.810848174684413614e+00
6.333333333333333037e-01 -1.817684228464153895e+00 -9.536828398905374371e+00
6.500000000000000222e-01 -1.635700090770295434e+00 -1.150124897810653835e+01
6.666666666666666297e-01 -1.434309262527269313e+00 -1.196442882232451055e+01
6.833333333333333481e-01 -1.236885796692811734e+00 -1.140991770680685669e+01
6.999999999999999556e-01 -1.053978672300374120e+00 -1.057758892234800996e+01
7.166666666666666741e-01 -8.842994992812114319e-01 -9.967321505346113497e+00
7.333333333333332815e-01 -7.217346221221703217e-01 -9.669457169390581086e+00
7.500000000000000000e-01 -5.619842603015253735e-01 -9.488219165797369570e+00
7.666666666666666075e-01 -4.054606499289246657e-01 -9.122246402425892242e+00
7.833333333333333259e-01 -2.579093802206622876e-01 -8.473367263359586232e+00
8.000000000000000444e-01 -1.230150744836051580e-01 -7.573644663938393862e+00
8.166666666666666519e-01 -5.454558089382527397e-03 -6.514024716107956081e+00
8.333333333333333703e-01 9.411908271999334941e-02 -5.354598055468930085e+00
8.499999999999999778e-01 1.730320437595818106e-01 -4.160635934529255842e+00
8.666666666666666963e-01 2.328069472043018673e-01 -3.022900854494311673e+00
8.833333333333333037e-01 2.737954055760588590e-01 -1.967624597617322557e+00
9.000000000000000222e-01 2.983944337915459544e-01 -1.036188506911046581e+00
9.166666666666666297e-01 3.083350224730937450e-01 -3.200539832396648299e-01
9.333333333333333481e-01 3.090628998995347820e-01 1.114192275635017548e-01
9.499999999999999556e-01 3.046210482209770198e-01 3.393391143370322327e-01
9.666666666666666741e-01 2.977515960883003743e-01 5.312803168211999161e-01
9.833333333333332815e-01 2.869117043269370226e-01 7.564827712794947034e-01
1.000000000000000000e+00 2.725355037123172175e-01 9.578488349035607641e-01
1.016666666666666607e+00 2.549834098301516638e-01 1.017823388833259957e+00
1.033333333333333215e+00 2.386080574178752189e-01 8.475299076734669201e-01
1.050000000000000044e+00 2.267324129077027683e-01 5.173642298296291520e-01
1.066666666666666652e+00 2.213625830902209157e-01 1.204572726433905672e-01
1.083333333333333259e+00 2.227171704862564161e-01 -2.808135256865434970e-01
1.100000000000000089e+00 2.307230339464390323e-01 -6.074944523756490300e-01
1.116666666666666696e+00 2.429669855654447153e-01 -7.596029950594832547e-01
1.133333333333333304e+00 2.560431337817551389e-01 -7.268062231386596128e-01
1.149999999999999911e+00 2.671938596700667023e-01 -6.045858210261623178e-01
1.166666666666666741e+00 2.761959944826272162e-01 -5.082280086781021389e-01
1.183333333333333348e+00 2.841347932926701070e-01 -4.629727745624012680e-01
1.199999999999999956e+00 2.916284203013739251e-01 -4.438616685147245278e-01
1.216666666666666563e+00 2.989301822431609246e-01 -4.373904671186984450e-01
1.233333333333333393e+00 3.062081025386638733e-01 -4.345943898950788142e-01
1.250000000000000000e+00 3.134166619063302184e-01 -4.262516366968027715e-01
1.266666666666666607e+00 3.204164904285572990e-01 -3.937106508895715784e-01
1.283333333333333215e+00 3.265403502693159377e-01 -3.232524624860760865e-01
1.300000000000000044e+00 3.311915725114265019e-01 -2.370771905269541957e-01
1.316666666666666652e+00 3.344429232868810775e-01 -1.658817741844126337e-01
1.333333333333333259e+00 3.367209649842402563e-01 -1.174812718439693926e-01
1.350000000000000089e+00 3.383589656816800573e-01 -7.002438472884509046e-02
1.366666666666666696e+00 3.390551111418684260e-01 -1.138265916217739981e-02
1.383333333333333304e+00 3.387383876537526373e-01 5.071108677649593943e-02
1.399999999999999911e+00 3.373647415826518947e-01 1.254111567770593849e-01
1.416666666666666741e+00 3.345580157611839911e-01 2.246961820327991743e-01
1.433333333333333348e+00 3.298748688482252556e-01 3.288574920676640145e-01
1.449999999999999956e+00 3.235960993589285239e-01 3.967479530858214476e-01
1.466666666666666563e+00 3.166499370786978740e-01 4.186009596484885353e-01
1.483333333333333393e+00 3.096427340373122394e-01 4.163479706952089021e-01
1.500000000000000000e+00 3.027716713888575772e-01 4.042575629635875023e-01
1.516666666666666607e+00 2.961674819385259894e-01 4.067419237552838407e-01
1.533333333333333215e+00 2.892136072636814492e-01 4.431247901764334696e-01
1.550000000000000044e+00 2.813966555993115404e-01 5.064407359915185092e-01
1.566666666666666652e+00 2.723322493972974989e-01 5.826834329110647248e-01
1.583333333333333259e+00 2.619738745022760495e-01 6.494873745985041413e-01
1.600000000000000089e+00 2.506826702440140275e-01 6.902555219214023818e-01
1.616666666666666696e+00 2.389653571048959702e-01 6.936148343822268192e-01
1.633333333333333304e+00 2.275621757646064669e-01 6.657973442651824447e-01
1.649999999999999911e+00 2.167721122960565572e-01 6.266259357049469569e-01
1.666666666666666741e+00 2.066746445744415683e-01 5.879523420190228000e-01
1.683333333333333348e+00 1.971737008954224657e-01 5.641042530437090363e-01
1.699999999999999956e+00 1.878711694729846005e-01 5.712888373786160212e-01
1.716666666666666563e+00 1.781307396494686002e-01 6.076567849763573337e-01
1.733333333333333393e+00 1.676159433071060245e-01 6.507588025855929326e-01
1.750000000000000000e+00 1.564387795632821709e-01 6.802972270368812246e-01
1.766666666666666607e+00 1.449393690725433170e-01 6.913757873820092215e-01
1.783333333333333215e+00 1.333929199838818636e-01 6.823652404356065349e-01
1.800000000000000044e+00 1.221938610580231011e-01 6.560641460935129343e-01
1.816666666666666652e+00 1.115241151140980991e-01 6.254839817838913074e-01
1.833333333333333259e+00 1.013443949985600584e-01 6.009811773885364028e-01
1.849999999999999867e+00 9.149140920114688658e-02 5.896241642933461868e-01
1.866666666666666696e+00 8.169025618878185402e-02 5.926221122282704368e-01
1.883333333333333304e+00 7.173733879353787202e-02 6.053629743274844266e-01
1.899999999999999911e+00 6.151149037786570600e-02 6.176632015366453343e-01
1.916666666666666741e+00 5.114856540898302800e-02 6.220708189795749465e-01
1.933333333333333348e+00 4.077579641187987353e-02 1.167978754115613027e+00
1.949999999999999956e+00 1.221594027179592583e-02 1.181956327346032287e+00
1.966666666666666563e+00 1.377252167012125300e-03 3.629466198129970289e-01
1.983333333333333393e+00 1.177196113626911736e-04 4.131756501036375900e-02
2.000000000000000000e+00 0.000000000000000000e+00 7.063176681761470198e-03
