0.000000000000000000e+00 3.345100203028082433e+02 6.356208414456807532e+02
1.666666666666666644e-02 3.239163396120468974e+02 6.356208414456790479e+02
3.333333333333333287e-02 3.133226589212856084e+02 6.356208414456773426e+02
5.000000000000000278e-02 3.027289782305243193e+02 6.356208414456790479e+02
6.666666666666666574e-02 2.921352975397629734e+02 6.356208414456790479e+02
8.333333333333332871e-02 2.815416168490016844e+02 6.356208414456790479e+02
1.000000000000000056e-01 2.709479361582403385e+02 6.356208414456790479e+02
1.166666666666666685e-01 2.603542554674790495e+02 6.356208414456782521e+02
1.333333333333333315e-01 2.497605747767177320e+02 6.356208414456782521e+02
1.499999999999999944e-01 2.391668940859564430e+02 6.356208414456782521e+02
1.666666666666666574e-01 2.285732133951951255e+02 6.356208414456782521e+02
1.833333333333333204e-01 2.179795327044338364e+02 6.356208414456790479e+02
2.000000000000000111e-01 2.073858520136724906e+02 6.356208414456790479e+02
2.166666666666666741e-01 1.967921713229112015e+02 6.356208414456782521e+02
2.333333333333333370e-01 1.861984906321498840e+02 6.356208414456790479e+02
2.500000000000000000e-01 1.756048099413885666e+02 6.356208414456782521e+02
2.666666666666666630e-01 1.650111292506272775e+02 6.356208414456782521e+02
2.833333333333333259e-01 1.544174485598659601e+02 6.356208414456790479e+02
2.999999999999999889e-01 1.438237678691046426e+02 6.356208414456790479e+02
3.166666666666666519e-01 1.332300871783433251e+02 6.356208414456782521e+02
3.333333333333333148e-01 1.226364064875820361e+02 6.356208414456777973e+02
3.499999999999999778e-01 1.120427257968207329e+02 6.356208414456782521e+02
3.666666666666666408e-01 1.014490451060594296e+02 6.356208414456785931e+02
3.833333333333333037e-01 9.085536441529811214e+01 6.356208414456799574e+02
4.000000000000000222e-01 8.026168372453676625e+01 6.356208414456795026e+02
4.166666666666666852e-01 6.966800303377546300e+01 6.356208414456782521e+02
4.333333333333333481e-01 5.907432234301415974e+01 6.356208414456785931e+02
4.500000000000000111e-01 4.848064165225284228e+01 6.356208414456785931e+02
4.666666666666666741e-01 3.788696096149153902e+01 6.356208414456783657e+02
4.833333333333333370e-01 2.729328027073023222e+01 6.356208414456783657e+02
5.000000000000000000e-01 1.669959957996892541e+01 4.368011985544722506e+02
5.166666666666666075e-01 1.273324031891449160e+01 2.048415497251269244e+02
5.333333333333333259e-01 9.871547922464694480e+00 1.544169733669002369e+02
5.500000000000000444e-01 7.586007873351150010e+00 1.245071115513270570e+02
5.666666666666666519e-01 5.721310870753792521e+00 1.016640939902275136e+02
5.833333333333333703e-01 4.197204740343566165e+00 8.297695094598174137e+01
5.999999999999999778e-01 2.955412505887734742e+00 6.743414971589795925e+01
6.166666666666666963e-01 1.949399749813634397e+00 5.435645120921703466e+01
6.333333333333333037e-01 1.143530798913833690e+00 4.306005014105891604e+01
6.500000000000000222e-01 5.140647451116705513e-01 3.311995427272090353e+01
6.666666666666666297e-01 3.953232315647035866e-02 2.451021508004538774e+01
6.833333333333333481e-01 -3.029424242231757436e-01 1.727935905329045241e+01
6.999999999999999556e-01 -5.364463119532113522e-01 1.133727993580462368e+01
7.166666666666666741e-01 -6.808517554166632069e-01 6.490386439916138173e+00
7.333333333333332815e-01 -7.527925266170826246e-01 2.586291553541294697e+00
7.500000000000000000e-01 -7.670614738680396893e-01 -4.709678477857037748e-01
7.666666666666666075e-01 -7.370935983575591655e-01 -2.769183659289714772e+00
7.833333333333333259e-01 -6.747553518917158710e-01 -4.355932465267100540e+00
8.000000000000000444e-01 -5.918958495153224808e-01 -5.273758562885016765e+00
8.166666666666666519e-01 -4.989633997955486566e-01 -5.625022509762381162e+00
8.333333333333333703e-01 -4.043950991899097902e-01 -5.600237104523196230e+00
8.499999999999999778e-01 -3.122888296447754453e-01 -5.399466239106502030e+00
8.666666666666666963e-01 -2.244128912196930448e-01 -5.124710428491225045e+00
8.833333333333333037e-01 -1.414651486950679604e-01 -4.763276655807812787e+00
9.000000000000000222e-01 -6.563700269276596944e-02 -4.298244009513089381e+00
9.166666666666666297e-01 1.809651622035002294e-03 -3.782655085128848960e+00
9.333333333333333481e-01 6.045150014486233569e-02 -3.324082570820828586e+00
9.499999999999999556e-01 1.126124039827292866e-01 -2.960933936961678725e+00
9.666666666666666741e-01 1.591492980435849636e-01 -2.659596930343627541e+00
9.833333333333332815e-01 2.012656349941835399e-01 -2.419770251255744853e+00
1.000000000000000000e+00 2.398083064187764568e-01 -2.231596454871139112e+00
1.016666666666666607e+00 2.756521834898881806e-01 -2.065079954648884719e+00
1.033333333333333215e+00 3.086443049070726197e-01 -1.870117703540779663e+00
1.050000000000000044e+00 3.379894402745808324e-01 -1.615890781987852742e+00
1.066666666666666652e+00 3.625073309733343740e-01 -1.333243978068956004e+00
1.083333333333333259e+00 3.824309062102126955e-01 -1.049367772318067216e+00
1.100000000000000089e+00 3.974862567172699479e-01 -7.958305957109190754e-01
1.116666666666666696e+00 4.089585927339099980e-01 -6.061467363916905882e-01
1.133333333333333304e+00 4.176911479303263008e-01 -4.978661200809791909e-01
1.149999999999999911e+00 4.255541300699426377e-01 -4.588426763000619246e-01
1.166666666666666741e+00 4.329859038069950317e-01 -4.310136563811667321e-01
1.183333333333333348e+00 4.399212519493148621e-01 -3.869614743700128257e-01
1.199999999999999956e+00 4.458846196193287925e-01 -3.229934454921978837e-01
1.216666666666666563e+00 4.506877001323881249e-01 -2.597452848320053187e-01
1.233333333333333393e+00 4.545427957803956365e-01 -2.131445066822817980e-01
1.250000000000000000e+00 4.577925170217975182e-01 -1.484799409461473596e-01
1.266666666666666607e+00 4.594921271452672151e-01 -2.403019203390865943e-02
1.283333333333333215e+00 4.585935234229278068e-01 1.473659454723752482e-01
1.300000000000000044e+00 4.545799289628547069e-01 3.144362427356173217e-01
1.316666666666666652e+00 4.481123153317405627e-01 4.539847870509977623e-01
1.333333333333333259e+00 4.394471027278214481e-01 5.719591380762856225e-01
1.350000000000000089e+00 4.290470107291977087e-01 6.375243756343040857e-01
1.366666666666666696e+00 4.181962902066779786e-01 6.427907494695378476e-01
1.383333333333333304e+00 4.076206524135464471e-01 6.334574507921081343e-01
1.399999999999999911e+00 3.970810418469410408e-01 6.384666825499824006e-01
1.416666666666666741e+00 3.863384296618803670e-01 6.411785008846460077e-01
1.433333333333333348e+00 3.757084251507861739e-01 6.284791267730155395e-01
1.449999999999999956e+00 3.653891254361131824e-01 6.134525332960916177e-01
1.466666666666666563e+00 3.552600073742497866e-01 6.057465363186165241e-01
1.483333333333333393e+00 3.451975742254926316e-01 5.965776247342480243e-01
1.500000000000000000e+00 3.353740865497748525e-01 5.834055964964679486e-01
1.516666666666666607e+00 3.257507210089437000e-01 5.696804066774591169e-01
1.533333333333333215e+00 3.163847396605262152e-01 5.555842547627354300e-01
1.550000000000000044e+00 3.072312458501858523e-01 5.530368726511863953e-01
1.566666666666666652e+00 2.979501772388200020e-01 5.616685973896107242e-01
1.583333333333333259e+00 2.885089592705321615e-01 5.714778381616675285e-01
1.600000000000000089e+00 2.789009159667644178e-01 5.792229492082912046e-01
1.616666666666666696e+00 2.692015276302557880e-01 5.922640818204194524e-01
1.633333333333333304e+00 2.591587799060837694e-01 6.090815282496159222e-01
1.649999999999999911e+00 2.488988100219352573e-01 6.243825544781683723e-01
1.666666666666666741e+00 2.383460280901448236e-01 6.516625532976431101e-01
1.683333333333333348e+00 2.271767249120138221e-01 6.937438596273324265e-01
1.699999999999999956e+00 2.152212327692337446e-01 7.310635477831950446e-01
1.716666666666666563e+00 2.028079399859073206e-01 7.489688798308633544e-01
1.733333333333333393e+00 1.902556034415383013e-01 7.488286904392613685e-01
1.750000000000000000e+00 1.778469836379319435e-01 7.429134252536071514e-01
1.766666666666666607e+00 1.654918225997513981e-01 7.397907460449157924e-01
1.783333333333333215e+00 1.531872921031014190e-01 7.429166677793150875e-01
1.800000000000000044e+00 1.407279336737742303e-01 7.501710342846232837e-01
1.816666666666666652e+00 1.281815909602806447e-01 7.523181923878335953e-01
1.833333333333333259e+00 1.156506605941797772e-01 7.466866835966935456e-01
1.849999999999999867e+00 1.032920348403908589e-01 7.347981307098279125e-01
1.866666666666666696e+00 9.115738957051884583e-02 7.204354201949453307e-01
1.883333333333333304e+00 7.927752083389268123e-02 7.052773956439918335e-01
1.899999999999999911e+00 6.764814304905245046e-02 6.919142780504456969e-01
1.916666666666666741e+00 5.621371156554449272e-02 6.831711472674278918e-01
1.933333333333333348e+00 4.487577147347152073e-02 1.268563182989823623e+00
1.949999999999999956e+00 1.392827213255037368e-02 1.296930440264328688e+00
1.966666666666666563e+00 1.644756797993898430e-03 4.137034569429620667e-01
1.983333333333333393e+00 1.381569011183052286e-04 4.934270393981695507e-02
2.000000000000000000e+00 0.000000000000000000e+00 8.289414067098313174e-03
