0.000000000000000000e+00 7.164406755612662892e+02 1.606106867115800014e+03
1.666666666666666644e-02 6.896722277760029556e+02 1.606106867115806835e+03
3.333333333333333287e-02 6.629037799907393946e+02 1.606106867115806835e+03
5.000000000000000278e-02 6.361353322054760611e+02 1.606106867115800014e+03
6.666666666666666574e-02 6.093668844202127275e+02 1.606106867115800014e+03
8.333333333333332871e-02 5.825984366349493939e+02 1.606106867115806835e+03
1.000000000000000056e-01 5.558299888496858330e+02 1.606106867115806835e+03
1.166666666666666685e-01 5.290615410644224994e+02 1.606106867115805244e+03
1.333333333333333315e-01 5.022930932791589953e+02 1.606106867115805244e+03
1.499999999999999944e-01 4.755246454938956617e+02 1.606106867115805244e+03
1.666666666666666574e-01 4.487561977086321576e+02 1.606106867115806835e+03
1.833333333333333204e-01 4.219877499233687672e+02 1.606106867115805244e+03
2.000000000000000111e-01 3.952193021381053200e+02 1.606106867115805244e+03
2.166666666666666741e-01 3.684508543528419295e+02 1.606106867115803425e+03
2.333333333333333370e-01 3.416824065675785391e+02 1.606106867115803425e+03
2.500000000000000000e-01 3.149139587823151487e+02 1.606106867115805244e+03
2.666666666666666630e-01 2.881455109970517015e+02 1.606106867115805244e+03
2.833333333333333259e-01 2.613770632117883110e+02 1.606106867115804334e+03
2.999999999999999889e-01 2.346086154265248922e+02 1.606106867115804334e+03
3.166666666666666519e-01 2.078401676412615018e+02 1.606106867115804334e+03
3.333333333333333148e-01 1.810717198559980829e+02 1.606106867115804334e+03
3.499999999999999778e-01 1.543032720707346925e+02 1.606106867115804334e+03
3.666666666666666408e-01 1.275348242854712737e+02 1.606106867115805244e+03
3.833333333333333037e-01 1.007663765002078549e+02 1.606106867115807290e+03
4.000000000000000222e-01 7.399792871494436497e+01 1.606106867115806835e+03
4.166666666666666852e-01 4.722948092968096034e+01 1.606106867115804334e+03
4.333333333333333481e-01 2.046103314441755217e+01 1.023307067167295145e+03
4.500000000000000111e-01 1.311924535743778897e+01 3.496302219307190740e+02
4.666666666666666741e-01 8.806692413393582441e+00 2.168073986077121731e+02
4.833333333333333370e-01 5.892332070514050280e+00 1.498362058064378459e+02
5.000000000000000000e-01 3.812152219845653445e+00 1.095602573100692467e+02
5.166666666666666075e-01 2.240323493511742203e+00 8.517792095840383126e+01
5.333333333333333259e-01 9.728881878988591136e-01 7.095291963194780749e+01
5.500000000000000444e-01 -1.247738275531846963e-01 6.295465068548283938e+01
5.666666666666666519e-01 -1.125600168283902303e+00 5.785524431055917916e+01
5.833333333333333703e-01 -2.053281971238490655e+00 5.275921103385718425e+01
5.999999999999999778e-01 -2.884240536079141659e+00 4.517132105846814483e+01
6.166666666666666963e-01 -3.558992673187428846e+00 3.371841250357976350e+01
6.333333333333333037e-01 -4.008187619531800472e+00 1.886278287586821278e+01
6.500000000000000222e-01 -4.187752102383035968e+00 2.795485617112474230e+00
6.666666666666666297e-01 -4.101370473435549613e+00 -1.150676178794248550e+01
6.833333333333333481e-01 -3.804193376118286452e+00 -2.151439627640731800e+01
6.999999999999999556e-01 -3.384223930888639043e+00 -2.538890621363563938e+01
7.166666666666666741e-01 -2.957896502330431776e+00 -2.235068010602404698e+01
7.333333333333332815e-01 -2.639201260687837447e+00 -1.379234360179042085e+01
7.500000000000000000e-01 -2.498151715604084444e+00 -3.938888872508736760e+00
7.666666666666666075e-01 -2.507904964937546222e+00 2.794986345608467815e+00
7.833333333333333259e-01 -2.591317927124366705e+00 5.304006582461924246e+00
8.000000000000000444e-01 -2.684705184352943697e+00 5.292888300870743912e+00
8.166666666666666519e-01 -2.767747537153391502e+00 4.443028204182466467e+00
8.333333333333333703e-01 -2.832806124492359245e+00 3.198985310380146885e+00
8.499999999999999778e-01 -2.874380380832729731e+00 1.333343744096739947e+00
8.666666666666666963e-01 -2.877250915962250577e+00 -1.484271879032497132e+00
8.833333333333333037e-01 -2.824904651531646493e+00 -5.195744892990363795e+00
9.000000000000000222e-01 -2.704059419529238451e+00 -9.414634884861913022e+00
9.166666666666666297e-01 -2.511083488702916089e+00 -1.345442360319894171e+01
9.333333333333333481e-01 -2.255578632755940394e+00 -1.653952854112501214e+01
9.499999999999999556e-01 -1.959765870665415743e+00 -1.824103127411315484e+01
9.666666666666666741e-01 -1.647544256952168551e+00 -1.843290574559319595e+01
9.833333333333332815e-01 -1.345335679145642560e+00 -1.716651921061099983e+01
1.000000000000000000e+00 -1.075326949931801890e+00 -1.472094066143646529e+01
1.016666666666666607e+00 -8.546376570977604059e-01 -1.138980673430496715e+01
1.033333333333333215e+00 -6.956667254549696588e-01 -7.635700373315991385e+00
1.050000000000000044e+00 -6.001143113205607005e-01 -3.955056798284649844e+00
1.066666666666666652e+00 -5.638314988454813381e-01 -8.739819968939377404e-01
1.083333333333333259e+00 -5.709815780907627758e-01 1.384739484076087379e+00
1.100000000000000089e+00 -6.099894816480175841e-01 2.853263557841643205e+00
1.116666666666666696e+00 -6.660903633521508826e-01 3.502357989489929491e+00
1.133333333333333304e+00 -7.267347479643485597e-01 3.425161655128079463e+00
1.149999999999999911e+00 -7.802624185230868648e-01 2.730800009115263105e+00
1.166666666666666741e+00 -8.177614149348573225e-01 1.757023922022779017e+00
1.183333333333333348e+00 -8.388298825905128320e-01 8.788158519619881925e-01
1.199999999999999956e+00 -8.470552766669235956e-01 3.534727481791943848e-01
1.216666666666666563e+00 -8.506123075298193115e-01 3.937352031426122334e-01
1.233333333333333393e+00 -8.601797834383440033e-01 8.823589467736969727e-01
1.250000000000000000e+00 -8.800242724222758772e-01 1.531682266292659911e+00
1.266666666666666607e+00 -9.112358589814326670e-01 2.102578760411261349e+00
1.283333333333333215e+00 -9.501102311026512481e-01 2.509502217769601362e+00
1.300000000000000044e+00 -9.948859329070860458e-01 2.722426171715943699e+00
1.316666666666666652e+00 -1.040857770159849371e+00 2.702687553049956115e+00
1.333333333333333259e+00 -1.084975518008751250e+00 2.575863448215436335e+00
1.350000000000000089e+00 -1.126719885100363916e+00 2.343787069728007211e+00
1.366666666666666696e+00 -1.163101753666351490e+00 1.758274322553885494e+00
1.383333333333333304e+00 -1.185329029185493432e+00 7.674237318751364612e-01
1.399999999999999911e+00 -1.188682544728856039e+00 -4.076964665096260987e-01
1.416666666666666741e+00 -1.171739146968505896e+00 -1.429320078779356962e+00
1.433333333333333348e+00 -1.141038542102877473e+00 -2.171032979016711550e+00
1.449999999999999956e+00 -1.099371381001282177e+00 -2.558030295929822895e+00
1.466666666666666563e+00 -1.055770865571883377e+00 -2.595959967022500869e+00
1.483333333333333393e+00 -1.012839382100532148e+00 -2.429284590576134217e+00
1.500000000000000000e+00 -9.747947125526789103e-01 -2.140820752075047739e+00
1.516666666666666607e+00 -9.414786903646972238e-01 -1.708757813044438079e+00
1.533333333333333215e+00 -9.178361187845309743e-01 -1.213870076512424401e+00
1.550000000000000044e+00 -9.010163544809497438e-01 -8.212463851080387123e-01
1.566666666666666652e+00 -8.904612392809296839e-01 -6.163094126200341361e-01
1.583333333333333259e+00 -8.804727073936152726e-01 -7.150934690082910716e-01
1.600000000000000089e+00 -8.666247903139866482e-01 -1.247443370030981713e+00
1.616666666666666696e+00 -8.388912617259158822e-01 -2.135596176862675222e+00
1.633333333333333304e+00 -7.954382510852308075e-01 -2.917592353182899778e+00
1.649999999999999911e+00 -7.416381832864858970e-01 -3.180926637099394938e+00
1.666666666666666741e+00 -6.894073631819176429e-01 -2.902808425046735863e+00
1.683333333333333348e+00 -6.448779024515947089e-01 -2.384010757149828130e+00
1.699999999999999956e+00 -6.099403379435900385e-01 -1.895826436237592061e+00
1.716666666666666563e+00 -5.816836879103416402e-01 -1.646636888122189335e+00
1.733333333333333393e+00 -5.550524416728503940e-01 -1.745022045177567760e+00
1.750000000000000000e+00 -5.235162864044227149e-01 -2.127793552222847051e+00
1.766666666666666607e+00 -4.841259899320888294e-01 -2.554804213013366798e+00
1.783333333333333215e+00 -4.383561459706438179e-01 -2.850481972033727551e+00
1.800000000000000044e+00 -3.891099241976312406e-01 -3.258066022688780539e+00
1.816666666666666652e+00 -3.297539452143511407e-01 -3.951672226909018981e+00
1.833333333333333259e+00 -2.573875166339972820e-01 -4.434106722322990635e+00
1.849999999999999867e+00 -1.819503878035848010e-01 -4.375023760743691703e+00
1.866666666666666696e+00 -1.115533912758742141e-01 -3.839635072303496433e+00
1.883333333333333304e+00 -5.396255206013492872e-02 -3.014453036468551783e+00
1.899999999999999911e+00 -1.107162339358914657e-02 -2.150119892449406489e+00
1.916666666666666741e+00 1.770811102151195748e-02 -1.343198900231409088e+00
1.933333333333333348e+00 3.370167328079116259e-02 -1.161540066881415478e-01
1.949999999999999956e+00 2.157991124445000908e-02 9.073070954795668941e-01
1.966666666666666563e+00 3.458103431472265166e-03 6.379057761764703738e-01
1.983333333333333393e+00 3.163853719009967341e-04 1.037431029441679559e-01
2.000000000000000000e+00 0.000000000000000000e+00 1.898312231405980405e-02
