0.000000000000000000e+00 8.346468710657943575e+02 1.219925950265721895e+03
1.666666666666666644e-02 8.143147718946989926e+02 1.219925950265718484e+03
3.333333333333333287e-02 7.939826727236037414e+02 1.219925950265718484e+03
5.000000000000000278e-02 7.736505735525083765e+02 1.219925950265718484e+03
6.666666666666666574e-02 7.533184743814131252e+02 1.219925950265718484e+03
8.333333333333332871e-02 7.329863752103177603e+02 1.219925950265718484e+03
1.000000000000000056e-01 7.126542760392225091e+02 1.219925950265718484e+03
1.166666666666666685e-01 6.923221768681271442e+02 1.219925950265718484e+03
1.333333333333333315e-01 6.719900776970318930e+02 1.219925950265718484e+03
1.499999999999999944e-01 6.516579785259365281e+02 1.219925950265718484e+03
1.666666666666666574e-01 6.313258793548412768e+02 1.219925950265718484e+03
1.833333333333333204e-01 6.109937801837459119e+02 1.219925950265721895e+03
2.000000000000000111e-01 5.906616810126505470e+02 1.219925950265718484e+03
2.166666666666666741e-01 5.703295818415552958e+02 1.219925950265718484e+03
2.333333333333333370e-01 5.499974826704599309e+02 1.219925950265718484e+03
2.500000000000000000e-01 5.296653834993646797e+02 1.219925950265716892e+03
2.666666666666666630e-01 5.093332843282693716e+02 1.219925950265718484e+03
2.833333333333333259e-01 4.890011851571740635e+02 1.219925950265718484e+03
2.999999999999999889e-01 4.686690859860787555e+02 1.219925950265718484e+03
3.166666666666666519e-01 4.483369868149834474e+02 1.219925950265718484e+03
3.333333333333333148e-01 4.280048876438881393e+02 1.219925950265718484e+03
3.499999999999999778e-01 4.076727884727928313e+02 1.219925950265718484e+03
3.666666666666666408e-01 3.873406893016975232e+02 1.219925950265718484e+03
3.833333333333333037e-01 3.670085901306022151e+02 1.219925950265720303e+03
4.000000000000000222e-01 3.466764909595068502e+02 1.219925950265720303e+03
4.166666666666666852e-01 3.263443917884115422e+02 1.219925950265720303e+03
4.333333333333333481e-01 3.060122926173161773e+02 1.219925950265720303e+03
4.500000000000000111e-01 2.856801934462208692e+02 1.219925950265718484e+03
4.666666666666666741e-01 2.653480942751255611e+02 1.219925950265717574e+03
4.833333333333333370e-01 2.450159951040302815e+02 1.219925950265717574e+03
5.000000000000000000e-01 2.246838959329349734e+02 1.219925950265716892e+03
5.166666666666666075e-01 2.043517967618397222e+02 1.219925950265719393e+03
5.333333333333333259e-01 1.840196975907443289e+02 1.219925950265722804e+03
5.500000000000000444e-01 1.636875984196489640e+02 1.219925950265718484e+03
5.666666666666666519e-01 1.433554992485537127e+02 1.219925950265718484e+03
5.833333333333333703e-01 1.230234000774583478e+02 1.219925950265718484e+03
5.999999999999999778e-01 1.026913009063630966e+02 1.219925950265718939e+03
6.166666666666666963e-01 8.235920173526771748e+01 1.219925950265718711e+03
6.333333333333333037e-01 6.202710256417247336e+01 1.061716043404499715e+03
6.500000000000000222e-01 4.696866695511772605e+01 8.162885206255574531e+02
6.666666666666666297e-01 3.481748520998722540e+01 6.351733141396032352e+02
6.833333333333333481e-01 2.579622315046428582e+01 4.827429559143293432e+02
6.999999999999999556e-01 1.872605334617624706e+01 3.809397065934887223e+02
7.166666666666666741e-01 1.309823293068132877e+01 3.031160887907604433e+02
7.333333333333332815e-01 8.622183719817565262e+00 2.396354960145779955e+02
7.500000000000000000e-01 5.110383063528728620e+00 1.875354535331364616e+02
7.666666666666666075e-01 2.371001935379683623e+00 1.454930661598343420e+02
7.833333333333333259e-01 2.606141915342511939e-01 1.116476312799157000e+02
8.000000000000000444e-01 -1.350585773950839563e+00 8.462426458979787469e+01
8.166666666666666519e-01 -2.560194628125678218e+00 6.317273256379947100e+01
8.333333333333333703e-01 -3.456343526077488626e+00 4.577179711310925114e+01
8.499999999999999778e-01 -4.085921198562653345e+00 3.095512026469148026e+01
8.666666666666666963e-01 -4.488180868233871301e+00 1.818248641102634622e+01
8.833333333333333037e-01 -4.692004078930198219e+00 7.685607065138038152e+00
9.000000000000000222e-01 -4.744367770405139240e+00 -4.193547348551707188e-01
9.166666666666666297e-01 -4.678025587768359195e+00 -6.391034153010801688e+00
9.333333333333333481e-01 -4.531333298638112517e+00 -1.059637042333614332e+01
9.499999999999999556e-01 -4.324813240323821084e+00 -1.363813595764860942e+01
9.666666666666666741e-01 -4.076728766716492203e+00 -1.597953467205875278e+01
9.833333333333332815e-01 -3.792162084588529325e+00 -1.783663762878015646e+01
1.000000000000000000e+00 -3.482174179090486987e+00 -1.926968125423920952e+01
1.016666666666666607e+00 -3.149839376113888978e+00 -2.011464416080794493e+01
1.033333333333333215e+00 -2.811686040396888853e+00 -1.991081196398753050e+01
1.050000000000000044e+00 -2.486145643980971265e+00 -1.846815466392551031e+01
1.066666666666666652e+00 -2.196080884932705146e+00 -1.606178550786545500e+01
1.083333333333333259e+00 -1.950752793718789402e+00 -1.339474066369804994e+01
1.100000000000000089e+00 -1.749589529476103467e+00 -1.088173911090726520e+01
1.116666666666666696e+00 -1.588028156688547243e+00 -8.629007544449308398e+00
1.133333333333333304e+00 -1.461955944661126550e+00 -6.755194424146518273e+00
1.149999999999999911e+00 -1.362855009216996649e+00 -5.518874069844388330e+00
1.166666666666666741e+00 -1.277993475666313605e+00 -4.743494923670430907e+00
1.183333333333333348e+00 -1.204738511761315634e+00 -4.088049867180747476e+00
1.199999999999999956e+00 -1.141725146760288689e+00 -3.611344363844335437e+00
1.216666666666666563e+00 -1.084360366299837786e+00 -3.653445868002949126e+00
1.233333333333333393e+00 -1.019943617826857052e+00 -4.152784963240909732e+00
1.250000000000000000e+00 -9.459342008584741279e-01 -4.655742683675635263e+00
1.266666666666666607e+00 -8.647521950376692024e-01 -4.816277791695192434e+00
1.283333333333333215e+00 -7.853916078019677061e-01 -4.619231422154213895e+00
1.300000000000000044e+00 -7.107778142991953985e-01 -4.238716065565911961e+00
1.316666666666666652e+00 -6.441010722831039814e-01 -3.858588784651179271e+00
1.333333333333333259e+00 -5.821581881441560968e-01 -3.600589182779128095e+00
1.350000000000000089e+00 -5.240814328571330449e-01 -3.350957051284728205e+00
1.366666666666666696e+00 -4.704596197679984937e-01 -3.024654407166557757e+00
1.383333333333333304e+00 -4.232596192849144567e-01 -2.641641695570291049e+00
1.399999999999999911e+00 -3.824048965823221291e-01 -2.236432947712677866e+00
1.416666666666666741e+00 -3.487118543611585353e-01 -1.791675324322008045e+00
1.433333333333333348e+00 -3.226823857715885313e-01 -1.394958186405073075e+00
1.449999999999999956e+00 -3.022132481476560995e-01 -1.097141994620071115e+00
1.466666666666666563e+00 -2.861109859509194941e-01 -8.894036247772796333e-01
1.483333333333333393e+00 -2.725664606550801117e-01 -7.550222640042036915e-01
1.500000000000000000e+00 -2.609435771507793711e-01 -7.424101797983193585e-01
1.516666666666666607e+00 -2.478194546618028016e-01 -8.252654289420796596e-01
1.533333333333333215e+00 -2.334347295193767158e-01 -9.441026052013945513e-01
1.550000000000000044e+00 -2.163493678217563165e-01 -1.071990264127718584e+00
1.566666666666666652e+00 -1.977017207151194333e-01 -1.212964852167309537e+00
1.583333333333333259e+00 -1.759172060828460005e-01 -1.337960179743556965e+00
1.600000000000000089e+00 -1.531030480570008678e-01 -1.448668902724086438e+00
1.616666666666666696e+00 -1.276282426587097840e-01 -1.569616872303992050e+00
1.633333333333333304e+00 -1.007824856468678004e-01 -1.622450300556793179e+00
1.649999999999999911e+00 -7.354656597348334379e-02 -1.480546605970351592e+00
1.666666666666666741e+00 -5.143093211452275104e-02 -1.140260208227131367e+00
1.683333333333333348e+00 -3.553789236591230194e-02 -7.762749357896269187e-01
1.699999999999999956e+00 -2.555510092153518570e-02 -5.382548207568486065e-01
1.716666666666666563e+00 -1.759606500735068357e-02 -4.483329719768621158e-01
1.733333333333333393e+00 -1.061066852230644827e-02 -4.330732455277672144e-01
1.750000000000000000e+00 -3.160290156425110773e-03 -4.067486483214475257e-01
1.766666666666666607e+00 2.947619755075137245e-03 -3.187763364763736007e-01
1.783333333333333215e+00 7.465587726120675831e-03 -2.168446888300187558e-01
1.800000000000000044e+00 1.017577604940909583e-02 -1.209557327320382458e-01
1.816666666666666652e+00 1.149744548385528420e-02 -3.435620604793936106e-02
1.833333333333333259e+00 1.132098291767374108e-02 2.478239197505137381e-02
1.849999999999999867e+00 1.067136575135357174e-02 3.676926616826425853e-02
1.866666666666666696e+00 1.009534071206493258e-02 4.334624365312895328e-02
1.883333333333333304e+00 9.226490962915940078e-03 7.453200788030354962e-02
1.899999999999999911e+00 7.610940449388147420e-03 1.149999885075048967e-01
1.916666666666666741e+00 5.393158012665776740e-03 1.341049292336269627e-01
1.933333333333333348e+00 3.140776141600582893e-03 2.935521795645055776e-01
1.949999999999999956e+00 -4.391914639484408370e-03 1.239599392332773192e-01
1.966666666666666563e+00 -9.912218328419941833e-04 -1.289038541632610835e-01
1.983333333333333393e+00 -9.511950070903853020e-05 -2.973665498525982637e-02
2.000000000000000000e+00 0.000000000000000000e+00 -5.707170042542311812e-03
