0.000000000000000000e+00 3.973418191875640332e+04 3.677636952214838238e+05
1.666666666666666644e-02 3.360478699839834007e+04 3.394637713154392550e+05
3.333333333333333287e-02 2.841872287490842791e+04 2.872141318539783242e+05
5.000000000000000278e-02 2.403098260326572927e+04 2.429966206347425177e+05
6.666666666666666574e-02 2.031883552041701114e+04 2.055772913692316215e+05
8.333333333333332871e-02 1.717840622429134237e+04 1.739117004614114994e+05
1.000000000000000056e-01 1.452177883836996079e+04 1.471158093333896541e+05
1.166666666666666685e-01 1.227454591317835366e+04 1.244413542194364709e+05
1.333333333333333315e-01 1.037373369772207843e+04 1.052549975548666844e+05
1.499999999999999944e-01 8.766045994682797755e+03 8.902068038321602216e+04
1.666666666666666574e-01 7.406377684948211026e+03 7.528468433689136873e+04
1.833333333333333204e-01 6.256556516786418797e+03 6.366298719462831650e+04
2.000000000000000111e-01 5.284278111793933931e+03 5.383055988437969063e+04
2.166666666666666741e-01 4.462204520640429109e+03 4.551230686090869131e+04
2.333333333333333370e-01 3.767201216430310978e+03 3.847539754852014448e+04
2.500000000000000000e-01 3.179691269023091081e+03 3.252277527522062883e+04
2.666666666666666630e-01 2.683108707256290018e+03 2.748766291363919299e+04
2.833333333333333259e-01 2.263435838568451345e+03 2.322891219925910264e+04
2.999999999999999889e-01 1.908811633947653263e+03 1.962706719065962898e+04
3.166666666666666519e-01 1.609200265546463697e+03 1.658103222373441531e+04
3.333333333333333148e-01 1.356110559823172707e+03 1.400525154596857647e+04
3.499999999999999778e-01 1.142358547347511148e+03 1.182732206652894456e+04
3.666666666666666408e-01 9.618664909388745627e+02 9.985972719931956817e+03
3.833333333333333037e-01 8.094927900164459516e+02 8.429354151242378066e+03
4.000000000000000222e-01 6.808880192307952939e+02 7.113591073427885931e+03
4.166666666666666852e-01 5.723730875688497690e+02 6.001556963292253386e+03
4.333333333333333481e-01 4.808361204543868439e+02 5.061836955038269480e+03
4.500000000000000111e-01 4.036451890675741083e+02 4.267850032403490331e+03
4.666666666666666741e-01 3.385744527076038253e+02 3.597106057428193253e+03
4.833333333333333370e-01 2.837416538199676665e+02 3.030576929805220061e+03
5.000000000000000000e-01 2.375552217140964899e+02 2.552164350011036731e+03
5.166666666666666075e-01 1.986695088195997698e+02 2.148249350554981902e+03
5.333333333333333259e-01 1.659469100289304322e+02 1.807311037646589057e+03
5.500000000000000444e-01 1.384258075647134660e+02 1.519603913800732244e+03
5.666666666666666519e-01 1.152934462355726879e+02 1.276884784073036826e+03
5.833333333333333703e-01 9.586298142894557373e+01 1.796112354992871815e+03
5.999999999999999778e-01 5.542303440247695789e+01 1.770522358330055567e+03
6.166666666666666963e-01 3.684556948461038672e+01 8.995353144893189210e+02
6.333333333333333037e-01 2.543852391949966218e+01 3.909079893731098991e+02
6.500000000000000222e-01 2.381530317217339032e+01 2.360302164178512783e+02
6.666666666666666297e-01 1.757085003890462005e+01 2.019271168981300661e+02
6.833333333333333481e-01 1.708439927556905502e+01 5.865280845358046946e+01
6.999999999999999556e-01 1.561575642378527107e+01 9.530826725797567178e+01
7.166666666666666741e-01 1.390745703363653263e+01 1.009476878770829416e+02
7.333333333333332815e-01 1.225083349454917325e+01 9.511247034474946815e+01
7.500000000000000000e-01 1.073704135547821714e+01 8.654837186492881074e+01
7.666666666666666075e-01 9.365887765718213132e+00 7.900106814188782778e+01
7.833333333333333259e-01 8.103672417415289431e+00 7.300896622800065927e+01
8.000000000000000444e-01 6.932255558118191274e+00 6.763037693956164276e+01
8.166666666666666519e-01 5.849326519429901339e+00 6.219243369140329492e+01
8.333333333333333703e-01 4.859174435071414777e+00 5.676022581058855820e+01
8.499999999999999778e-01 3.957318992410282732e+00 5.152357511972814308e+01
8.666666666666666963e-01 3.141721931080476704e+00 4.650748324445386572e+01
8.833333333333333037e-01 2.407069550928487178e+00 4.180034149915456254e+01
9.000000000000000222e-01 1.748377214441991345e+00 3.742248330262258094e+01
9.166666666666666297e-01 1.159653440841067917e+00 3.330315302001131528e+01
9.333333333333333481e-01 6.382721137749474138e-01 2.938432199306247838e+01
9.499999999999999556e-01 1.801760410723186878e-01 2.570242739168201496e+01
9.666666666666666741e-01 -2.184754659477864402e-01 2.233981346838177373e+01
9.833333333333332815e-01 -5.644844078737404347e-01 1.933644255895118036e+01
1.000000000000000000e+00 -8.630235512461591485e-01 1.664361348394247742e+01
1.016666666666666607e+00 -1.119271524005156282e+00 1.420562516620222304e+01
1.033333333333333215e+00 -1.336544390119566605e+00 1.196782760922262767e+01
1.050000000000000044e+00 -1.518199110979243871e+00 9.928524933621769577e+00
1.066666666666666652e+00 -1.667495221240292258e+00 8.132771804517632930e+00
1.083333333333333259e+00 -1.789291504463164983e+00 6.564188646421080797e+00
1.100000000000000089e+00 -1.886301509454328285e+00 5.152306399025090577e+00
1.116666666666666696e+00 -1.961035051097334669e+00 3.907379704159470446e+00
1.133333333333333304e+00 -2.016547499592977299e+00 2.833288000016715991e+00
1.149999999999999911e+00 -2.055477984431225202e+00 1.848074496687921453e+00
1.166666666666666741e+00 -2.078149982815908015e+00 8.876958313805571876e-01
1.183333333333333348e+00 -2.085067845477243775e+00 -4.723873320050309133e-02
1.199999999999999956e+00 -2.076575358375891245e+00 -9.217465356323506498e-01
1.216666666666666563e+00 -2.054342960956165420e+00 -1.666789056443733763e+00
1.233333333333333393e+00 -2.021015723161100119e+00 -2.225246903718631764e+00
1.250000000000000000e+00 -1.980168064165544362e+00 -2.616195208980145459e+00
1.266666666666666607e+00 -1.933809216195095271e+00 -2.927743976541949955e+00
1.283333333333333215e+00 -1.882576598280812696e+00 -3.217141554558853311e+00
1.300000000000000044e+00 -1.826571164376466827e+00 -3.489081629270391893e+00
1.316666666666666652e+00 -1.766273877305132967e+00 -3.745033934428541045e+00
1.333333333333333259e+00 -1.701736699895515459e+00 -3.948281185238278201e+00
1.350000000000000089e+00 -1.634664504463857027e+00 -3.994184481293641120e+00
1.366666666666666696e+00 -1.568597217185727422e+00 -3.850784955482715599e+00
1.383333333333333304e+00 -1.506305005947766507e+00 -3.620349672683189635e+00
1.399999999999999911e+00 -1.447918894762954434e+00 -3.413621716176817866e+00
1.416666666666666741e+00 -1.392517615408539244e+00 -3.278242342836990009e+00
1.433333333333333348e+00 -1.338644150001721433e+00 -3.221376044055159760e+00
1.449999999999999956e+00 -1.285138413940033919e+00 -3.206871893380294214e+00
1.466666666666666563e+00 -1.231748420222378293e+00 -3.192341533954106136e+00
1.483333333333333393e+00 -1.178727029474897048e+00 -3.168905749259032234e+00
1.500000000000000000e+00 -1.126118228580410552e+00 -3.138792023981606949e+00
1.516666666666666607e+00 -1.074100628675510150e+00 -3.095226770765571178e+00
1.533333333333333215e+00 -1.022944002888224846e+00 -3.056246303540123499e+00
1.550000000000000044e+00 -9.722257518908393736e-01 -3.066643295108994138e+00
1.566666666666666652e+00 -9.207225597179250487e-01 -3.137401679044024227e+00
1.583333333333333259e+00 -8.676456959227052401e-01 -3.226146605669548695e+00
1.600000000000000089e+00 -8.131843395289400922e-01 -3.284306738289979322e+00
1.616666666666666696e+00 -7.581688046463725961e-01 -3.276464008474925471e+00
1.633333333333333304e+00 -7.039688725797759172e-01 -3.180738581155131417e+00
1.649999999999999911e+00 -6.521441852745348822e-01 -3.004934020065679334e+00
1.666666666666666741e+00 -6.038044052442532728e-01 -2.797491137563297148e+00
1.683333333333333348e+00 -5.588944806890916439e-01 -2.611722685605137872e+00
1.699999999999999956e+00 -5.167469823907486770e-01 -2.468532583585387741e+00
1.716666666666666563e+00 -4.766100612362453859e-01 -2.361276929578440154e+00
1.733333333333333393e+00 -4.380377514048006682e-01 -2.270288959600159195e+00
1.750000000000000000e+00 -4.009337625829067497e-01 -2.174604622503057971e+00
1.766666666666666607e+00 -3.655509306546987358e-01 -2.067755333361367853e+00
1.783333333333333215e+00 -3.320085848041944843e-01 -1.958522319600743522e+00
1.800000000000000044e+00 -3.002668533346739554e-01 -1.856784384230181884e+00
1.816666666666666652e+00 -2.701157719965217585e-01 -1.765350920474706653e+00
1.833333333333333259e+00 -2.414218226521837318e-01 -1.681024018776064555e+00
1.849999999999999867e+00 -2.140816380373196104e-01 -1.596657469289217257e+00
1.866666666666666696e+00 -1.881999070092098270e-01 -1.504422037744922447e+00
1.883333333333333304e+00 -1.639342367791555288e-01 -1.412009740267760050e+00
1.899999999999999911e+00 -1.411329156669511586e-01 -1.344477893339199870e+00
1.916666666666666741e+00 -1.191183070011821998e-01 -1.325229423028963183e+00
1.933333333333333348e+00 -9.695860156598572199e-02 -3.120115124969284004e+00
1.949999999999999956e+00 -1.511446950220608071e-02 -2.863077293918660171e+00
1.966666666666666563e+00 -1.522691768697062879e-03 -4.491846041672035716e-01
1.983333333333333393e+00 -1.416493632992963931e-04 -4.568075306091188420e-02
2.000000000000000000e+00 0.000000000000000000e+00 -8.498961797957784239e-03
