0.000000000000000000e+00 4.431051084908461917e+02 5.984838968734925402e+02
1.666666666666666644e-02 4.331303768762879827e+02 5.984838968734908349e+02
3.333333333333333287e-02 4.231556452617298305e+02 5.984838968734908349e+02
5.000000000000000278e-02 4.131809136471716215e+02 5.984838968734908349e+02
6.666666666666666574e-02 4.032061820326134693e+02 5.984838968734908349e+02
8.333333333333332871e-02 3.932314504180552603e+02 5.984838968734908349e+02
1.000000000000000056e-01 3.832567188034971082e+02 5.984838968734908349e+02
1.166666666666666685e-01 3.732819871889388992e+02 5.984838968734908349e+02
1.333333333333333315e-01 3.633072555743807470e+02 5.984838968734908349e+02
1.499999999999999944e-01 3.533325239598225380e+02 5.984838968734908349e+02
1.666666666666666574e-01 3.433577923452643859e+02 5.984838968734908349e+02
1.833333333333333204e-01 3.333830607307061769e+02 5.984838968734908349e+02
2.000000000000000111e-01 3.234083291161480247e+02 5.984838968734908349e+02
2.166666666666666741e-01 3.134335975015898157e+02 5.984838968734925402e+02
2.333333333333333370e-01 3.034588658870316067e+02 5.984838968734908349e+02
2.500000000000000000e-01 2.934841342724734545e+02 5.984838968734891296e+02
2.666666666666666630e-01 2.835094026579153024e+02 5.984838968734908349e+02
2.833333333333333259e-01 2.735346710433570934e+02 5.984838968734908349e+02
2.999999999999999889e-01 2.635599394287989412e+02 5.984838968734900391e+02
3.166666666666666519e-01 2.535852078142407606e+02 5.984838968734908349e+02
3.333333333333333148e-01 2.436104761996825800e+02 5.984838968734908349e+02
3.499999999999999778e-01 2.336357445851243995e+02 5.984838968734908349e+02
3.666666666666666408e-01 2.236610129705662189e+02 5.984838968734908349e+02
3.833333333333333037e-01 2.136862813560080383e+02 5.984838968734917444e+02
4.000000000000000222e-01 2.037115497414498293e+02 5.984838968734917444e+02
4.166666666666666852e-01 1.937368181268916487e+02 5.984838968734908349e+02
4.333333333333333481e-01 1.837620865123334681e+02 5.984838968734908349e+02
4.500000000000000111e-01 1.737873548977752876e+02 5.984838968734908349e+02
4.666666666666666741e-01 1.638126232832171070e+02 5.984838968734908349e+02
4.833333333333333370e-01 1.538378916686589264e+02 5.984838968734908349e+02
5.000000000000000000e-01 1.438631600541007458e+02 5.984838968734900391e+02
5.166666666666666075e-01 1.338884284395425937e+02 5.984838968734908349e+02
5.333333333333333259e-01 1.239136968249843846e+02 5.984838968734925402e+02
5.500000000000000444e-01 1.139389652104261756e+02 5.984838968734903801e+02
5.666666666666666519e-01 1.039642335958680377e+02 5.984838968734903801e+02
5.833333333333333703e-01 9.398950198130982869e+01 5.984838968734908349e+02
5.999999999999999778e-01 8.401477036675167653e+01 5.984838968734908349e+02
6.166666666666666963e-01 7.404003875219346753e+01 5.984838968734903801e+02
6.333333333333333037e-01 6.406530713763532958e+01 4.842397775552718144e+02
6.500000000000000222e-01 5.789871283368440658e+01 5.223708892863136271e+02
6.666666666666666297e-01 4.665294416142487677e+01 6.232049382911560542e+02
6.833333333333333481e-01 3.712521489064587144e+01 5.151752098061983816e+02
6.999999999999999556e-01 2.948043716788492929e+01 4.157833852739935878e+02
7.166666666666666741e-01 2.326576871484608589e+01 3.388281416343569958e+02
7.333333333333332815e-01 1.818616578007302920e+01 2.768964420499099219e+02
7.500000000000000000e-01 1.403588731318242111e+01 2.254413770982593235e+02
7.666666666666666075e-01 1.067145321013105175e+01 1.824587815615556394e+02
7.833333333333333259e-01 7.953927927797233011e+00 1.471191384823260080e+02
8.000000000000000444e-01 5.767481927386851837e+00 1.188074371220549494e+02
8.166666666666666519e-01 3.993680023728734874e+00 9.695615044145615968e+01
8.333333333333333703e-01 2.535610246004980084e+00 8.040152283493038965e+01
8.499999999999999778e-01 1.313629262564388833e+00 6.723745239941555951e+01
8.666666666666666963e-01 2.943618326911278671e-01 5.604844119377601430e+01
8.833333333333333037e-01 -5.546521105614782288e-01 4.621594820548160953e+01
9.000000000000000222e-01 -1.246169774158259136e+00 3.733239345732981462e+01
9.166666666666666297e-01 -1.799065225805805301e+00 2.968704850801926298e+01
9.333333333333333481e-01 -2.235738057758901220e+00 2.352249909547765938e+01
9.499999999999999556e-01 -2.583148528988393977e+00 1.845350315398379593e+01
9.666666666666666741e-01 -2.850854829558361114e+00 1.368657171510918680e+01
9.833333333333332815e-01 -3.039367586158700174e+00 8.554748618374601321e+00
1.000000000000000000e+00 -3.136013116837514492e+00 3.183223381328037505e+00
1.016666666666666607e+00 -3.145475032202968091e+00 -1.569145499158701718e+00
1.033333333333333215e+00 -3.083708266865557768e+00 -5.103542604728099619e+00
1.050000000000000044e+00 -2.975356945378698104e+00 -7.134864775027693895e+00
1.066666666666666652e+00 -2.845879441031301305e+00 -7.842848414920080558e+00
1.083333333333333259e+00 -2.713928664881362085e+00 -7.930925186151136508e+00
1.100000000000000089e+00 -2.581515268159596754e+00 -8.176308049461864513e+00
1.116666666666666696e+00 -2.441385063232633268e+00 -8.768323851038513084e+00
1.133333333333333304e+00 -2.289237806458312985e+00 -9.543046584408433120e+00
1.149999999999999911e+00 -2.123283510419018860e+00 -1.012129668575574826e+01
1.166666666666666741e+00 -1.951861250266454739e+00 -1.010200810567531171e+01
1.183333333333333348e+00 -1.786549906896508499e+00 -9.481796075059854445e+00
1.199999999999999956e+00 -1.635801381097792939e+00 -8.715919674980483478e+00
1.216666666666666563e+00 -1.496019251063825717e+00 -8.074825586487245133e+00
1.233333333333333393e+00 -1.366640528214884798e+00 -7.506067539507212949e+00
1.250000000000000000e+00 -1.245816999746918619e+00 -6.859278693300748131e+00
1.266666666666666607e+00 -1.137997905104859875e+00 -6.253346276367310885e+00
1.283333333333333215e+00 -1.037372123868008256e+00 -5.848830463077055342e+00
1.300000000000000044e+00 -9.430368896689580449e-01 -5.602224683807515149e+00
1.316666666666666652e+00 -8.506313010744244174e-01 -5.425109710217835612e+00
1.333333333333333259e+00 -7.621998993283635171e-01 -5.261058268891289025e+00
1.350000000000000089e+00 -6.752626921113814573e-01 -4.975607637422613472e+00
1.366666666666666696e+00 -5.963463114142764088e-01 -4.440455128068956370e+00
1.383333333333333304e+00 -5.272475211757495783e-01 -3.681666584135443454e+00
1.399999999999999911e+00 -4.736240919430949603e-01 -2.819232805322742230e+00
1.416666666666666741e+00 -4.332730943316581707e-01 -1.982767477779242116e+00
1.433333333333333348e+00 -4.075318426837868935e-01 -1.279619105371727628e+00
1.449999999999999956e+00 -3.906191241526005831e-01 -7.427277082201694247e-01
1.466666666666666563e+00 -3.827742524097812460e-01 -3.021982468432748981e-01
1.483333333333333393e+00 -3.805458492578247531e-01 -3.002873995389010453e-02
1.500000000000000000e+00 -3.817732944113182425e-01 -1.183305576302751128e-02
1.516666666666666607e+00 -3.801514140657238361e-01 -1.942788677860352031e-01
1.533333333333333215e+00 -3.752973321517837357e-01 -4.374469310262812938e-01
1.550000000000000044e+00 -3.655698496981811263e-01 -6.781624152025489405e-01
1.566666666666666652e+00 -3.526919183116987710e-01 -8.854966402664093961e-01
1.583333333333333259e+00 -3.360532950226341464e-01 -1.087555196107591327e+00
1.600000000000000089e+00 -3.164400784414457268e-01 -1.289338994879142275e+00
1.616666666666666696e+00 -2.930753285266627373e-01 -1.442666822632325818e+00
1.633333333333333304e+00 -2.683511843537015329e-01 -1.483745935006776984e+00
1.649999999999999911e+00 -2.436171306931035063e-01 -1.390142292338069963e+00
1.666666666666666741e+00 -2.220131079424325360e-01 -1.213023562751597062e+00
1.683333333333333348e+00 -2.031830119347169394e-01 -1.111454688696505766e+00
1.699999999999999956e+00 -1.849646183192156790e-01 -1.156801163567414470e+00
1.716666666666666563e+00 -1.646229731491364590e-01 -1.264429620849113478e+00
1.733333333333333393e+00 -1.428169642909118964e-01 -1.280250943963056942e+00
1.750000000000000000e+00 -1.219479416837012248e-01 -1.158800472181034769e+00
1.766666666666666607e+00 -1.041902818848774032e-01 -9.802935058225323850e-01
1.783333333333333215e+00 -8.927149148961681380e-02 -8.244105070331978480e-01
1.800000000000000044e+00 -7.670993165043747675e-02 -6.930649921724569840e-01
1.816666666666666652e+00 -6.616932508386824674e-02 -5.878488032046285117e-01
1.833333333333333259e+00 -5.711497154361652728e-02 -5.121650008244340579e-01
1.849999999999999867e+00 -4.909715838972044527e-02 -4.448459756785370089e-01
1.866666666666666696e+00 -4.228677235433195986e-02 -3.643637636739338048e-01
1.883333333333333304e+00 -3.695169960058931891e-02 -2.904407625080313027e-01
1.899999999999999911e+00 -3.260541360406424977e-02 -2.411380686515026128e-01
1.916666666666666741e+00 -2.891376397887256491e-02 -2.258760810362336613e-01
1.933333333333333348e+00 -2.507621090285646129e-02 -7.578922181280932646e-01
1.949999999999999956e+00 -3.650690041269456006e-03 -7.400332564817554415e-01
1.966666666666666563e+00 -4.084356867979482266e-04 -1.082942380841099422e-01
1.983333333333333393e+00 -4.088210513245771105e-05 -1.225307060393844745e-02
2.000000000000000000e+00 0.000000000000000000e+00 -2.452926307947462907e-03
