0.000000000000000000e+00 7.562888316443321628e+02 1.122443219984136249e+03
1.666666666666666644e-02 7.375814446445965586e+02 1.122443219984129428e+03
3.333333333333333287e-02 7.188740576448611819e+02 1.122443219984129428e+03
5.000000000000000278e-02 7.001666706451255777e+02 1.122443219984129428e+03
6.666666666666666574e-02 6.814592836453902009e+02 1.122443219984129428e+03
8.333333333333332871e-02 6.627518966456545968e+02 1.122443219984129428e+03
1.000000000000000056e-01 6.440445096459192200e+02 1.122443219984129428e+03
1.166666666666666685e-01 6.253371226461836159e+02 1.122443219984129428e+03
1.333333333333333315e-01 6.066297356464482391e+02 1.122443219984129428e+03
1.499999999999999944e-01 5.879223486467126349e+02 1.122443219984129428e+03
1.666666666666666574e-01 5.692149616469772582e+02 1.122443219984129428e+03
1.833333333333333204e-01 5.505075746472416540e+02 1.122443219984132838e+03
2.000000000000000111e-01 5.318001876475061636e+02 1.122443219984129428e+03
2.166666666666666741e-01 5.130928006477706731e+02 1.122443219984127836e+03
2.333333333333333370e-01 4.943854136480352395e+02 1.122443219984127836e+03
2.500000000000000000e-01 4.756780266482997490e+02 1.122443219984129428e+03
2.666666666666666630e-01 4.569706396485642586e+02 1.122443219984129428e+03
2.833333333333333259e-01 4.382632526488287681e+02 1.122443219984129428e+03
2.999999999999999889e-01 4.195558656490932776e+02 1.122443219984129428e+03
3.166666666666666519e-01 4.008484786493577872e+02 1.122443219984129428e+03
3.333333333333333148e-01 3.821410916496222967e+02 1.122443219984129428e+03
3.499999999999999778e-01 3.634337046498868062e+02 1.122443219984129428e+03
3.666666666666666408e-01 3.447263176501513158e+02 1.122443219984129428e+03
3.833333333333333037e-01 3.260189306504158253e+02 1.122443219984131247e+03
4.000000000000000222e-01 3.073115436506802780e+02 1.122443219984131247e+03
4.166666666666666852e-01 2.886041566509447875e+02 1.122443219984129428e+03
4.333333333333333481e-01 2.698967696512092971e+02 1.122443219984129428e+03
4.500000000000000111e-01 2.511893826514738066e+02 1.122443219984129428e+03
4.666666666666666741e-01 2.324819956517383162e+02 1.122443219984129428e+03
4.833333333333333370e-01 2.137746086520028257e+02 1.122443219984129428e+03
5.000000000000000000e-01 1.950672216522673352e+02 1.122443219984127836e+03
5.166666666666666075e-01 1.763598346525319016e+02 1.122443219984129428e+03
5.333333333333333259e-01 1.576524476527963543e+02 1.122443219984133748e+03
5.500000000000000444e-01 1.389450606530607786e+02 1.122443219984129428e+03
5.666666666666666519e-01 1.202376736533253734e+02 1.122443219984128973e+03
5.833333333333333703e-01 1.015302866535898119e+02 1.122443219984129428e+03
5.999999999999999778e-01 8.282289965385439245e+01 1.122443219984129428e+03
6.166666666666666963e-01 6.411551265411883094e+01 1.122443219984129655e+03
6.333333333333333037e-01 4.540812565438340442e+01 1.122443219984129428e+03
6.500000000000000222e-01 2.670073865464785356e+01 6.879296745992181741e+02
6.666666666666666297e-01 2.247713650107613148e+01 2.776662318909032479e+02
6.833333333333333481e-01 1.744519759161774530e+01 2.735902427739478071e+02
6.999999999999999556e-01 1.335746174194453850e+01 2.219678801215771955e+02
7.166666666666666741e-01 1.004626825423183867e+01 1.794306515945191620e+02
7.333333333333332815e-01 7.376440022127233043e+00 1.467667951906886401e+02
7.500000000000000000e-01 5.154041747875551138e+00 1.199212647244597889e+02
7.666666666666666075e-01 3.379064531311906983e+00 9.802844881963400780e+01
7.833333333333333259e-01 1.886426787221084478e+00 8.255690387205694947e+01
8.000000000000000444e-01 6.271677355766751560e-01 6.951192907995977066e+01
8.166666666666666519e-01 -4.306375154442409481e-01 5.760027728316201490e+01
8.333333333333333703e-01 -1.292841507195392037e+00 5.013057278890408952e+01
8.499999999999999778e-01 -2.101656608407710625e+00 4.457371247520534041e+01
8.666666666666666963e-01 -2.778631923035570050e+00 3.909922401792407953e+01
8.833333333333333037e-01 -3.404964075671846668e+00 3.561917094837084363e+01
9.000000000000000222e-01 -3.965937621314598260e+00 3.124703769786408714e+01
9.166666666666666297e-01 -4.446531998933982877e+00 2.549836612325982088e+01
9.333333333333333481e-01 -4.815883158756592231e+00 1.983726138070109002e+01
9.499999999999999556e-01 -5.107774044957352544e+00 1.399092368084268401e+01
9.666666666666666741e-01 -5.282247281451348364e+00 7.369926538623845502e+00
9.833333333333332815e-01 -5.353438262911480727e+00 1.438232772193321907e+00
1.000000000000000000e+00 -5.330188373857792428e+00 -3.712778834403946959e+00
1.016666666666666607e+00 -5.229678968431349162e+00 -9.471590841130890226e+00
1.033333333333333215e+00 -5.014468679153429420e+00 -1.360783295238952917e+01
1.050000000000000044e+00 -4.776084536685031523e+00 -1.473192348079601643e+01
1.066666666666666652e+00 -4.523404563126895539e+00 -1.749767367295944354e+01
1.083333333333333259e+00 -4.192828747586383464e+00 -2.017123066676983001e+01
1.100000000000000089e+00 -3.851030207567901265e+00 -2.194129772671080758e+01
1.116666666666666696e+00 -3.461452156696023241e+00 -2.404723288621292454e+01
1.133333333333333304e+00 -3.049455778027470476e+00 -2.406633300745201609e+01
1.149999999999999911e+00 -2.659241056447622764e+00 -2.277537273673146956e+01
1.166666666666666741e+00 -2.290276686803088158e+00 -2.270385548253292285e+01
1.183333333333333348e+00 -1.902445873696525291e+00 -2.448561606512267730e+01
1.199999999999999956e+00 -1.474089484632332248e+00 -2.537497748153674948e+01
1.216666666666666563e+00 -1.056613290978633657e+00 -2.357329723319914550e+01
1.233333333333333393e+00 -6.883129101923607385e-01 -2.315997636378346414e+01
1.250000000000000000e+00 -2.846140788525181597e-01 -2.181572403810640637e+01
1.266666666666666607e+00 3.887789107785281223e-02 -2.072438868364423925e+01
1.283333333333333215e+00 4.061988772689564264e-01 -2.026627250621482901e+01
1.300000000000000044e+00 7.144203079516804333e-01 -1.662336083071622284e+01
1.316666666666666652e+00 9.603109049594972246e-01 -1.392692583565905728e+01
1.333333333333333259e+00 1.178651169140315647e+00 -1.140215741936467708e+01
1.350000000000000089e+00 1.340382818938319787e+00 -7.916016058396347255e+00
1.366666666666666696e+00 1.442518371086860540e+00 -5.283002765110332177e+00
1.383333333333333304e+00 1.516482911108664178e+00 -1.036967626949332200e+00
1.399999999999999911e+00 1.477083958651838280e+00 2.904436235153440293e+00
1.416666666666666741e+00 1.419668369936882835e+00 5.473123669282071724e+00
1.433333333333333348e+00 1.294646503009102556e+00 8.068790101080518085e+00
1.449999999999999956e+00 1.150708699900865550e+00 9.494280376125686871e+00
1.466666666666666563e+00 9.781704904715796678e-01 9.242586417259746057e+00
1.483333333333333393e+00 8.426224859922073485e-01 8.412182992275235804e+00
1.500000000000000000e+00 6.977643907290718150e-01 8.091060774037616810e+00
1.516666666666666607e+00 5.729204601909534400e-01 7.745788025705377500e+00
1.533333333333333215e+00 4.395714565388925688e-01 6.974592388784360608e+00
1.550000000000000044e+00 3.404340472314747457e-01 6.836313520202009109e+00
1.566666666666666652e+00 2.116943391988256040e-01 6.895107568851810420e+00
1.583333333333333259e+00 1.105971282697477409e-01 6.504482211939579095e+00
1.600000000000000089e+00 -5.121734532493709899e-03 6.137134227763074712e+00
1.616666666666666696e+00 -9.397401265568806894e-02 4.823101798491222780e+00
1.633333333333333304e+00 -1.658917944822011215e-01 4.031739575096905170e+00
1.649999999999999911e+00 -2.283653318255848830e-01 4.442316367203102523e+00
1.666666666666666741e+00 -3.139690067223045444e-01 3.726420149131153714e+00
1.683333333333333348e+00 -3.525793367966233438e-01 2.974896570904267623e+00
1.699999999999999956e+00 -4.131322257524467911e-01 3.414194029145396048e+00
1.716666666666666563e+00 -4.663858044348032084e-01 2.759133027360249901e+00
1.733333333333333393e+00 -5.051033266644551212e-01 2.067954251307279723e+00
1.750000000000000000e+00 -5.353176128117125288e-01 1.813047086918144757e+00
1.766666666666666607e+00 -5.655382295617266131e-01 5.938697349912480661e-01
1.783333333333333215e+00 -5.551132706447541310e-01 -4.936321225850648364e-01
1.800000000000000044e+00 -5.490838254755577852e-01 -1.613718214994389610e+00
1.816666666666666652e+00 -5.013226634782744773e-01 -3.037846536815928200e+00
1.833333333333333259e+00 -4.478222742483601859e-01 -4.346878889835348758e+00
1.849999999999999867e+00 -3.564267004837628483e-01 -5.044205132705521066e+00
1.866666666666666696e+00 -2.796821031581761541e-01 -4.905958044294552067e+00
1.883333333333333304e+00 -1.928947656739444516e-01 -5.114938464643887350e+00
1.899999999999999911e+00 -1.091841543367132600e-01 -4.224761933068558406e+00
1.916666666666666741e+00 -5.206936790499250289e-02 -2.719237559083344635e+00
1.933333333333333348e+00 -1.854290236726843441e-02 -1.864611420171665701e+00
1.949999999999999956e+00 1.008434610072968772e-02 -6.251089026494230927e-01
1.966666666666666563e+00 2.294061054379001752e-03 2.965137411129028511e-01
1.983333333333333393e+00 2.005547302995935898e-04 6.882183163137005344e-02
2.000000000000000000e+00 0.000000000000000000e+00 1.203328381797561485e-02
