0.000000000000000000e+00 1.824905530774821329e+02 3.288828637079944883e+02
1.666666666666666644e-02 1.770091720156822248e+02 3.288828637079936357e+02
3.333333333333333287e-02 1.715277909538823451e+02 3.288828637079936357e+02
5.000000000000000278e-02 1.660464098920824370e+02 3.288828637079944883e+02
6.666666666666666574e-02 1.605650288302825288e+02 3.288828637079936357e+02
8.333333333333332871e-02 1.550836477684826491e+02 3.288828637079936357e+02
1.000000000000000056e-01 1.496022667066827410e+02 3.288828637079944883e+02
1.166666666666666685e-01 1.441208856448828328e+02 3.288828637079936357e+02
1.333333333333333315e-01 1.386395045830829531e+02 3.288828637079936357e+02
1.499999999999999944e-01 1.331581235212830450e+02 3.288828637079936357e+02
1.666666666666666574e-01 1.276767424594831652e+02 3.288828637079940904e+02
1.833333333333333204e-01 1.221953613976832429e+02 3.288828637079944883e+02
2.000000000000000111e-01 1.167139803358833490e+02 3.288828637079936357e+02
2.166666666666666741e-01 1.112325992740834550e+02 3.288828637079940904e+02
2.333333333333333370e-01 1.057512182122835469e+02 3.288828637079940904e+02
2.500000000000000000e-01 1.002698371504836530e+02 3.288828637079936357e+02
2.666666666666666630e-01 9.478845608868375905e+01 3.288828637079940904e+02
2.833333333333333259e-01 8.930707502688385091e+01 3.288828637079940904e+02
2.999999999999999889e-01 8.382569396508395698e+01 3.288828637079940904e+02
3.166666666666666519e-01 7.834431290328404884e+01 3.288828637079940904e+02
3.333333333333333148e-01 7.286293184148415492e+01 3.288828637079936357e+02
3.499999999999999778e-01 6.738155077968426099e+01 3.288828637079936357e+02
3.666666666666666408e-01 6.190016971788436706e+01 3.288828637079940904e+02
3.833333333333333037e-01 5.641878865608445892e+01 3.288828637079944883e+02
4.000000000000000222e-01 5.093740759428455078e+01 3.288828637079944883e+02
4.166666666666666852e-01 4.545602653248464264e+01 3.288828637079940904e+02
4.333333333333333481e-01 3.997464547068474872e+01 3.288828637079936357e+02
4.500000000000000111e-01 3.449326440888485479e+01 3.288828637079938630e+02
4.666666666666666741e-01 2.901188334708495375e+01 3.288828637079940904e+02
4.833333333333333370e-01 2.353050228528505272e+01 3.288828637079939767e+02
5.000000000000000000e-01 1.804912122348515524e+01 3.288828637079932946e+02
5.166666666666666075e-01 1.256774016168527552e+01 2.715062740606838929e+02
5.333333333333333259e-01 8.998912088129026543e+00 1.882212786208340276e+02
5.500000000000000444e-01 6.293697540990808470e+00 1.455667873633270801e+02
5.666666666666666519e-01 4.146685842684791012e+00 1.167870251157661130e+02
5.833333333333333703e-01 2.400796703798604881e+00 9.527189564307684577e+01
5.999999999999999778e-01 9.709559879155627016e-01 7.787541240061675296e+01
6.166666666666666963e-01 -1.950503762219531201e-01 6.313705601893654062e+01
6.333333333333333037e-01 -1.133612546048988534e+00 5.079797006380159985e+01
6.500000000000000222e-01 -1.888316045015339784e+00 4.093850296778216347e+01
6.666666666666666297e-01 -2.498229311641727346e+00 3.307294177650333467e+01
6.833333333333333481e-01 -2.990747437565450806e+00 2.622081655020991775e+01
6.999999999999999556e-01 -3.372256529982057938e+00 1.994658220942111626e+01
7.166666666666666741e-01 -3.655633511212821318e+00 1.438228053869679535e+01
7.333333333333332815e-01 -3.851665881271951086e+00 9.628012984613469882e+00
7.500000000000000000e-01 -3.976567277366603648e+00 5.633663954209984226e+00
7.666666666666666075e-01 -4.039454679745617227e+00 2.266698482860700636e+00
7.833333333333333259e-01 -4.052123893461960336e+00 -6.630261145613935980e-01
8.000000000000000444e-01 -4.017353809260237441e+00 -3.427439871644644143e+00
8.166666666666666519e-01 -3.937875897740472197e+00 -6.207955538912384164e+00
8.333333333333333703e-01 -3.810421957963157968e+00 -8.789050836747875906e+00
8.499999999999999778e-01 -3.644907536515543001e+00 -1.054640923551033005e+01
8.666666666666666963e-01 -3.458874983446146967e+00 -1.095865146234282328e+01
8.833333333333333037e-01 -3.279619154437448891e+00 -1.022478272033270130e+01
9.000000000000000222e-01 -3.118048892768390257e+00 -9.147637245460465749e+00
9.166666666666666297e-01 -2.974697912922100063e+00 -8.473795149920034575e+00
9.333333333333333481e-01 -2.835589054437722467e+00 -8.423646646104222313e+00
9.499999999999999556e-01 -2.693909691385292682e+00 -8.777377930715655197e+00
9.666666666666666741e-01 -2.543009790080533961e+00 -9.295996291827339775e+00
9.833333333333332815e-01 -2.384043148324381356e+00 -9.619111430201918722e+00
1.000000000000000000e+00 -2.222372742407136670e+00 -9.429930618142607912e+00
1.016666666666666607e+00 -2.069712127719627759e+00 -8.714183730520483451e+00
1.033333333333333215e+00 -1.931899951389787207e+00 -7.692918062624061193e+00
1.050000000000000044e+00 -1.813281525632159052e+00 -6.539640592360250082e+00
1.066666666666666652e+00 -1.713911931644445552e+00 -5.441633316213752458e+00
1.083333333333333259e+00 -1.631893748425033985e+00 -4.643473191248466136e+00
1.100000000000000089e+00 -1.559129491936163348e+00 -4.299858023943648355e+00
1.116666666666666696e+00 -1.488565147626912388e+00 -4.299292735149347067e+00
1.133333333333333304e+00 -1.415819734097851779e+00 -4.324083420988793947e+00
1.149999999999999911e+00 -1.344429033593952605e+00 -4.117982267403195173e+00
1.166666666666666741e+00 -1.278553658517745273e+00 -3.741302972990450115e+00
1.183333333333333348e+00 -1.219718934494270934e+00 -3.354035841888047820e+00
1.199999999999999956e+00 -1.166752463788143679e+00 -3.004391392231346991e+00
1.216666666666666563e+00 -1.119572554753226035e+00 -2.689446212156634264e+00
1.233333333333333393e+00 -1.077104256716255870e+00 -2.483763232628637407e+00
1.250000000000000000e+00 -1.036780446998938121e+00 -2.404014691559793970e+00
1.266666666666666607e+00 -9.969704336642627451e-01 -2.311391470279335003e+00
1.283333333333333215e+00 -9.597340646562936284e-01 -2.107530562816182229e+00
1.300000000000000044e+00 -9.267194149037233375e-01 -1.842354476735861279e+00
1.316666666666666652e+00 -8.983222487650982524e-01 -1.578379842791612919e+00
1.333333333333333259e+00 -8.741067534773362402e-01 -1.333614722911576900e+00
1.350000000000000089e+00 -8.538684246680456891e-01 -1.146555859181264125e+00
1.366666666666666696e+00 -8.358882248379607693e-01 -1.093832939086929468e+00
1.383333333333333304e+00 -8.174073266984813735e-01 -1.175893979791747812e+00
1.399999999999999911e+00 -7.966917588449025089e-01 -1.311738471314967125e+00
1.416666666666666741e+00 -7.736827109879824693e-01 -1.412084739094282559e+00
1.433333333333333348e+00 -7.496222675417597570e-01 -1.424074287417523843e+00
1.449999999999999956e+00 -7.262135680740650079e-01 -1.368651693419884463e+00
1.466666666666666563e+00 -7.040005444277636082e-01 -1.313322249425555865e+00
1.483333333333333393e+00 -6.824361597598798124e-01 -1.303136403099834917e+00
1.500000000000000000e+00 -6.605626643244357776e-01 -1.325899641334779000e+00
1.516666666666666607e+00 -6.382395050487205124e-01 -1.372600491119357891e+00
1.533333333333333215e+00 -6.148093146204571813e-01 -1.442419687742000356e+00
1.550000000000000044e+00 -5.901588487906538338e-01 -1.510239205433387966e+00
1.566666666666666652e+00 -5.644680077726775824e-01 -1.565021902780693308e+00
1.583333333333333259e+00 -5.379914520312973902e-01 -1.608504876565990394e+00
1.600000000000000089e+00 -5.108511785538112360e-01 -1.623106058050091782e+00
1.616666666666666696e+00 -4.838879167629610012e-01 -1.601205123971270572e+00
1.633333333333333304e+00 -4.574776744214355539e-01 -1.570878481326436482e+00
1.649999999999999911e+00 -4.315253007187464518e-01 -1.565568950393044334e+00
1.666666666666666741e+00 -4.052920427416674132e-01 -1.581178535223157766e+00
1.683333333333333348e+00 -3.788193495446411929e-01 -1.597861970894357109e+00
1.699999999999999956e+00 -3.520299770451888466e-01 -1.610091512215268139e+00
1.716666666666666563e+00 -3.251496324707989216e-01 -1.610990353911680995e+00
1.733333333333333393e+00 -2.983302985814661468e-01 -1.590183329602505413e+00
1.750000000000000000e+00 -2.721435214840487449e-01 -1.547122977213009953e+00
1.766666666666666607e+00 -2.467595326743658168e-01 -1.492019032890754104e+00
1.783333333333333215e+00 -2.224095537210236118e-01 -1.429202305711818610e+00
1.800000000000000044e+00 -1.991194558173051965e-01 -1.363520961775585905e+00
1.816666666666666652e+00 -1.769588549951707501e-01 -1.295155765768770673e+00
1.833333333333333259e+00 -1.559475969583461741e-01 -1.224826714767432767e+00
1.849999999999999867e+00 -1.361312978362563264e-01 -1.155085188536638885e+00
1.866666666666666696e+00 -1.174447573404582140e-01 -1.089717811550470872e+00
1.883333333333333304e+00 -9.980737078457396771e-02 -1.029512464379589209e+00
1.899999999999999911e+00 -8.312767519447190889e-02 -9.739373005502397485e-01
1.916666666666666741e+00 -6.734279409956597795e-02 -9.231262526723080786e-01
1.933333333333333348e+00 -5.235680010539497248e-02 -1.596369693695925740e+00
1.949999999999999956e+00 -1.413047097636845745e-02 -1.535622103274487671e+00
1.966666666666666563e+00 -1.169396662912046067e-03 -4.215021433415699348e-01
1.983333333333333393e+00 -8.039953164945806002e-05 -3.508189988736138548e-02
2.000000000000000000e+00 0.000000000000000000e+00 -4.823971898967483601e-03
