0.000000000000000000e+00 2.319017864206057027e+02 4.264425176378244942e+02
1.666666666666666644e-02 2.247944111266419611e+02 4.264425176378253468e+02
3.333333333333333287e-02 2.176870358326781911e+02 4.264425176378253468e+02
5.000000000000000278e-02 2.105796605387144496e+02 4.264425176378244942e+02
6.666666666666666574e-02 2.034722852447507080e+02 4.264425176378244942e+02
8.333333333333332871e-02 1.963649099507869664e+02 4.264425176378253468e+02
1.000000000000000056e-01 1.892575346568231964e+02 4.264425176378261995e+02
1.166666666666666685e-01 1.821501593628594264e+02 4.264425176378244942e+02
1.333333333333333315e-01 1.750427840688957133e+02 4.264425176378244942e+02
1.499999999999999944e-01 1.679354087749319433e+02 4.264425176378253468e+02
1.666666666666666574e-01 1.608280334809682017e+02 4.264425176378253468e+02
1.833333333333333204e-01 1.537206581870044317e+02 4.264425176378253468e+02
2.000000000000000111e-01 1.466132828930406902e+02 4.264425176378253468e+02
2.166666666666666741e-01 1.395059075990769202e+02 4.264425176378253468e+02
2.333333333333333370e-01 1.323985323051131786e+02 4.264425176378244942e+02
2.500000000000000000e-01 1.252911570111494370e+02 4.264425176378249489e+02
2.666666666666666630e-01 1.181837817171856813e+02 4.264425176378249489e+02
2.833333333333333259e-01 1.110764064232219397e+02 4.264425176378249489e+02
2.999999999999999889e-01 1.039690311292581839e+02 4.264425176378249489e+02
3.166666666666666519e-01 9.686165583529444234e+01 4.264425176378249489e+02
3.333333333333333148e-01 8.975428054133068656e+01 4.264425176378253468e+02
3.499999999999999778e-01 8.264690524736693078e+01 4.264425176378249489e+02
3.666666666666666408e-01 7.553952995340318921e+01 4.264425176378244942e+02
3.833333333333333037e-01 6.843215465943944764e+01 4.264425176378255742e+02
4.000000000000000222e-01 6.132477936547567055e+01 4.264425176378258016e+02
4.166666666666666852e-01 5.421740407151192187e+01 4.264425176378251194e+02
4.333333333333333481e-01 4.711002877754816609e+01 4.264425176378249489e+02
4.500000000000000111e-01 4.000265348358442452e+01 4.264425176378249489e+02
4.666666666666666741e-01 3.289527818962066874e+01 4.264425176378251194e+02
4.833333333333333370e-01 2.578790289565692007e+01 4.264425176378249489e+02
5.000000000000000000e-01 1.868052760169317139e+01 4.264425176378242099e+02
5.166666666666666075e-01 1.157315230772944581e+01 3.381391447206773933e+02
5.333333333333333259e-01 7.409222777670593452e+00 2.093592623430064066e+02
5.500000000000000444e-01 4.594510229629232612e+00 1.438788171545416503e+02
5.666666666666666519e-01 2.613262205852538322e+00 1.055094127055320143e+02
5.833333333333333703e-01 1.077529806111498845e+00 8.190568952100419153e+01
5.999999999999999778e-01 -1.169274448476012446e-01 6.482947571296827505e+01
6.166666666666666963e-01 -1.083452717654110220e+00 5.388358738803126613e+01
6.333333333333333037e-01 -1.913047024448643274e+00 4.680373801530330269e+01
6.500000000000000222e-01 -2.643577318164220369e+00 4.120418221724588648e+01
6.666666666666666297e-01 -3.286519765023506068e+00 3.346371127779946875e+01
6.833333333333333481e-01 -3.759034360757536053e+00 2.500049106929141018e+01
6.999999999999999556e-01 -4.119869467333219681e+00 1.649934538976135201e+01
7.166666666666666741e-01 -4.309012540416247816e+00 6.573467504490535518e+00
7.333333333333332815e-01 -4.338985050816237532e+00 -2.542261154414813262e+00
7.500000000000000000e-01 -4.224270501935754041e+00 -1.075750603234119751e+01
7.666666666666666075e-01 -3.980401516404864282e+00 -1.780839136037396031e+01
7.833333333333333259e-01 -3.630657456589955423e+00 -2.277588743655509873e+01
8.000000000000000444e-01 -3.221205268519694354e+00 -2.454553577374965556e+01
8.166666666666666519e-01 -2.812472930798300297e+00 -2.384605699596709272e+01
8.333333333333333703e-01 -2.426336701987457989e+00 -2.315394081368252088e+01
8.499999999999999778e-01 -2.040674903675549601e+00 -2.170526110542332887e+01
8.666666666666666963e-01 -1.702827998473346982e+00 -1.971482390003001584e+01
8.833333333333333037e-01 -1.383514107007882465e+00 -1.796459235515791875e+01
9.000000000000000222e-01 -1.104008253301416387e+00 -1.590803287031284441e+01
9.166666666666666297e-01 -8.532463446641209703e-01 -1.393288563357031506e+01
9.333333333333333481e-01 -6.395787321824059068e-01 -1.180306805537641957e+01
9.499999999999999556e-01 -4.598107428182403034e-01 -9.658071731021417250e+00
9.666666666666666741e-01 -3.176430078150253578e-01 -7.596078127455711204e+00
9.833333333333332815e-01 -2.066081385697166317e-01 -6.092084035171470013e+00
1.000000000000000000e+00 -1.145735399759763712e-01 -4.527055640058035735e+00
1.016666666666666607e+00 -5.570628390111546230e-02 -2.235241258689657950e+00
1.033333333333333215e+00 -4.006549801965444274e-02 1.722704921199113559e-01
1.050000000000000044e+00 -6.144863363844584037e-02 1.913943850956035586e+00
1.066666666666666652e+00 -1.038636263848556202e-01 2.742908945135742904e+00
1.083333333333333259e+00 -1.528789318096372696e-01 2.852455153779241748e+00
1.100000000000000089e+00 -1.989454648441636719e-01 2.766441368252408939e+00
1.116666666666666696e+00 -2.450936440847175657e-01 2.111452883333248209e+00
1.133333333333333304e+00 -2.693272276219386141e-01 4.560705750461169217e-01
1.149999999999999911e+00 -2.602959965862547964e-01 -1.180183136899784158e+00
1.166666666666666741e+00 -2.299877897252791403e-01 -2.444485510948193774e+00
1.183333333333333348e+00 -1.788131462213150003e-01 -3.160037654059842271e+00
1.199999999999999956e+00 -1.246532012566177322e-01 -3.397363834996038445e+00
1.216666666666666563e+00 -6.556768505478038911e-02 -3.442296553498129352e+00
1.233333333333333393e+00 -9.909982806680091988e-03 -3.126566435958111789e+00
1.250000000000000000e+00 3.865119614382334090e-02 -2.340803737080552338e+00
1.266666666666666607e+00 6.811680842933831581e-02 -1.394804686812614936e+00
1.283333333333333215e+00 8.514468570424384153e-02 -6.734815406897849410e-01
1.300000000000000044e+00 9.056619311899781477e-02 1.104719240065689390e-01
1.316666666666666652e+00 8.146228823735821023e-02 9.942912576914983980e-01
1.333333333333333259e+00 5.742315119594786771e-02 1.550067663964024289e+00
1.350000000000000089e+00 2.979336610522407072e-02 2.143728453570936221e+00
1.366666666666666696e+00 -1.403446392308332902e-02 2.409311092852660874e+00
1.383333333333333304e+00 -5.051700365653128549e-02 2.206126510015295583e+00
1.399999999999999911e+00 -8.757201425692651142e-02 1.876108210301668189e+00
1.416666666666666741e+00 -1.130539439999202200e-01 1.191496167575228693e+00
1.433333333333333348e+00 -1.272885531761007993e-01 3.542985177952048814e-01
1.449999999999999956e+00 -1.248638945930937161e-01 -3.660682607448154102e-01
1.466666666666666563e+00 -1.150862778179402857e-01 -7.807674621672886506e-01
1.483333333333333393e+00 -9.883831252085076291e-02 -1.171088500973672231e+00
1.500000000000000000e+00 -7.604999445215121501e-02 -1.441004161647670978e+00
1.516666666666666607e+00 -5.080484046592839698e-02 -1.559665960042029065e+00
1.533333333333333215e+00 -2.406112911741691007e-02 -1.562012546645000333e+00
1.550000000000000044e+00 1.262244422238284307e-03 -1.384533444033405392e+00
1.566666666666666652e+00 2.208998568369660576e-02 -1.235536461342978676e+00
1.583333333333333259e+00 4.244679313367090423e-02 -1.208927067576618164e+00
1.600000000000000089e+00 6.238755460291720706e-02 -1.130628063903385883e+00
1.616666666666666696e+00 8.013439526378376976e-02 -1.029116277143475200e+00
1.633333333333333304e+00 9.669143050769971048e-02 -8.548078360336214265e-01
1.649999999999999911e+00 1.086279897982378173e-01 -6.352311630406671794e-01
1.666666666666666741e+00 1.178658026090552841e-01 -3.938482910416203908e-01
1.683333333333333348e+00 1.217562661662918294e-01 -1.286544121484554937e-01
1.699999999999999956e+00 1.221542830140038005e-01 1.197082312887791378e-01
1.716666666666666563e+00 1.177659917899991915e-01 3.512375875336731790e-01
1.733333333333333393e+00 1.104463634295480279e-01 5.471927634981841315e-01
1.750000000000000000e+00 9.952623300672638895e-02 7.214803950307633329e-01
1.766666666666666607e+00 8.639701692852258530e-02 8.052204287123222448e-01
1.783333333333333215e+00 7.268555204964897987e-02 7.806130946289241423e-01
1.800000000000000044e+00 6.037658044089178055e-02 7.082651715524574954e-01
1.816666666666666652e+00 4.907671299790039576e-02 5.758255281537948411e-01
1.833333333333333259e+00 4.118239616909862011e-02 3.977568567408427125e-01
1.849999999999999867e+00 3.581815110653897155e-02 2.535907210388130828e-01
1.866666666666666696e+00 3.272937213447151689e-02 1.307030175559424634e-01
1.883333333333333304e+00 3.146138385467422277e-02 4.760188298156858844e-02
1.899999999999999911e+00 3.114264270175256394e-02 3.245935752491393989e-02
1.916666666666666741e+00 3.037940527051042477e-02 9.658353065773755963e-02
1.933333333333333348e+00 2.792319167982797862e-02 6.060278492515915882e-01
1.949999999999999956e+00 1.017847696212403723e-02 7.954263657958957623e-01
1.966666666666666563e+00 1.408979486631453974e-03 3.014886453068115757e-01
1.983333333333333393e+00 1.288554518969845528e-04 4.226938459894361705e-02
2.000000000000000000e+00 0.000000000000000000e+00 7.731327113819073601e-03
