0.000000000000000000e+00 4.220059817183471864e+02 6.957991344208471673e+02
1.666666666666666644e-02 4.104093294779997336e+02 6.957991344208454620e+02
3.333333333333333287e-02 3.988126772376523377e+02 6.957991344208454620e+02
5.000000000000000278e-02 3.872160249973048849e+02 6.957991344208454620e+02
6.666666666666666574e-02 3.756193727569574889e+02 6.957991344208437567e+02
8.333333333333332871e-02 3.640227205166100930e+02 6.957991344208454620e+02
1.000000000000000056e-01 3.524260682762626402e+02 6.957991344208471673e+02
1.166666666666666685e-01 3.408294160359151874e+02 6.957991344208454620e+02
1.333333333333333315e-01 3.292327637955677915e+02 6.957991344208454620e+02
1.499999999999999944e-01 3.176361115552203387e+02 6.957991344208454620e+02
1.666666666666666574e-01 3.060394593148729427e+02 6.957991344208454620e+02
1.833333333333333204e-01 2.944428070745254900e+02 6.957991344208471673e+02
2.000000000000000111e-01 2.828461548341780372e+02 6.957991344208454620e+02
2.166666666666666741e-01 2.712495025938306412e+02 6.957991344208437567e+02
2.333333333333333370e-01 2.596528503534832453e+02 6.957991344208454620e+02
2.500000000000000000e-01 2.480561981131357925e+02 6.957991344208463715e+02
2.666666666666666630e-01 2.364595458727883681e+02 6.957991344208454620e+02
2.833333333333333259e-01 2.248628936324409437e+02 6.957991344208454620e+02
2.999999999999999889e-01 2.132662413920935194e+02 6.957991344208454620e+02
3.166666666666666519e-01 2.016695891517460950e+02 6.957991344208454620e+02
3.333333333333333148e-01 1.900729369113986706e+02 6.957991344208454620e+02
3.499999999999999778e-01 1.784762846710512463e+02 6.957991344208454620e+02
3.666666666666666408e-01 1.668796324307038219e+02 6.957991344208446662e+02
3.833333333333333037e-01 1.552829801903564260e+02 6.957991344208463715e+02
4.000000000000000222e-01 1.436863279500089448e+02 6.957991344208471673e+02
4.166666666666666852e-01 1.320896757096615204e+02 6.957991344208446662e+02
4.333333333333333481e-01 1.204930234693141244e+02 6.957991344208446662e+02
4.500000000000000111e-01 1.088963712289667001e+02 6.957991344208454620e+02
4.666666666666666741e-01 9.729971898861927571e+01 6.957991344208454620e+02
4.833333333333333370e-01 8.570306674827185134e+01 6.957991344208454620e+02
5.000000000000000000e-01 7.410641450792442697e+01 6.957991344208442115e+02
5.166666666666666075e-01 6.250976226757704524e+01 6.957991344208452347e+02
5.333333333333333259e-01 5.091311002722958534e+01 6.957991344208476221e+02
5.500000000000000444e-01 3.931645778688212545e+01 6.957991344208453484e+02
5.666666666666666519e-01 2.771980554653474016e+01 6.957991344208453484e+02
5.833333333333333703e-01 1.612315330618728026e+01 4.581156732231962678e+02
5.999999999999999778e-01 1.244928310576153230e+01 1.886769403119598394e+02
6.166666666666666963e-01 9.833921962455285382e+00 1.402091576931723580e+02
6.333333333333333037e-01 7.775644515989120542e+00 1.122784436344202277e+02
6.500000000000000222e-01 6.091307174641277911e+00 9.182832604513298236e+01
6.666666666666666297e-01 4.714700314484687738e+00 7.488201186791214070e+01
6.833333333333333481e-01 3.595240112377539710e+00 6.074224685032059767e+01
6.999999999999999556e-01 2.689958752807334541e+00 4.909761350112930245e+01
7.166666666666666741e-01 1.958652995673229702e+00 3.953454083499423888e+01
7.333333333333332815e-01 1.372140724974193260e+00 3.158225680407319302e+01
7.500000000000000000e-01 9.059111022041232975e-01 2.496532226420924871e+01
7.666666666666666075e-01 5.399633161672182657e-01 1.949737609844206077e+01
7.833333333333333259e-01 2.559985655893879941e-01 1.491626905278953075e+01
8.000000000000000444e-01 4.275434774090056123e-02 1.096217162498814801e+01
8.166666666666666519e-01 -1.094071552435502831e-01 7.475959712145744618e+00
8.333333333333333703e-01 -2.064443093306242427e-01 4.385682618562881885e+00
8.499999999999999778e-01 -2.555965758623129913e-01 1.691860231408095050e+00
8.666666666666666963e-01 -2.628396503775607407e-01 -5.662486835010303032e-01
8.833333333333333037e-01 -2.367216197456119831e-01 -2.314714993089794337e+00
9.000000000000000222e-01 -1.856824839412342665e-01 -3.480609009730582848e+00
9.166666666666666297e-01 -1.207013194212592233e-01 -4.055234139042378949e+00
9.333333333333333481e-01 -5.050801263982161726e-02 -4.135670203519468124e+00
9.499999999999999556e-01 1.715435402938971302e-02 -3.899868326611422464e+00
9.666666666666666741e-01 7.948759824722580192e-02 -3.519537271152578306e+00
9.833333333333332815e-01 1.344722630678089892e-01 -3.112821221626785206e+00
1.000000000000000000e+00 1.832483056347853079e-01 -2.744264434975469236e+00
1.016666666666666607e+00 2.259477442336579600e-01 -2.406150334948683689e+00
1.033333333333333215e+00 2.634533167997414327e-01 -2.028299913164758550e+00
1.050000000000000044e+00 2.935577413391499135e-01 -1.567687096360947940e+00
1.066666666666666652e+00 3.157095533451063640e-01 -1.076933072216757603e+00
1.083333333333333259e+00 3.294555104130418299e-01 -6.527384754120024724e-01
1.100000000000000089e+00 3.374675025255064464e-01 -3.429472153407786550e-01
1.116666666666666696e+00 3.408870842577344518e-01 -1.398034951704912876e-01
1.133333333333333304e+00 3.421276190311894894e-01 -3.859531095295409830e-02
1.149999999999999911e+00 3.421735946228329217e-01 1.407335935532716409e-02
1.166666666666666741e+00 3.416585070526785839e-01 7.342679959896125652e-02
1.183333333333333348e+00 3.397260346362008798e-01 1.647061356771428731e-01
1.199999999999999956e+00 3.361683025301071548e-01 2.656265698424425947e-01
1.216666666666666563e+00 3.308718156414527933e-01 3.444007157080941628e-01
1.233333333333333393e+00 3.246882786731706827e-01 3.717662691008438713e-01
1.250000000000000000e+00 3.184796066714246643e-01 3.254721328194343233e-01
1.266666666666666607e+00 3.138392075791895386e-01 2.233163288560113813e-01
1.283333333333333215e+00 3.110357290428909516e-01 1.063121439489350673e-01
1.300000000000000044e+00 3.102954694475583697e-01 -1.947456207740283496e-02
1.316666666666666652e+00 3.116848811121377127e-01 -1.313074000151831511e-01
1.333333333333333259e+00 3.146723827813978080e-01 -2.012845208339325564e-01
1.350000000000000089e+00 3.183943651399354646e-01 -2.048441085219643298e-01
1.366666666666666696e+00 3.215005197321299524e-01 -1.495135565091937346e-01
1.383333333333333304e+00 3.233781503569085891e-01 -6.631063378409296494e-02
1.399999999999999911e+00 3.237108741915997179e-01 2.988893127451319742e-03
1.416666666666666741e+00 3.232785205859935451e-01 2.349839322418001419e-02
1.433333333333333348e+00 3.229275944174603841e-01 3.976597481416543900e-03
1.449999999999999956e+00 3.231459673366129937e-01 -1.102481140025646233e-02
1.466666666666666563e+00 3.232950881308022661e-01 1.886981919365982030e-02
1.483333333333333393e+00 3.225169733634909996e-01 1.077323893881909633e-01
1.500000000000000000e+00 3.197040084845292340e-01 2.474574963421877216e-01
1.516666666666666607e+00 3.142683901520847423e-01 4.022118317144285360e-01
1.533333333333333215e+00 3.062969474273816162e-01 5.100672786880094955e-01
1.550000000000000044e+00 2.972661475291510924e-01 5.406860498089777201e-01
1.566666666666666652e+00 2.882740791004156922e-01 5.248580953072989885e-01
1.583333333333333259e+00 2.797708776855744595e-01 5.095672066370993125e-01
1.600000000000000089e+00 2.712885055458457151e-01 5.214064673328511201e-01
1.616666666666666696e+00 2.623906621078127555e-01 5.624540868271227234e-01
1.633333333333333304e+00 2.525400359849416243e-01 6.261126236853046256e-01
1.649999999999999911e+00 2.415202413183026031e-01 6.962676764635536975e-01
1.666666666666666741e+00 2.293311134361565029e-01 7.504301060145655011e-01
1.683333333333333348e+00 2.165059044511504216e-01 7.703735141900125427e-01
1.699999999999999956e+00 2.036519962964894181e-01 7.578122956817737732e-01
1.716666666666666563e+00 1.912454945950912977e-01 7.298467818310222510e-01
1.733333333333333393e+00 1.793237702354553431e-01 7.122438349702423510e-01
1.750000000000000000e+00 1.675040334294165545e-01 7.150576430463698729e-01
1.766666666666666607e+00 1.554885154672430159e-01 7.285046273507098658e-01
1.783333333333333215e+00 1.432205458510595608e-01 7.404873596753456244e-01
1.800000000000000044e+00 1.308056034780648302e-01 7.453184049236416531e-01
1.816666666666666652e+00 1.183765990202715057e-01 7.372586430383321066e-01
1.833333333333333259e+00 1.062303153767870934e-01 7.140396942437191585e-01
1.849999999999999867e+00 9.457527587881420228e-02 6.852188025072432076e-01
1.866666666666666696e+00 8.338968862654565217e-02 6.623416934351995522e-01
1.883333333333333304e+00 7.249721943097421628e-02 6.476084052640271871e-01
1.899999999999999911e+00 6.180274178441141214e-02 6.384690624732227704e-01
1.916666666666666741e+00 5.121491734853345773e-02 6.330620911248873162e-01
1.933333333333333348e+00 4.070067208024850253e-02 1.156045053796727951e+00
1.949999999999999956e+00 1.268008222197586007e-02 1.176223344415361804e+00
1.966666666666666563e+00 1.493227266403108957e-03 3.766969782608673434e-01
1.983333333333333393e+00 1.235162799469489785e-04 4.479681799209327131e-02
2.000000000000000000e+00 0.000000000000000000e+00 7.410976796816938494e-03
