0.000000000000000000e+00 3.644349668538263245e+02 5.596803158636907938e+02
1.666666666666666644e-02 3.551069615894314779e+02 5.596803158636890885e+02
3.333333333333333287e-02 3.457789563250366882e+02 5.596803158636907938e+02
5.000000000000000278e-02 3.364509510606417848e+02 5.596803158636907938e+02
6.666666666666666574e-02 3.271229457962469951e+02 5.596803158636890885e+02
8.333333333333332871e-02 3.177949405318521485e+02 5.596803158636890885e+02
1.000000000000000056e-01 3.084669352674573588e+02 5.596803158636890885e+02
1.166666666666666685e-01 2.991389300030625122e+02 5.596803158636907938e+02
1.333333333333333315e-01 2.898109247386676657e+02 5.596803158636907938e+02
1.499999999999999944e-01 2.804829194742728191e+02 5.596803158636890885e+02
1.666666666666666574e-01 2.711549142098780294e+02 5.596803158636890885e+02
1.833333333333333204e-01 2.618269089454831828e+02 5.596803158636899980e+02
2.000000000000000111e-01 2.524989036810883647e+02 5.596803158636899980e+02
2.166666666666666741e-01 2.431708984166935181e+02 5.596803158636899980e+02
2.333333333333333370e-01 2.338428931522987000e+02 5.596803158636890885e+02
2.500000000000000000e-01 2.245148878879038818e+02 5.596803158636899980e+02
2.666666666666666630e-01 2.151868826235090353e+02 5.596803158636899980e+02
2.833333333333333259e-01 2.058588773591142171e+02 5.596803158636890885e+02
2.999999999999999889e-01 1.965308720947193990e+02 5.596803158636899980e+02
3.166666666666666519e-01 1.872028668303245524e+02 5.596803158636899980e+02
3.333333333333333148e-01 1.778748615659297343e+02 5.596803158636890885e+02
3.499999999999999778e-01 1.685468563015349162e+02 5.596803158636899980e+02
3.666666666666666408e-01 1.592188510371400696e+02 5.596803158636899980e+02
3.833333333333333037e-01 1.498908457727452515e+02 5.596803158636907938e+02
4.000000000000000222e-01 1.405628405083503765e+02 5.596803158636907938e+02
4.166666666666666852e-01 1.312348352439555583e+02 5.596803158636890885e+02
4.333333333333333481e-01 1.219068299795607402e+02 5.596803158636899980e+02
4.500000000000000111e-01 1.125788247151658936e+02 5.596803158636899980e+02
4.666666666666666741e-01 1.032508194507710755e+02 5.596803158636890885e+02
4.833333333333333370e-01 9.392281418637625734e+01 5.596803158636895432e+02
5.000000000000000000e-01 8.459480892198142499e+01 5.596803158636890885e+02
5.166666666666666075e-01 7.526680365758662106e+01 5.596803158636895432e+02
5.333333333333333259e-01 6.593879839319177449e+01 5.596803158636912485e+02
5.500000000000000444e-01 5.661079312879691372e+01 5.596803158636897706e+02
5.666666666666666519e-01 4.728278786440211690e+01 5.596803158636897706e+02
5.833333333333333703e-01 3.795478260000725612e+01 5.596803158636897706e+02
5.999999999999999778e-01 2.862677733561245930e+01 4.509516780877614224e+02
6.166666666666666963e-01 2.292305999708187514e+01 2.972752679443329953e+02
6.333333333333333037e-01 1.871760173746802636e+01 2.250639066378140001e+02
6.500000000000000222e-01 1.542092977582140811e+01 1.814319911144204127e+02
6.666666666666666297e-01 1.266986870032067891e+01 1.571214379202382645e+02
6.833333333333333481e-01 1.018354851181346632e+01 1.406339192616376295e+02
6.999999999999999556e-01 7.982071391599424359e+00 1.241712025679563993e+02
7.166666666666666741e-01 6.044508426214919794e+00 1.094678987239507677e+02
7.333333333333332815e-01 4.333141434134399006e+00 9.475430060343347805e+01
7.500000000000000000e-01 2.886031739433803978e+00 8.014914655266437649e+01
7.666666666666666075e-01 1.661503215712252901e+00 6.675132795228593352e+01
7.833333333333333259e-01 6.609874743576058531e-01 5.421614526362805009e+01
8.000000000000000444e-01 -1.457016264086821999e-01 4.293519494092893041e+01
8.166666666666666519e-01 -7.701856903400251531e-01 3.273082231800899677e+01
8.333333333333333703e-01 -1.236729037008982068e+00 2.449128313884890318e+01
8.499999999999999778e-01 -1.586561794968321948e+00 1.775857538394321367e+01
8.666666666666666963e-01 -1.828681549807089191e+00 1.146319720219127269e+01
8.833333333333333037e-01 -1.968668368374697719e+00 5.936344825057093821e+00
9.000000000000000222e-01 -2.026559710642325651e+00 1.182464875947599747e+00
9.166666666666666297e-01 -2.008083864239617711e+00 -2.772722367245861186e+00
9.333333333333333481e-01 -1.934135631734130278e+00 -5.595309141120619500e+00
9.499999999999999556e-01 -1.821573559535597076e+00 -7.471899699006878670e+00
9.666666666666666741e-01 -1.685072308433900989e+00 -8.643221304918345282e+00
9.833333333333332815e-01 -1.533466182704985581e+00 -9.542525437415699585e+00
1.000000000000000000e+00 -1.366988127186711033e+00 -9.767922973401610420e+00
1.016666666666666607e+00 -1.207868750258265234e+00 -9.026648396681538955e+00
1.033333333333333215e+00 -1.066099847297326431e+00 -8.102802816769463234e+00
1.050000000000000044e+00 -9.377753230326164591e-01 -6.918612800902236515e+00
1.066666666666666652e+00 -8.354794206005852208e-01 -5.158886135561580488e+00
1.083333333333333259e+00 -7.658124518472304576e-01 -3.830365066818023578e+00
1.100000000000000089e+00 -7.078005850399844423e-01 -3.056497056436127124e+00
1.116666666666666696e+00 -6.639292166326928868e-01 -2.873187784472748252e+00
1.133333333333333304e+00 -6.120276588908928339e-01 -3.337276540021913984e+00
1.149999999999999911e+00 -5.526866652986290873e-01 -4.295053793734807890e+00
1.166666666666666741e+00 -4.688591990997325598e-01 -5.443317682771758648e+00
1.183333333333333348e+00 -3.712427425395704583e-01 -5.899779003703933711e+00
1.199999999999999956e+00 -2.721998989762681176e-01 -5.657452465119173546e+00
1.216666666666666563e+00 -1.826609937022646846e-01 -4.567345903690902986e+00
1.233333333333333393e+00 -1.199550355199046903e-01 -2.784841842000779444e+00
1.250000000000000000e+00 -8.983293230223871051e-02 -1.274591683610498460e+00
1.266666666666666607e+00 -7.746864606622140548e-02 2.615197888064246801e-03
1.283333333333333215e+00 -8.992010556517418540e-02 8.333916468733520988e-01
1.300000000000000044e+00 -1.052483676286664754e-01 8.659718754053268297e-01
1.316666666666666652e+00 -1.187858347453517455e-01 3.542831243084845760e-01
1.333333333333333259e+00 -1.170578051056159613e-01 -3.677131199692106334e-01
1.350000000000000089e+00 -1.065287307463780586e-01 -6.575673828452339720e-01
1.366666666666666696e+00 -9.513889234410816131e-02 -6.946721214701705449e-01
1.383333333333333304e+00 -8.337299336403904138e-02 -4.189823977270400457e-01
1.399999999999999911e+00 -8.117281241987349405e-02 1.070335779222816863e-01
1.416666666666666741e+00 -8.694077929478176425e-02 6.367102171651692899e-01
1.433333333333333348e+00 -1.023964863253791352e-01 1.037786917678236387e+00
1.449999999999999956e+00 -1.215336765507229744e-01 8.777342309912173901e-01
1.466666666666666563e+00 -1.316542940250863825e-01 4.346240879333873597e-01
1.483333333333333393e+00 -1.360211461485025530e-01 5.359696628159077436e-02
1.500000000000000000e+00 -1.334408595678060749e-01 -2.353576324755971005e-01
1.516666666666666607e+00 -1.281758917326493163e-01 -5.263397153162405750e-01
1.533333333333333215e+00 -1.158962023905980576e-01 -1.026880100461505796e+00
1.550000000000000044e+00 -9.394655505059912315e-02 -1.422884301067471879e+00
1.566666666666666652e+00 -6.846672568834899497e-02 -1.626130604745132935e+00
1.583333333333333259e+00 -3.974220155909469199e-02 -1.706663521625479074e+00
1.600000000000000089e+00 -1.157794163416635790e-02 -1.735554205242133996e+00
1.616666666666666696e+00 1.810960528230977362e-02 -1.780728895301648240e+00
1.633333333333333304e+00 4.777968820922191134e-02 -1.669788130948102411e+00
1.649999999999999911e+00 7.376920964724652252e-02 -1.443676963585682982e+00
1.666666666666666741e+00 9.590225366207801028e-02 -1.179418149554216866e+00
1.683333333333333348e+00 1.130831479657204153e-01 -8.723442736815821830e-01
1.699999999999999956e+00 1.249803961181307488e-01 -5.561024906289757652e-01
1.716666666666666563e+00 1.316198976533529408e-01 -2.554180981713294329e-01
1.733333333333333393e+00 1.334943327238417299e-01 -1.256606900450929487e-02
1.750000000000000000e+00 1.320387666201699173e-01 1.880314538528315982e-01
1.766666666666666607e+00 1.272266175954140099e-01 3.483459665787365656e-01
1.783333333333333215e+00 1.204272344008786993e-01 4.565186539606879146e-01
1.800000000000000044e+00 1.120093291300577470e-01 5.453414019882084629e-01
1.816666666666666652e+00 1.022491876679384182e-01 6.067652710827498019e-01
1.833333333333333259e+00 9.178382009396608698e-02 6.656609723179477411e-01
1.849999999999999867e+00 8.006048859067349532e-02 7.125273556940614483e-01
1.866666666666666696e+00 6.803290823749737204e-02 7.048096692979647360e-01
1.883333333333333304e+00 5.656683294740800366e-02 6.539682987436044037e-01
1.899999999999999911e+00 4.623396494604389145e-02 5.894314614525513196e-01
1.916666666666666741e+00 3.691911756565629393e-02 5.293986176808150868e-01
1.933333333333333348e+00 2.858734435668338833e-02 8.108321946946881464e-01
1.949999999999999956e+00 9.891377742500023079e-03 8.178410206007308281e-01
1.966666666666666563e+00 1.325977003325692254e-03 2.933961618588302178e-01
1.983333333333333393e+00 1.115056805390153289e-04 3.977931009977076632e-02
2.000000000000000000e+00 0.000000000000000000e+00 6.690340832340919627e-03
