0.000000000000000000e+00 4.303646461576043976e+02 6.513489022910607673e+02
1.666666666666666644e-02 4.195088311194200514e+02 6.513489022910590620e+02
3.333333333333333287e-02 4.086530160812357622e+02 6.513489022910590620e+02
5.000000000000000278e-02 3.977972010430514160e+02 6.513489022910590620e+02
6.666666666666666574e-02 3.869413860048671268e+02 6.513489022910590620e+02
8.333333333333332871e-02 3.760855709666827806e+02 6.513489022910590620e+02
1.000000000000000056e-01 3.652297559284984914e+02 6.513489022910590620e+02
1.166666666666666685e-01 3.543739408903141452e+02 6.513489022910590620e+02
1.333333333333333315e-01 3.435181258521298560e+02 6.513489022910590620e+02
1.499999999999999944e-01 3.326623108139455098e+02 6.513489022910573567e+02
1.666666666666666574e-01 3.218064957757612774e+02 6.513489022910573567e+02
1.833333333333333204e-01 3.109506807375769313e+02 6.513489022910607673e+02
2.000000000000000111e-01 3.000948656993925852e+02 6.513489022910590620e+02
2.166666666666666741e-01 2.892390506612082959e+02 6.513489022910590620e+02
2.333333333333333370e-01 2.783832356230239498e+02 6.513489022910590620e+02
2.500000000000000000e-01 2.675274205848396605e+02 6.513489022910590620e+02
2.666666666666666630e-01 2.566716055466553144e+02 6.513489022910590620e+02
2.833333333333333259e-01 2.458157905084710251e+02 6.513489022910582662e+02
2.999999999999999889e-01 2.349599754702867074e+02 6.513489022910590620e+02
3.166666666666666519e-01 2.241041604321023897e+02 6.513489022910590620e+02
3.333333333333333148e-01 2.132483453939180720e+02 6.513489022910590620e+02
3.499999999999999778e-01 2.023925303557337543e+02 6.513489022910582662e+02
3.666666666666666408e-01 1.915367153175494650e+02 6.513489022910582662e+02
3.833333333333333037e-01 1.806809002793651473e+02 6.513489022910599715e+02
4.000000000000000222e-01 1.698250852411808012e+02 6.513489022910599715e+02
4.166666666666666852e-01 1.589692702029964835e+02 6.513489022910582662e+02
4.333333333333333481e-01 1.481134551648121942e+02 6.513489022910582662e+02
4.500000000000000111e-01 1.372576401266278765e+02 6.513489022910590620e+02
4.666666666666666741e-01 1.264018250884435588e+02 6.513489022910590620e+02
4.833333333333333370e-01 1.155460100502592411e+02 6.513489022910586073e+02
5.000000000000000000e-01 1.046901950120749376e+02 6.513489022910573567e+02
5.166666666666666075e-01 9.383437997389066254e+01 6.513489022910586073e+02
5.333333333333333259e-01 8.297856493570631642e+01 6.513489022910607673e+02
5.500000000000000444e-01 7.212274989752197030e+01 6.513489022910588346e+02
5.666666666666666519e-01 6.126693485933768812e+01 6.513489022910588346e+02
5.833333333333333703e-01 5.041111982115334200e+01 6.513489022910586073e+02
5.999999999999999778e-01 3.955530478296906693e+01 5.469993343173629228e+02
6.166666666666666963e-01 3.217780867724124505e+01 3.874141099021233003e+02
6.333333333333333037e-01 2.664150111956495692e+01 3.050345761312337913e+02
6.500000000000000222e-01 2.200998947286678487e+01 2.506275391453434054e+02
6.666666666666666297e-01 1.828724981472017674e+01 2.059326898477027896e+02
6.833333333333333481e-01 1.514556647794335831e+01 1.740443355790084183e+02
6.999999999999999556e-01 1.248577196208656304e+01 1.477864726752786453e+02
7.166666666666666741e-01 1.021935072210073692e+01 1.268829308291004736e+02
7.333333333333332815e-01 8.256340934449880820e+00 1.102977526804156270e+02
7.500000000000000000e-01 6.542758966086882566e+00 9.609630302766846910e+01
7.666666666666666075e-01 5.053130833527598398e+00 8.323226816111980497e+01
7.833333333333333259e-01 3.768350027382889156e+00 7.128020148512987930e+01
8.000000000000000444e-01 2.677124117356602273e+00 6.052916087484800300e+01
8.166666666666666519e-01 1.750711331554622552e+00 5.057668511073610063e+01
8.333333333333333703e-01 9.912346136653990003e-01 4.140449412557251918e+01
8.499999999999999778e-01 3.705615273688718236e-01 3.292589160723849062e+01
8.666666666666666963e-01 -1.062951065758840630e-01 2.491474763311002860e+01
8.833333333333333037e-01 -4.599300604014624483e-01 1.784645912303228599e+01
9.000000000000000222e-01 -7.011770773436268867e-01 1.209969103724008654e+01
9.166666666666666297e-01 -8.632530949761320072e-01 7.877861211164383981e+00
9.333333333333333481e-01 -9.637724510491063601e-01 4.303217474428494782e+00
9.499999999999999556e-01 -1.006693677457081826e+00 1.855175298499391889e+00
9.666666666666666741e-01 -1.025611627665752756e+00 7.912647372535053236e-01
9.833333333333332815e-01 -1.033069168698865337e+00 6.575006490899593103e-02
1.000000000000000000e+00 -1.027803296496052621e+00 -3.394115378195117216e-01
1.016666666666666607e+00 -1.021755450771548279e+00 -8.497444271551024553e-01
1.033333333333333215e+00 -9.994784822575492056e-01 -1.843888094267875921e+00
1.050000000000000044e+00 -9.602925142959524152e-01 -3.003677320296591624e+00
1.066666666666666652e+00 -8.993559049143294848e-01 -4.419400727746132240e+00
1.083333333333333259e+00 -8.129791567044146738e-01 -6.134404192738060146e+00
1.100000000000000089e+00 -6.948757651563941540e-01 -8.263069161943628060e+00
1.116666666666666696e+00 -5.375435179729604052e-01 -9.854111869964237158e+00
1.133333333333333304e+00 -3.664053694909195635e-01 -1.049238548039723185e+01
1.149999999999999911e+00 -1.877973352930527029e-01 -1.062274133281304778e+01
1.166666666666666741e+00 -1.231399173048463788e-02 -9.475907622285358656e+00
1.183333333333333348e+00 1.280662521164591949e-01 -7.555719910083082524e+00
1.199999999999999956e+00 2.395433386056181335e-01 -5.397489945067643013e+00
1.216666666666666563e+00 3.079825836187139454e-01 -2.671107210577273960e+00
1.233333333333333393e+00 3.285802456248606007e-01 -7.415345827292202374e-01
1.250000000000000000e+00 3.327004030430212866e-01 3.483967096858581192e-01
1.266666666666666607e+00 3.169670219686653301e-01 1.078941551467438975e+00
1.283333333333333215e+00 2.967356846607733245e-01 1.300764188523822584e+00
1.300000000000000044e+00 2.736082156845379143e-01 1.273585222784057835e+00
1.316666666666666652e+00 2.542828439013047337e-01 9.011785138107983872e-01
1.333333333333333259e+00 2.435689318908446366e-01 8.654147513227914423e-01
1.350000000000000089e+00 2.254356855238783541e-01 9.947464092619984211e-01
1.366666666666666696e+00 2.104107182487780225e-01 1.031340144037286910e+00
1.383333333333333304e+00 1.910576807226354590e-01 1.256183944503210803e+00
1.399999999999999911e+00 1.685379200986709958e-01 1.308208781481355887e+00
1.416666666666666741e+00 1.474507213399235961e-01 1.307002548835497713e+00
1.433333333333333348e+00 1.249711684708210702e-01 1.182644443630829212e+00
1.449999999999999956e+00 1.080292398855626224e-01 9.171450165036122426e-01
1.466666666666666563e+00 9.439966792070066115e-02 5.789359187634190995e-01
1.483333333333333393e+00 8.873137592678198571e-02 9.172760942112848093e-02
1.500000000000000000e+00 9.134208093999637845e-02 -1.980825643715020123e-01
1.516666666666666607e+00 9.533412807249871945e-02 -3.954698668033160280e-01
1.533333333333333215e+00 1.045244098334402461e-01 -5.776648956462649975e-01
1.550000000000000044e+00 1.145896245940408870e-01 -5.874447596207269529e-01
1.566666666666666652e+00 1.241059018207978093e-01 -5.335618678549507443e-01
1.583333333333333259e+00 1.323750201892059108e-01 -4.107490706622171639e-01
1.600000000000000089e+00 1.377975375095383814e-01 -3.128888251616743221e-01
1.616666666666666696e+00 1.428046476945950549e-01 -2.295917301875555205e-01
1.633333333333333304e+00 1.454505951824568988e-01 -1.151531027462765477e-01
1.649999999999999911e+00 1.466430844528042732e-01 -1.285936830155051669e-01
1.666666666666666741e+00 1.497370512829737377e-01 -1.266659870166025881e-01
1.683333333333333348e+00 1.508652840200243594e-01 -3.109646074687749673e-02
1.699999999999999956e+00 1.507735999745363209e-01 4.176846640715881076e-02
1.716666666666666563e+00 1.494730018064523991e-01 1.316362159731424009e-01
1.733333333333333393e+00 1.463857261087649075e-01 1.925653389052334186e-01
1.750000000000000000e+00 1.430541571762779518e-01 3.169054089425973886e-01
1.766666666666666607e+00 1.358222124773449946e-01 4.810100808289186070e-01
1.783333333333333215e+00 1.270204878153139982e-01 6.053786033023201840e-01
1.800000000000000044e+00 1.156429257006009875e-01 7.124101117915441206e-01
1.816666666666666652e+00 1.032734840889291961e-01 7.383954623481149282e-01
1.833333333333333259e+00 9.102974362233048899e-02 7.574908832103137701e-01
1.849999999999999867e+00 7.802378798191873799e-02 7.746745454317253143e-01
1.866666666666666696e+00 6.520725877460631370e-02 7.509574255461807235e-01
1.883333333333333304e+00 5.299187379704604905e-02 6.983209839188128099e-01
1.899999999999999911e+00 4.192989264397922050e-02 6.192111696537369037e-01
1.916666666666666741e+00 3.235150147525481940e-02 5.417404456408400071e-01
1.933333333333333348e+00 2.387187778928455406e-02 6.959893807020616219e-01
1.949999999999999956e+00 9.151855451852765680e-03 6.693109172562472509e-01
1.966666666666666563e+00 1.561513880742980550e-03 2.701760719772650088e-01
1.983333333333333393e+00 1.459863859439323520e-04 4.684541642228941954e-02
2.000000000000000000e+00 0.000000000000000000e+00 8.759183156635940576e-03
