0.000000000000000000e+00 3.668006183602610690e+02 6.074215859154014652e+02
1.666666666666666644e-02 3.566769252616710446e+02 6.074215859153980546e+02
3.333333333333333287e-02 3.465532321630811339e+02 6.074215859153980546e+02
5.000000000000000278e-02 3.364295390644911095e+02 6.074215859153997599e+02
6.666666666666666574e-02 3.263058459659011419e+02 6.074215859153980546e+02
8.333333333333332871e-02 3.161821528673111743e+02 6.074215859153980546e+02
1.000000000000000056e-01 3.060584597687212067e+02 6.074215859153997599e+02
1.166666666666666685e-01 2.959347666701311823e+02 6.074215859153980546e+02
1.333333333333333315e-01 2.858110735715412716e+02 6.074215859153980546e+02
1.499999999999999944e-01 2.756873804729512472e+02 6.074215859153997599e+02
1.666666666666666574e-01 2.655636873743612796e+02 6.074215859153989641e+02
1.833333333333333204e-01 2.554399942757712836e+02 6.074215859153989641e+02
2.000000000000000111e-01 2.453163011771813160e+02 6.074215859153980546e+02
2.166666666666666741e-01 2.351926080785913484e+02 6.074215859153989641e+02
2.333333333333333370e-01 2.250689149800013524e+02 6.074215859153989641e+02
2.500000000000000000e-01 2.149452218814113849e+02 6.074215859153980546e+02
2.666666666666666630e-01 2.048215287828214173e+02 6.074215859153980546e+02
2.833333333333333259e-01 1.946978356842314497e+02 6.074215859153989641e+02
2.999999999999999889e-01 1.845741425856414537e+02 6.074215859153989641e+02
3.166666666666666519e-01 1.744504494870514861e+02 6.074215859153980546e+02
3.333333333333333148e-01 1.643267563884615186e+02 6.074215859153989641e+02
3.499999999999999778e-01 1.542030632898715226e+02 6.074215859153989641e+02
3.666666666666666408e-01 1.440793701912815550e+02 6.074215859153989641e+02
3.833333333333333037e-01 1.339556770926915590e+02 6.074215859153997599e+02
4.000000000000000222e-01 1.238319839941015630e+02 6.074215859153989641e+02
4.166666666666666852e-01 1.137082908955115954e+02 6.074215859153989641e+02
4.333333333333333481e-01 1.035845977969215994e+02 6.074215859153989641e+02
4.500000000000000111e-01 9.346090469833163183e+01 6.074215859153985093e+02
4.666666666666666741e-01 8.333721159974165005e+01 6.074215859153989641e+02
4.833333333333333370e-01 7.321351850115166826e+01 6.074215859153985093e+02
5.000000000000000000e-01 6.308982540256170068e+01 6.074215859153973724e+02
5.166666666666666075e-01 5.296613230397175442e+01 6.074215859153987367e+02
5.333333333333333259e-01 4.284243920538174422e+01 6.074215859154006694e+02
5.500000000000000444e-01 3.271874610679173401e+01 6.074215859153986230e+02
5.666666666666666519e-01 2.259505300820179130e+01 4.571586809825787441e+02
5.833333333333333703e-01 1.748012340737244230e+01 2.700702130696290624e+02
5.999999999999999778e-01 1.359271257254748910e+01 2.108735678343382176e+02
6.166666666666666963e-01 1.045100447956116874e+01 1.709049298060343745e+02
6.333333333333333037e-01 7.895881579013010132e+00 1.402485289350291850e+02
6.500000000000000222e-01 5.776053515060196375e+00 1.168791742190817047e+02
6.666666666666666297e-01 3.999909105043620183e+00 9.802911862379139052e+01
6.833333333333333481e-01 2.508416227600483328e+00 8.189885749328956877e+01
6.999999999999999556e-01 1.269947188600634602e+00 6.781611690169836493e+01
7.166666666666666741e-01 2.478789975438709936e-01 5.587734787393100078e+01
7.333333333333332815e-01 -5.926310738637321496e-01 4.568627266092927641e+01
7.500000000000000000e-01 -1.274996757820438198e+00 3.673382565172676806e+01
7.666666666666666075e-01 -1.817091928921291011e+00 2.880486458849779297e+01
7.833333333333333259e-01 -2.235158910770364660e+00 2.191842881284139466e+01
8.000000000000000444e-01 -2.547706222682670774e+00 1.614053208332975231e+01
8.166666666666666519e-01 -2.773176646881356344e+00 1.167371436608872415e+01
8.333333333333333703e-01 -2.936830034885628216e+00 8.361520663774793860e+00
8.499999999999999778e-01 -3.051894002340516110e+00 5.768758005762348873e+00
8.666666666666666963e-01 -3.129121968411039845e+00 3.561027233006637260e+00
8.833333333333333037e-01 -3.170594910107404019e+00 1.517409925445947216e+00
9.000000000000000222e-01 -3.179702299259238085e+00 -5.313360376461506718e-01
9.166666666666666297e-01 -3.152883708852532330e+00 -2.535996431682665531e+00
9.333333333333333481e-01 -3.095169084869815901e+00 -4.208850526560197203e+00
9.499999999999999556e-01 -3.012588691300525756e+00 -5.345057416300464936e+00
9.666666666666666741e-01 -2.917000504326467070e+00 -6.030469298657363808e+00
9.833333333333332815e-01 -2.811573048011946963e+00 -6.488045471645520479e+00
1.000000000000000000e+00 -2.700732321938283054e+00 -6.784718691069855367e+00
1.016666666666666607e+00 -2.585415758309618450e+00 -6.957483693674113567e+00
1.033333333333333215e+00 -2.468816198815812601e+00 -7.063852191483555032e+00
1.050000000000000044e+00 -2.349954018593499949e+00 -7.130809317739612574e+00
1.066666666666666652e+00 -2.231122554891158849e+00 -7.080429914934165403e+00
1.083333333333333259e+00 -2.113939688095694436e+00 -6.911398004636413184e+00
1.100000000000000089e+00 -2.000742621403278410e+00 -6.732797629722975685e+00
1.116666666666666696e+00 -1.889513100438261928e+00 -6.660308312781570983e+00
1.133333333333333304e+00 -1.778732344310559377e+00 -6.630388521097743570e+00
1.149999999999999911e+00 -1.668500149735003824e+00 -6.477767828723668408e+00
1.166666666666666741e+00 -1.562806750019770430e+00 -6.069129282929866420e+00
1.183333333333333348e+00 -1.466195840304008291e+00 -5.464598655115784354e+00
1.199999999999999956e+00 -1.380653461515910951e+00 -4.841830168809582169e+00
1.216666666666666563e+00 -1.304801501343688885e+00 -4.320341769475071203e+00
1.233333333333333393e+00 -1.236642069200075245e+00 -3.888086787676916511e+00
1.250000000000000000e+00 -1.175198608421125002e+00 -3.544228659189225805e+00
1.266666666666666607e+00 -1.118501113893767718e+00 -3.323077821472999460e+00
1.283333333333333215e+00 -1.064429347705358353e+00 -3.166315659367622271e+00
1.300000000000000044e+00 -1.012957258581513642e+00 -2.939510449349235444e+00
1.316666666666666652e+00 -9.664456660603838456e-01 -2.646456401367764055e+00
1.333333333333333259e+00 -9.247420452025881810e-01 -2.397989983275472525e+00
1.350000000000000089e+00 -8.865126666178680948e-01 -2.229586745605812936e+00
1.366666666666666696e+00 -8.504224870157277572e-01 -2.089078051561137350e+00
1.383333333333333304e+00 -8.168767315658301831e-01 -1.989377595247899810e+00
1.399999999999999911e+00 -7.841099005074644301e-01 -1.992915672463859700e+00
1.416666666666666741e+00 -7.504462091503681931e-01 -2.051195284782851846e+00
1.433333333333333348e+00 -7.157367243480360353e-01 -2.054762235152396421e+00
1.449999999999999956e+00 -6.819541346452883124e-01 -1.985880954460688130e+00
1.466666666666666563e+00 -6.495406925326797642e-01 -1.901653138212617833e+00
1.483333333333333393e+00 -6.185656967048677179e-01 -1.865187732046339475e+00
1.500000000000000000e+00 -5.873677681311351151e-01 -1.898205399759401724e+00
1.516666666666666607e+00 -5.552921833795543272e-01 -1.970596303529060789e+00
1.533333333333333215e+00 -5.216812246801664221e-01 -2.039728400663860519e+00
1.550000000000000044e+00 -4.873012366907589765e-01 -2.076539044941712486e+00
1.566666666666666652e+00 -4.524632565154426689e-01 -2.069473480528897902e+00
1.583333333333333259e+00 -4.183187873397957168e-01 -1.997537346039643946e+00
1.600000000000000089e+00 -3.858786783141212040e-01 -1.866404578814058191e+00
1.616666666666666696e+00 -3.561053013793271105e-01 -1.707554369556142371e+00
1.633333333333333304e+00 -3.289601993289164583e-01 -1.545417732116922238e+00
1.649999999999999911e+00 -3.045913769754297062e-01 -1.396840672817820206e+00
1.666666666666666741e+00 -2.823988435683224552e-01 -1.284139167110657231e+00
1.683333333333333348e+00 -2.617867380717411319e-01 -1.220806598801627674e+00
1.699999999999999956e+00 -2.417052902749348697e-01 -1.196722585830246377e+00
1.716666666666666563e+00 -2.218959852107329211e-01 -1.186905404539059017e+00
1.733333333333333393e+00 -2.021417767902995710e-01 -1.178845193965010862e+00
1.750000000000000000e+00 -1.826011454118992294e-01 -1.159735774565200384e+00
1.766666666666666607e+00 -1.634839176381262249e-01 -1.117005598447218473e+00
1.783333333333333215e+00 -1.453676254636586118e-01 -1.052966407536327420e+00
1.800000000000000044e+00 -1.283850373869153128e-01 -9.830180382770520309e-01
1.816666666666666652e+00 -1.126003575210902108e-01 -9.174562751812269656e-01
1.833333333333333259e+00 -9.780316154754108149e-02 -8.607050312392554581e-01
1.849999999999999867e+00 -8.391018981311502978e-02 -8.079091168629219943e-01
1.866666666666666696e+00 -7.087285765211034927e-02 -7.523401064667443183e-01
1.883333333333333304e+00 -5.883218626422355435e-02 -6.895188999188033296e-01
1.899999999999999911e+00 -4.788889432148357023e-02 -6.231222551627998429e-01
1.916666666666666741e+00 -3.806144442546356005e-02 -5.628184465898782296e-01
1.933333333333333348e+00 -2.912827943515429799e-02 -8.741912756814550489e-01
1.949999999999999956e+00 -8.921735236081721962e-03 -8.449308660729173415e-01
1.966666666666666563e+00 -9.639172327237205103e-04 -2.655098193737966406e-01
1.983333333333333393e+00 -7.140792362183370778e-05 -2.891751698171161553e-02
2.000000000000000000e+00 0.000000000000000000e+00 -4.284475417310022738e-03
