0.000000000000000000e+00 7.715033320385323350e+02 1.139508717179476207e+03
1.666666666666666644e-02 7.525115200855410649e+02 1.139474532601650481e+03
3.333333333333333287e-02 7.335208476184773190e+02 1.139474532601653891e+03
5.000000000000000278e-02 7.145290356654859352e+02 1.139508717179476207e+03
6.666666666666666574e-02 6.955372237124947787e+02 1.139474532601650481e+03
8.333333333333332871e-02 6.765465512454309192e+02 1.139474532601650481e+03
1.000000000000000056e-01 6.575547392924397627e+02 1.139508717179472796e+03
1.166666666666666685e-01 6.385629273394484926e+02 1.139474532601650481e+03
1.333333333333333315e-01 6.195722548723847467e+02 1.139474532601650481e+03
1.499999999999999944e-01 6.005804429193934766e+02 1.139508717179472796e+03
1.666666666666666574e-01 5.815886309664023202e+02 1.139474532601647070e+03
1.833333333333333204e-01 5.625979584993385743e+02 1.139474532601650481e+03
2.000000000000000111e-01 5.436061465463473041e+02 1.139508717179476207e+03
2.166666666666666741e-01 5.246143345933560340e+02 1.139474532601650481e+03
2.333333333333333370e-01 5.056236621262922881e+02 1.139474532601648889e+03
2.500000000000000000e-01 4.866318501733010748e+02 1.139508717179472796e+03
2.666666666666666630e-01 4.676400382203098616e+02 1.139474532601650481e+03
2.833333333333333259e-01 4.486493657532460588e+02 1.139474532601650481e+03
2.999999999999999889e-01 4.296575538002548456e+02 1.139508717179472796e+03
3.166666666666666519e-01 4.106657418472636323e+02 1.139474532601650481e+03
3.333333333333333148e-01 3.916750693801998295e+02 1.139474532601650481e+03
3.499999999999999778e-01 3.726832574272086163e+02 1.139508717179478026e+03
3.666666666666666408e-01 3.536914454742172325e+02 1.139474532601650481e+03
3.833333333333333037e-01 3.347007730071536002e+02 1.139474532601648889e+03
4.000000000000000222e-01 3.157089610541622733e+02 1.139508717179476207e+03
4.166666666666666852e-01 2.967171491011710600e+02 1.139474532601650481e+03
4.333333333333333481e-01 2.777264766341072573e+02 1.139474532601650481e+03
4.500000000000000111e-01 2.587346646811160440e+02 1.139508717179472796e+03
4.666666666666666741e-01 2.397428527281248307e+02 1.139474532601650481e+03
4.833333333333333370e-01 2.207521802610610280e+02 1.139474532601650481e+03
5.000000000000000000e-01 2.017603683080698147e+02 1.139508717179473706e+03
5.166666666666666075e-01 1.827685563550785730e+02 1.139474532601649571e+03
5.333333333333333259e-01 1.637778838880148271e+02 1.139474532601652299e+03
5.500000000000000444e-01 1.447860719350235001e+02 1.139508717179476207e+03
5.666666666666666519e-01 1.257942599820322869e+02 1.139474532601648434e+03
5.833333333333333703e-01 1.068035875149685552e+02 1.139474532601648889e+03
5.999999999999999778e-01 8.781177556197732770e+01 1.139508717179473251e+03
6.166666666666666963e-01 6.881996360898611442e+01 1.327649533315268627e+03
6.333333333333333037e-01 4.355679111813503823e+01 1.297944323721580531e+03
6.500000000000000222e-01 2.555515281826676599e+01 6.634972827680528553e+02
6.666666666666666297e-01 2.144021502586661043e+01 2.494782448125570227e+02
6.833333333333333481e-01 1.723921132451486571e+01 2.470269883097075478e+02
6.999999999999999556e-01 1.320598208220969205e+01 2.247155695327734577e+02
7.166666666666666741e-01 9.748692340089084141e+00 1.916177382013193267e+02
7.333333333333332815e-01 6.818724142165714319e+00 1.605366354686353816e+02
7.500000000000000000e-01 4.397471157801238206e+00 1.388178096737828753e+02
7.666666666666666075e-01 2.191463819706284344e+00 1.209690489884417701e+02
7.833333333333333259e-01 3.651695248531791060e-01 1.005232190821075307e+02
8.000000000000000444e-01 -1.159310149697299730e+00 8.574768406379554619e+01
8.166666666666666519e-01 -2.493086610606672693e+00 7.306172602877127531e+01
8.333333333333333703e-01 -3.594701017323008951e+00 5.820437497230484780e+01
8.499999999999999778e-01 -4.433232443016834168e+00 4.604404728078358744e+01
8.666666666666666963e-01 -5.129502593349128503e+00 3.513425164069698070e+01
8.833333333333333037e-01 -5.604374164373400191e+00 2.426742366859629740e+01
9.000000000000000222e-01 -5.938416715635671750e+00 1.470480321419342928e+01
9.166666666666666297e-01 -6.094534271513181167e+00 6.086776213807638669e+00
9.333333333333333481e-01 -6.141309256095926372e+00 -2.126313821089027556e+00
9.499999999999999556e-01 -6.023657144143546915e+00 -9.703887073475838676e+00
9.666666666666666741e-01 -5.817846353646731750e+00 -1.437402357844591805e+01
9.833333333333332815e-01 -5.544523024862016314e+00 -1.990219885473207384e+01
1.000000000000000000e+00 -5.154439725155662622e+00 -2.463934049092880940e+01
1.016666666666666607e+00 -4.723211675164389334e+00 -2.627163003989556600e+01
1.033333333333333215e+00 -4.278718723825810422e+00 -2.885957280744901965e+01
1.050000000000000044e+00 -3.761225914916088708e+00 -2.908442351886190735e+01
1.066666666666666652e+00 -3.309237939863746814e+00 -2.719770101408580132e+01
1.083333333333333259e+00 -2.854635881113228635e+00 -2.691863150895933288e+01
1.100000000000000089e+00 -2.411950222898435747e+00 -2.569644086061385480e+01
1.116666666666666696e+00 -1.998087852426100097e+00 -2.408368154662608163e+01
1.133333333333333304e+00 -1.609160838010899708e+00 -2.248819650645927837e+01
1.149999999999999911e+00 -1.248481302210790789e+00 -2.240327298963526559e+01
1.166666666666666741e+00 -8.623850716897242252e-01 -2.030409491610990713e+01
1.183333333333333348e+00 -5.716781383404605510e-01 -1.771923042081033728e+01
1.199999999999999956e+00 -2.717440576627130344e-01 -1.795186307864957698e+01
1.216666666666666563e+00 2.671729761452538640e-02 -1.643418699379313352e+01
1.233333333333333393e+00 2.760621754637247460e-01 -1.254861707958196781e+01
1.250000000000000000e+00 4.450045336005910013e-01 -9.982091436868804735e+00
1.266666666666666607e+00 6.087985566926849001e-01 -8.483030212941356396e+00
1.283333333333333215e+00 7.277722073653029033e-01 -5.909494404657216649e+00
1.300000000000000044e+00 8.057817035145921070e-01 -3.598156194442839961e+00
1.316666666666666652e+00 8.477107471800642280e-01 -2.311459885963033312e+00
1.333333333333333259e+00 8.828303663800265433e-01 -1.727736815630105394e+00
1.350000000000000089e+00 9.053019743677344078e-01 -1.370239071248473550e+00
1.366666666666666696e+00 9.285050020883089950e-01 -1.164461742394384824e-01
1.383333333333333304e+00 9.091835135090490239e-01 2.699704108191660623e+00
1.399999999999999911e+00 8.385148651485869742e-01 6.880904226242793520e+00
1.416666666666666741e+00 6.798200393009559139e-01 7.766219425404620402e+00
1.433333333333333348e+00 5.796408843017663015e-01 7.132907161306146548e+00
1.449999999999999956e+00 4.420564672574177068e-01 8.338990701846062947e+00
1.466666666666666563e+00 3.016745275735642218e-01 9.740101807560467506e+00
1.483333333333333393e+00 1.173864070054021630e-01 1.017111249428919351e+01
1.500000000000000000e+00 -3.736255556940886596e-02 8.835375176082909121e+00
1.516666666666666607e+00 -1.771260988640281364e-01 8.130977449451124883e+00
1.533333333333333215e+00 -3.083951372177796690e-01 8.765571063190074952e+00
1.550000000000000044e+00 -4.693118009703639570e-01 9.925752339321098461e+00
1.566666666666666652e+00 -6.392535485284829289e-01 1.002281953092535360e+01
1.583333333333333259e+00 -8.034057853345424327e-01 7.702333054713536242e+00
1.600000000000000089e+00 -8.959979836856007962e-01 6.162739544145490633e+00
1.616666666666666696e+00 -1.008830436806058772e+00 6.287722277692232353e+00
1.633333333333333304e+00 -1.105588726275341882e+00 5.601429525842402946e+00
1.649999999999999911e+00 -1.195544754334138871e+00 3.354750803688464345e+00
1.666666666666666741e+00 -1.217413753064957360e+00 1.143030636964033064e+00
1.683333333333333348e+00 -1.233645775566273306e+00 3.792610551445196876e-03
1.699999999999999956e+00 -1.217540173416672200e+00 -1.119799185742154091e+00
1.716666666666666563e+00 -1.196319136041534836e+00 -9.686889173844526191e-01
1.733333333333333393e+00 -1.185250542837190446e+00 -1.460334106487322092e+00
1.750000000000000000e+00 -1.147641332491957433e+00 -2.803385987974040816e+00
1.766666666666666607e+00 -1.091804343238055752e+00 -2.731111936139303253e+00
1.783333333333333215e+00 -1.056604267953980658e+00 -2.224714595792613991e+00
1.800000000000000044e+00 -1.017647190044968619e+00 -3.209708164258353591e+00
1.816666666666666652e+00 -9.496139958120355384e-01 -6.016471417057970505e+00
1.833333333333333259e+00 -8.170981428097029431e-01 -7.364186795855478529e+00
1.849999999999999867e+00 -7.041411026168529208e-01 -7.408610321914038011e+00
1.866666666666666696e+00 -5.701444654125683575e-01 -8.016194067183928240e+00
1.883333333333333304e+00 -4.369346337107219980e-01 -7.430967958935562834e+00
1.899999999999999911e+00 -3.224455334480496038e-01 -6.932005007383346573e+00
1.916666666666666741e+00 -2.058678001312771177e-01 -6.377138778022154675e+00
1.933333333333333348e+00 -1.098742408473111082e-01 -6.054178413841802886e+00
1.949999999999999956e+00 -4.061853003217005473e-03 -3.330580620522721969e+00
1.966666666666666563e+00 1.145113170112954442e-03 -1.251353607348445474e-01
1.983333333333333393e+00 1.093256879444793109e-04 3.435339510338863284e-02
2.000000000000000000e+00 0.000000000000000000e+00 6.559541276668758546e-03
