0.000000000000000000e+00 3.498895330646935236e+02 4.895788220174858907e+02
1.666666666666666644e-02 3.417298860310687587e+02 4.895788220174824801e+02
3.333333333333333287e-02 3.335702389974441076e+02 4.895788220174824801e+02
5.000000000000000278e-02 3.254105919638193427e+02 4.895788220174824801e+02
6.666666666666666574e-02 3.172509449301946916e+02 4.895788220174824801e+02
8.333333333333332871e-02 3.090912978965699267e+02 4.895788220174824801e+02
1.000000000000000056e-01 3.009316508629452755e+02 4.895788220174824801e+02
1.166666666666666685e-01 2.927720038293205107e+02 4.895788220174824801e+02
1.333333333333333315e-01 2.846123567956958595e+02 4.895788220174807748e+02
1.499999999999999944e-01 2.764527097620711515e+02 4.895788220174824801e+02
1.666666666666666574e-01 2.682930627284464435e+02 4.895788220174824801e+02
1.833333333333333204e-01 2.601334156948217355e+02 4.895788220174824801e+02
2.000000000000000111e-01 2.519737686611970275e+02 4.895788220174816274e+02
2.166666666666666741e-01 2.438141216275723480e+02 4.895788220174816274e+02
2.333333333333333370e-01 2.356544745939476400e+02 4.895788220174824801e+02
2.500000000000000000e-01 2.274948275603229320e+02 4.895788220174824801e+02
2.666666666666666630e-01 2.193351805266982240e+02 4.895788220174824801e+02
2.833333333333333259e-01 2.111755334930735160e+02 4.895788220174824801e+02
2.999999999999999889e-01 2.030158864594488080e+02 4.895788220174816274e+02
3.166666666666666519e-01 1.948562394258241284e+02 4.895788220174816274e+02
3.333333333333333148e-01 1.866965923921994204e+02 4.895788220174824801e+02
3.499999999999999778e-01 1.785369453585747124e+02 4.895788220174824801e+02
3.666666666666666408e-01 1.703772983249500044e+02 4.895788220174824801e+02
3.833333333333333037e-01 1.622176512913252964e+02 4.895788220174824801e+02
4.000000000000000222e-01 1.540580042577005884e+02 4.895788220174824801e+02
4.166666666666666852e-01 1.458983572240758804e+02 4.895788220174824801e+02
4.333333333333333481e-01 1.377387101904511724e+02 4.895788220174824801e+02
4.500000000000000111e-01 1.295790631568264644e+02 4.895788220174824801e+02
4.666666666666666741e-01 1.214194161232017564e+02 4.895788220174820822e+02
4.833333333333333370e-01 1.132597690895770626e+02 4.895788220174820822e+02
5.000000000000000000e-01 1.051001220559523546e+02 4.895788220174816274e+02
5.166666666666666075e-01 9.694047502232767499e+01 4.895788220174820822e+02
5.333333333333333259e-01 8.878082798870295278e+01 4.895788220174837875e+02
5.500000000000000444e-01 8.062118095507821636e+01 4.895788220174824801e+02
5.666666666666666519e-01 7.246153392145353678e+01 4.895788220174824801e+02
5.833333333333333703e-01 6.430188688782880035e+01 4.895788220174820822e+02
5.999999999999999778e-01 5.614223985420413499e+01 4.895788220174820822e+02
6.166666666666666963e-01 4.798259282057939856e+01 4.895788220174822527e+02
6.333333333333333037e-01 3.982294578695472609e+01 4.895788220174820822e+02
6.500000000000000222e-01 3.166329875332999677e+01 4.895788220174821390e+02
6.666666666666666297e-01 2.350365171970532074e+01 4.078394147786784174e+02
6.833333333333333481e-01 1.806865159404071619e+01 2.906569792748798591e+02
6.999999999999999556e-01 1.381508574387599175e+01 2.309111374076844925e+02
7.166666666666666741e-01 1.037161368045123311e+01 1.883254743212777669e+02
7.333333333333332815e-01 7.537569933166732739e+00 1.546569422091873776e+02
7.500000000000000000e-01 5.216382273478320286e+00 1.271089365853951989e+02
7.666666666666666075e-01 3.300605380320226434e+00 1.048056120635425117e+02
7.833333333333333259e-01 1.722861871360236385e+00 8.634603550973238839e+01
8.000000000000000444e-01 4.224041966624803024e-01 7.073291016907694484e+01
8.166666666666666519e-01 -6.349018009423280651e-01 5.741003471637706213e+01
8.333333333333333703e-01 -1.491263627216754983e+00 4.634939040210881700e+01
8.499999999999999778e-01 -2.179881481012622135e+00 3.683468179101539874e+01
8.666666666666666963e-01 -2.719086353583934912e+00 2.832720653578238768e+01
8.833333333333333037e-01 -3.124121698872035058e+00 2.092631456296441073e+01
9.000000000000000222e-01 -3.416630172349415240e+00 1.504048718449715416e+01
9.166666666666666297e-01 -3.625471271688606834e+00 1.069187391470024728e+01
9.333333333333333481e-01 -3.773025969506090149e+00 7.452028545069806498e+00
9.499999999999999556e-01 -3.873872223190933717e+00 4.809888441865113329e+00
9.666666666666666741e-01 -3.933355584234927260e+00 2.418726139043467782e+00
9.833333333333332815e-01 -3.954496427825715976e+00 1.084987535455050889e-01
1.000000000000000000e+00 -3.936972209353110763e+00 -2.037508195258896926e+00
1.016666666666666607e+00 -3.886579487983752745e+00 -3.941541676440061259e+00
1.033333333333333215e+00 -3.805587486805108721e+00 -5.629486295547896368e+00
1.050000000000000044e+00 -3.698929944798822866e+00 -7.023041836294328100e+00
1.066666666666666652e+00 -3.571486092261964451e+00 -8.052982087871525252e+00
1.083333333333333259e+00 -3.430497208536438691e+00 -8.740352333533932594e+00
1.100000000000000089e+00 -3.280141014477500061e+00 -9.102578734218745637e+00
1.116666666666666696e+00 -3.127077917395813866e+00 -9.091162762634882100e+00
1.133333333333333304e+00 -2.977102255723004021e+00 -8.799812045132666682e+00
1.149999999999999911e+00 -2.833750849224724977e+00 -8.416325356981429806e+00
1.166666666666666741e+00 -2.696558077156956390e+00 -8.113999637490843853e+00
1.183333333333333348e+00 -2.563284194641696878e+00 -7.995757277362143256e+00
1.199999999999999956e+00 -2.430032834578218282e+00 -8.090078977852073194e+00
1.216666666666666563e+00 -2.293614895379961105e+00 -8.237429934297169964e+00
1.233333333333333393e+00 -2.155451836768312646e+00 -8.204713204981741725e+00
1.250000000000000000e+00 -2.020124455213903047e+00 -7.967199128991477863e+00
1.266666666666666607e+00 -1.889878532468596717e+00 -7.620584232843683914e+00
1.283333333333333215e+00 -1.766104980785780265e+00 -7.170072769863152118e+00
1.300000000000000044e+00 -1.650876106806491661e+00 -6.607067993246345416e+00
1.316666666666666652e+00 -1.545869381010902099e+00 -6.005811625375126361e+00
1.333333333333333259e+00 -1.450682385960654130e+00 -5.457702843230967105e+00
1.350000000000000089e+00 -1.363945952903203196e+00 -4.991195368098781948e+00
1.366666666666666696e+00 -1.284309207024028066e+00 -4.619072356851328109e+00
1.383333333333333304e+00 -1.209976874341492259e+00 -4.317934373985268692e+00
1.399999999999999911e+00 -1.140378061224519124e+00 -4.061047923008434424e+00
1.416666666666666741e+00 -1.074608610241211126e+00 -3.856479583909313558e+00
1.433333333333333348e+00 -1.011828741760875339e+00 -3.663132239614831587e+00
1.449999999999999956e+00 -9.525042022540500808e-01 -3.424898127957953786e+00
1.466666666666666563e+00 -8.976654708289435458e-01 -3.147527963679531915e+00
1.483333333333333393e+00 -8.475866034647323577e-01 -2.914610432012933128e+00
1.500000000000000000e+00 -8.005117897618457823e-01 -2.787182130313254014e+00
1.516666666666666607e+00 -7.546805324542905646e-01 -2.708175325769177633e+00
1.533333333333333215e+00 -7.102392789028731945e-01 -2.607938071584280593e+00
1.550000000000000044e+00 -6.677492634014812189e-01 -2.478430824421448353e+00
1.566666666666666652e+00 -6.276249180888249235e-01 -2.333274247930191780e+00
1.583333333333333259e+00 -5.899734551371415003e-01 -2.188799856615206707e+00
1.600000000000000089e+00 -5.546649228683180333e-01 -2.053341190215251189e+00
1.616666666666666696e+00 -5.215287487966331348e-01 -1.953693521652527521e+00
1.633333333333333304e+00 -4.895418054799004492e-01 -1.909203906619367341e+00
1.649999999999999911e+00 -4.578886185759875604e-01 -1.910024337344675693e+00
1.666666666666666741e+00 -4.258743275684112595e-01 -1.922692085482351487e+00
1.683333333333333348e+00 -3.937988823932425109e-01 -1.917323174438147593e+00
1.699999999999999956e+00 -3.619635550871396767e-01 -1.892520739394934592e+00
1.716666666666666563e+00 -3.307148577467446948e-01 -1.847272534064768879e+00
1.733333333333333393e+00 -3.003878039516473808e-01 -1.779120913468867915e+00
1.750000000000000000e+00 -2.714108272977824310e-01 -1.698162975732058433e+00
1.766666666666666607e+00 -2.437823714272454312e-01 -1.608807477623743321e+00
1.783333333333333215e+00 -2.177839113769909907e-01 -1.512337761665550673e+00
1.800000000000000044e+00 -1.933711127050604106e-01 -1.415914700513374980e+00
1.816666666666666652e+00 -1.705867546932118284e-01 -1.325729451253331304e+00
1.833333333333333259e+00 -1.491801309966160338e-01 -1.247619047172978668e+00
1.849999999999999867e+00 -1.289994531207792061e-01 -1.180332983495549160e+00
1.866666666666666696e+00 -1.098356982134310600e-01 -1.119412501055447207e+00
1.883333333333333304e+00 -9.168570308559763349e-02 -1.054762490969520794e+00
1.899999999999999911e+00 -7.467694851444703352e-02 -9.811008423111964305e-01
1.916666666666666741e+00 -5.898234167522441868e-02 -9.037677916830640923e-01
1.933333333333333348e+00 -4.455135545834489758e-02 -1.366332166787297409e+00
1.949999999999999956e+00 -1.343793611564783434e-02 -1.290873267740998642e+00
1.966666666666666563e+00 -1.522246533644944959e-03 -3.996616268846250319e-01
1.983333333333333393e+00 -1.158818861603327195e-04 -4.566739600934834747e-02
2.000000000000000000e+00 0.000000000000000000e+00 -6.952913169619962842e-03
