0.000000000000000000e+00 1.462705802733661073e+02 3.019643555033621851e+02
1.666666666666666644e-02 1.412378410149767376e+02 3.019643555033621851e+02
3.333333333333333287e-02 1.362051017565873678e+02 3.019643555033621851e+02
5.000000000000000278e-02 1.311723624981979981e+02 3.019643555033613325e+02
6.666666666666666574e-02 1.261396232398086568e+02 3.019643555033613325e+02
8.333333333333332871e-02 1.211068839814192870e+02 3.019643555033621851e+02
1.000000000000000056e-01 1.160741447230299173e+02 3.019643555033617872e+02
1.166666666666666685e-01 1.110414054646405617e+02 3.019643555033621851e+02
1.333333333333333315e-01 1.060086662062511778e+02 3.019643555033617872e+02
1.499999999999999944e-01 1.009759269478618364e+02 3.019643555033617872e+02
1.666666666666666574e-01 9.594318768947245246e+01 3.019643555033617872e+02
1.833333333333333204e-01 9.091044843108311113e+01 3.019643555033617872e+02
2.000000000000000111e-01 8.587770917269372717e+01 3.019643555033626399e+02
2.166666666666666741e-01 8.084496991430435742e+01 3.019643555033617872e+02
2.333333333333333370e-01 7.581223065591500188e+01 3.019643555033617872e+02
2.500000000000000000e-01 7.077949139752563212e+01 3.019643555033621851e+02
2.666666666666666630e-01 6.574675213913626237e+01 3.019643555033617872e+02
2.833333333333333259e-01 6.071401288074690683e+01 3.019643555033617872e+02
2.999999999999999889e-01 5.568127362235753708e+01 3.019643555033617872e+02
3.166666666666666519e-01 5.064853436396818154e+01 3.019643555033617872e+02
3.333333333333333148e-01 4.561579510557881179e+01 3.019643555033619577e+02
3.499999999999999778e-01 4.058305584718944914e+01 3.019643555033617872e+02
3.666666666666666408e-01 3.555031658880008649e+01 3.019643555033618441e+02
3.833333333333333037e-01 3.051757733041072029e+01 3.019643555033624125e+02
4.000000000000000222e-01 2.548483807202133988e+01 3.019643555033622988e+02
4.166666666666666852e-01 2.045209881363197724e+01 3.019643555033618441e+02
4.333333333333333481e-01 1.541935955524261104e+01 3.019643555033618441e+02
4.500000000000000111e-01 1.038662029685324839e+01 3.019643555033617872e+02
4.666666666666666741e-01 5.353881038463884856e+00 2.260073851739991255e+02
4.833333333333333370e-01 2.853040791053278458e+00 1.248097757845887088e+02
5.000000000000000000e-01 1.193555178977594000e+00 8.508992873180324068e+01
5.166666666666666075e-01 1.670983332650386247e-02 6.034444342155642005e+01
5.333333333333333259e-01 -8.179262684076199497e-01 4.218105297672057219e+01
5.500000000000000444e-01 -1.389325265897515260e+00 2.807162153760397416e+01
5.666666666666666519e-01 -1.753646986327752400e+00 1.695004788859823108e+01
5.833333333333333703e-01 -1.954326862184122993e+00 8.211448323302617425e+00
5.999999999999999778e-01 -2.027361930437839632e+00 1.377655752648190290e+00
6.166666666666666963e-01 -2.000248720605729336e+00 -3.907567464991779094e+00
6.333333333333333037e-01 -1.897109681604780329e+00 -7.746881333066919950e+00
6.500000000000000222e-01 -1.742019342836832019e+00 -9.964204404799549053e+00
6.666666666666666297e-01 -1.564969534778128724e+00 -1.069174109408791296e+01
6.833333333333333481e-01 -1.385627973033901617e+00 -1.054572336999293647e+01
6.999999999999999556e-01 -1.213445422445030841e+00 -1.009882015338657801e+01
7.166666666666666741e-01 -1.049000634587682335e+00 -9.548076706754732967e+00
7.333333333333332815e-01 -8.951761988865397646e-01 -8.951550035532081395e+00
7.500000000000000000e-01 -7.506156334032796362e-01 -8.559908248204608938e+00
7.666666666666666075e-01 -6.098459239463861481e-01 -8.409531505529312057e+00
7.833333333333333259e-01 -4.702979165523025751e-01 -8.183117547466030928e+00
8.000000000000000444e-01 -3.370753390308517949e-01 -7.659267694626924694e+00
8.166666666666666519e-01 -2.149889933980717871e-01 -6.987704522127511808e+00
8.333333333333333703e-01 -1.041518549599347448e-01 -6.377790616867946127e+00
8.499999999999999778e-01 -2.395972835806912948e-03 -5.755374411617733443e+00
8.666666666666666963e-01 8.769395876065635975e-02 -4.959743500849270070e+00
8.833333333333333037e-01 1.629288105258354102e-01 -4.022239622905832590e+00
9.000000000000000222e-01 2.217686128575174498e-01 -3.102895739232098826e+00
9.166666666666666297e-01 2.663586685002387044e-01 -2.316867787847765925e+00
9.333333333333333481e-01 2.989975391191096454e-01 -1.601023049008948318e+00
9.499999999999999556e-01 3.197261034672036484e-01 -9.619511785852397079e-01
9.666666666666666741e-01 3.310625784052843024e-01 -4.632816689402274868e-01
9.833333333333332815e-01 3.351688257652112313e-01 -1.145783552073298406e-01
1.000000000000000000e+00 3.348818569121952970e-01 8.636220649319570342e-02
1.016666666666666607e+00 3.322900855487713745e-01 1.511275979440757089e-01
1.033333333333333215e+00 3.298442703140594401e-01 8.684949935900243556e-02
1.050000000000000044e+00 3.293951022368046266e-01 -4.981535721494123603e-02
1.066666666666666652e+00 3.315047822212241480e-01 -2.051528586290235490e-01
1.083333333333333259e+00 3.362335308577720783e-01 -3.198057895712042020e-01
1.100000000000000089e+00 3.421649752069309547e-01 -3.552570915974667676e-01
1.116666666666666696e+00 3.480754339110209705e-01 -3.342169006560391509e-01
1.133333333333333304e+00 3.533055385621322597e-01 -2.768958188315756574e-01
1.149999999999999911e+00 3.573052945387401591e-01 -1.522908897820168805e-01
1.166666666666666741e+00 3.583819015548661557e-01 1.051719983105692258e-01
1.183333333333333348e+00 3.537995612617211849e-01 4.950287003171482958e-01
1.199999999999999956e+00 3.418809448776278792e-01 9.131097235739710216e-01
1.216666666666666563e+00 3.233625704759221509e-01 1.234630028489775988e+00
1.233333333333333393e+00 3.007266105946353463e-01 1.348696769040900856e+00
1.250000000000000000e+00 2.784060115078921260e-01 1.265046977152706864e+00
1.266666666666666607e+00 2.585583780228784545e-01 1.077078230325881902e+00
1.283333333333333215e+00 2.425034038303627293e-01 8.531980713983714493e-01
1.300000000000000044e+00 2.301184423095994080e-01 6.091708139462412852e-01
1.316666666666666652e+00 2.221977100321546883e-01 3.872765797138247312e-01
1.333333333333333259e+00 2.172092229858052503e-01 2.239321052560225289e-01
1.350000000000000089e+00 2.147333065236206040e-01 7.497321675578927369e-02
1.366666666666666696e+00 2.147101157606122745e-01 -9.441913657060291287e-02
1.383333333333333304e+00 2.178806110759740344e-01 -2.337893167515778248e-01
1.399999999999999911e+00 2.225030929856648687e-01 -2.949447267114863047e-01
1.416666666666666741e+00 2.277121019663569113e-01 -2.932519488483145698e-01
1.433333333333333348e+00 2.322781579472753544e-01 -2.589290491317508547e-01
1.449999999999999956e+00 2.363430702707486064e-01 -1.802523256528754114e-01
1.466666666666666563e+00 2.382865688023712014e-01 -6.350782862933362916e-02
1.483333333333333393e+00 2.384599978917263940e-01 4.220823702235587671e-02
1.500000000000000000e+00 2.368796275682926722e-01 9.920566294654958872e-02
1.516666666666666607e+00 2.351531424601747411e-01 8.802239150433099901e-02
1.533333333333333215e+00 2.339455478514816389e-01 3.946683801249212253e-02
1.550000000000000044e+00 2.338375811930916703e-01 -4.245509977773842536e-03
1.566666666666666652e+00 2.340870648507407670e-01 -2.020360396423864779e-02
1.583333333333333259e+00 2.345110346585662919e-01 -1.140016309018859753e-02
1.600000000000000089e+00 2.344670702870803869e-01 2.647383179846057866e-02
1.616666666666666696e+00 2.336285735986176060e-01 8.301691538335237430e-02
1.633333333333333304e+00 2.316998397743019744e-01 1.349372801864565097e-01
1.649999999999999911e+00 2.291306642590690557e-01 1.787629355492170724e-01
1.666666666666666741e+00 2.257410752559947387e-01 2.366777057660771066e-01
1.683333333333333348e+00 2.212414074001998188e-01 3.075099055147087479e-01
1.699999999999999956e+00 2.154907450721711137e-01 3.715134137632974953e-01
1.716666666666666563e+00 2.088576269414232356e-01 4.163887854877021399e-01
1.733333333333333393e+00 2.016111188892477091e-01 4.530574245656585064e-01
1.750000000000000000e+00 1.937557127892346187e-01 4.888372646168095970e-01
1.766666666666666607e+00 1.853165434020207225e-01 5.265908204354974309e-01
1.783333333333333215e+00 1.762026854413847043e-01 5.711897575715280118e-01
1.800000000000000044e+00 1.662768848163031221e-01 6.278936267247334779e-01
1.816666666666666652e+00 1.552728978838935903e-01 6.959746022830820555e-01
1.833333333333333259e+00 1.430777314068670536e-01 7.643522194239343870e-01
1.849999999999999867e+00 1.297944905697624440e-01 8.201523374235412112e-01
1.866666666666666696e+00 1.157393201594156817e-01 8.579922288953698573e-01
1.883333333333333304e+00 1.011947496065834506e-01 8.818896424998138306e-01
1.899999999999999911e+00 8.634299874275522257e-02 8.953700161969860849e-01
1.916666666666666741e+00 7.134908240001724966e-02 8.991656524488220725e-01
1.933333333333333348e+00 5.637081032779448636e-02 1.642086292965095451e+00
1.949999999999999956e+00 1.661287263451406357e-02 1.635812623751671691e+00
1.966666666666666563e+00 1.843722869405431657e-03 4.938260165811620972e-01
1.983333333333333393e+00 1.520054151419927824e-04 5.531168608216294885e-02
2.000000000000000000e+00 0.000000000000000000e+00 9.120324908519567703e-03
