0.000000000000000000e+00 5.451153737503390175e+02 1.068810919319928416e+03
1.666666666666666644e-02 5.273018584283402106e+02 1.068810919319930235e+03
3.333333333333333287e-02 5.094883431063413468e+02 1.068810919319931827e+03
5.000000000000000278e-02 4.916748277843424830e+02 1.068810919319930235e+03
6.666666666666666574e-02 4.738613124623436761e+02 1.068810919319930235e+03
8.333333333333332871e-02 4.560477971403448123e+02 1.068810919319933646e+03
1.000000000000000056e-01 4.382342818183458917e+02 1.068810919319930235e+03
1.166666666666666685e-01 4.204207664963471416e+02 1.068810919319930235e+03
1.333333333333333315e-01 4.026072511743482210e+02 1.068810919319931827e+03
1.499999999999999944e-01 3.847937358523494140e+02 1.068810919319930235e+03
1.666666666666666574e-01 3.669802205303505502e+02 1.068810919319930235e+03
1.833333333333333204e-01 3.491667052083517433e+02 1.068810919319931827e+03
2.000000000000000111e-01 3.313531898863528227e+02 1.068810919319931827e+03
2.166666666666666741e-01 3.135396745643540157e+02 1.068810919319930235e+03
2.333333333333333370e-01 2.957261592423551519e+02 1.068810919319931827e+03
2.500000000000000000e-01 2.779126439203562882e+02 1.068810919319931827e+03
2.666666666666666630e-01 2.600991285983574244e+02 1.068810919319930917e+03
2.833333333333333259e-01 2.422856132763585890e+02 1.068810919319930235e+03
2.999999999999999889e-01 2.244720979543597537e+02 1.068810919319930917e+03
3.166666666666666519e-01 2.066585826323608899e+02 1.068810919319930917e+03
3.333333333333333148e-01 1.888450673103620545e+02 1.068810919319930235e+03
3.499999999999999778e-01 1.710315519883632192e+02 1.068810919319930235e+03
3.666666666666666408e-01 1.532180366663643838e+02 1.068810919319930917e+03
3.833333333333333037e-01 1.354045213443655200e+02 1.068810919319932736e+03
4.000000000000000222e-01 1.175910060223666278e+02 1.068810919319931827e+03
4.166666666666666852e-01 9.977749070036779244e+01 1.068810919319930917e+03
4.333333333333333481e-01 8.196397537836892866e+01 1.068810919319930917e+03
4.500000000000000111e-01 6.415046005637009330e+01 1.068810919319930463e+03
4.666666666666666741e-01 4.633694473437124373e+01 1.068810919319930690e+03
4.833333333333333370e-01 2.852342941237240126e+01 1.068810919319930463e+03
5.000000000000000000e-01 1.070991409037355524e+01 6.456304603025853339e+02
5.166666666666666075e-01 7.002414068952890425e+00 1.870670112929416575e+02
5.333333333333333259e-01 4.474347047275499811e+00 1.357147059744287674e+02
5.500000000000000444e-01 2.478590536471931394e+00 1.089794931280653572e+02
5.666666666666666519e-01 8.416972763399880320e-01 8.835068965611168323e+01
5.833333333333333703e-01 -4.664324520651247918e-01 7.029195115028575458e+01
5.999999999999999778e-01 -1.501367762002870476e+00 5.542549834878845871e+01
6.166666666666666963e-01 -2.313949063691406849e+00 4.331841716740733261e+01
6.333333333333333037e-01 -2.945315000916448156e+00 3.299475910673699275e+01
6.500000000000000222e-01 -3.413774367249306607e+00 2.422911840847268294e+01
6.666666666666666297e-01 -3.752952281198870921e+00 1.739630428541875773e+01
6.833333333333333481e-01 -3.993651176763265198e+00 1.251431087143392240e+01
6.999999999999999556e-01 -4.170095976913335001e+00 9.180313153325085906e+00
7.166666666666666741e-01 -4.299661615207434728e+00 6.629615436990965449e+00
7.333333333333332815e-01 -4.391083158146367182e+00 4.148542487999424822e+00
7.500000000000000000e-01 -4.437946364807415556e+00 1.654289165437718978e+00
7.666666666666666075e-01 -4.446226130327624482e+00 -4.654259436617902423e-01
7.833333333333333259e-01 -4.422432166685355881e+00 -2.107347236537790991e+00
8.000000000000000444e-01 -4.375981222443031449e+00 -3.386742713755550582e+00
8.166666666666666519e-01 -4.309540742893504195e+00 -4.409642769749719804e+00
8.333333333333333703e-01 -4.228993130118040789e+00 -5.271698788519021406e+00
8.499999999999999778e-01 -4.133817449942870148e+00 -6.209750240468165927e+00
8.666666666666666963e-01 -4.022001455435768591e+00 -7.185417193806182823e+00
8.833333333333333037e-01 -3.894303543482664054e+00 -8.092581019374920359e+00
9.000000000000000222e-01 -3.752248754789937912e+00 -8.808997528114993258e+00
9.166666666666666297e-01 -3.600670292545497642e+00 -9.313812751602759121e+00
9.333333333333333481e-01 -3.441788329736512608e+00 -9.696247402248779679e+00
9.499999999999999556e-01 -3.277462045803871682e+00 -9.896894589664043451e+00
9.666666666666666741e-01 -3.111891843414377856e+00 -9.738199770217734752e+00
9.833333333333332815e-01 -2.952855386796613857e+00 -9.240418477511331830e+00
1.000000000000000000e+00 -2.803877894164000129e+00 -8.622653982303122078e+00
1.016666666666666607e+00 -2.665433587386509817e+00 -8.090007498728294166e+00
1.033333333333333215e+00 -2.534210977539723686e+00 -7.726935841700335317e+00
1.050000000000000044e+00 -2.407869059329831973e+00 -7.523009531020190543e+00
1.066666666666666652e+00 -2.283443993172384001e+00 -7.353169174656426499e+00
1.083333333333333259e+00 -2.162763420174617757e+00 -7.106027831710579612e+00
1.100000000000000089e+00 -2.046576398782031347e+00 -6.808913962273226872e+00
1.116666666666666696e+00 -1.935799621432176876e+00 -6.527393102863121577e+00
1.133333333333333304e+00 -1.828996628686593962e+00 -6.258997739182863285e+00
1.149999999999999911e+00 -1.727166363459414766e+00 -5.928474485748798095e+00
1.166666666666666741e+00 -1.631380812494967358e+00 -5.520882709623240459e+00
1.183333333333333348e+00 -1.543136939805306751e+00 -5.019942191306601131e+00
1.199999999999999956e+00 -1.464049406118080654e+00 -4.464799225112352943e+00
1.216666666666666563e+00 -1.394310298968228334e+00 -3.942372145169126263e+00
1.233333333333333393e+00 -1.332637001279109779e+00 -3.501177378641189275e+00
1.250000000000000000e+00 -1.277604386346855359e+00 -3.127907213967044964e+00
1.266666666666666607e+00 -1.228373427480208280e+00 -2.860472796220632219e+00
1.283333333333333215e+00 -1.182255293139500951e+00 -2.718601067748847022e+00
1.300000000000000044e+00 -1.137753391888580046e+00 -2.613111533812517706e+00
1.316666666666666652e+00 -1.095151575345750361e+00 -2.485489841424295410e+00
1.333333333333333259e+00 -1.054903730507770199e+00 -2.364983809827869710e+00
1.350000000000000089e+00 -1.016318781684821371e+00 -2.262700149384017312e+00
1.366666666666666696e+00 -9.794803921949696290e-01 -2.217758282434572070e+00
1.383333333333333304e+00 -9.423935056036689684e-01 -2.273516380763228817e+00
1.399999999999999911e+00 -9.036965128361953425e-01 -2.399537857311790923e+00
1.416666666666666741e+00 -8.624089103599426043e-01 -2.552953280259126156e+00
1.433333333333333348e+00 -8.185980701608911447e-01 -2.695651048879547318e+00
1.449999999999999956e+00 -7.725538753972910344e-01 -2.741161648555012764e+00
1.466666666666666563e+00 -7.272260152090573859e-01 -2.617097983948290185e+00
1.483333333333333393e+00 -6.853172759323480356e-01 -2.392910813700167783e+00
1.500000000000000000e+00 -6.474623214190518006e-01 -2.203471265635556176e+00
1.516666666666666607e+00 -6.118682337444961705e-01 -2.110540494551106594e+00
1.533333333333333215e+00 -5.771109716006815882e-01 -2.092130041848239141e+00
1.550000000000000044e+00 -5.421305656828881991e-01 -2.101536858708513922e+00
1.566666666666666652e+00 -5.070597429770644649e-01 -2.103767030747325517e+00
1.583333333333333259e+00 -4.720049979913106819e-01 -2.084252889795516595e+00
1.600000000000000089e+00 -4.375846466505472487e-01 -2.034279787470569367e+00
1.616666666666666696e+00 -4.041956717422917067e-01 -1.953810318411017377e+00
1.633333333333333304e+00 -3.724576360368466732e-01 -1.839714464488364065e+00
1.649999999999999911e+00 -3.428718562593462416e-01 -1.713545430500819089e+00
1.666666666666666741e+00 -3.153394550201527036e-01 -1.600232891313359662e+00
1.683333333333333348e+00 -2.895307598822342565e-01 -1.491962015020751986e+00
1.699999999999999956e+00 -2.656073878527943077e-01 -1.401331230268756167e+00
1.716666666666666563e+00 -2.428197188732757195e-01 -1.363678674253051115e+00
1.733333333333333393e+00 -2.201514320443592743e-01 -1.366922611353630579e+00
1.750000000000000000e+00 -1.972556318281546983e-01 -1.348099987620869467e+00
1.766666666666666607e+00 -1.752147657903302957e-01 -1.272281412771238962e+00
1.783333333333333215e+00 -1.548462514024467329e-01 -1.165462884721429448e+00
1.800000000000000044e+00 -1.363660029662826512e-01 -1.061582380946917148e+00
1.816666666666666652e+00 -1.194601720375494947e-01 -9.748286537784766059e-01
1.833333333333333259e+00 -1.038717145070000986e-01 -9.002582185603164033e-01
1.849999999999999867e+00 -8.945156475220561454e-02 -8.320356010391570800e-01
1.866666666666666696e+00 -7.613719447236153015e-02 -7.709624448433954891e-01
1.883333333333333304e+00 -6.375281659075909824e-02 -7.164715210254112288e-01
1.899999999999999911e+00 -5.225481043818115678e-02 -6.640861728541891384e-01
1.916666666666666741e+00 -4.161661082895279362e-02 -6.130765129244243328e-01
1.933333333333333348e+00 -3.181892667403368041e-02 -9.453039143624565321e-01
1.949999999999999956e+00 -1.010648035020424163e-02 -9.197474061976574911e-01
1.966666666666666563e+00 -1.160679800778431810e-03 -3.005677848876934788e-01
1.983333333333333393e+00 -8.755418728112685433e-05 -3.482039402335295603e-02
2.000000000000000000e+00 0.000000000000000000e+00 -5.253251236867611043e-03
