0.000000000000000000e+00 5.825819261836354599e+02 8.266919674741552626e+02
1.666666666666666644e-02 5.688037267257328722e+02 8.266919674741484414e+02
3.333333333333333287e-02 5.550255272678305118e+02 8.266919674741484414e+02
5.000000000000000278e-02 5.412473278099279241e+02 8.266919674741484414e+02
6.666666666666666574e-02 5.274691283520255638e+02 8.266919674741484414e+02
8.333333333333332871e-02 5.136909288941229761e+02 8.266919674741501467e+02
1.000000000000000056e-01 4.999127294362205589e+02 8.266919674741484414e+02
1.166666666666666685e-01 4.861345299783180280e+02 8.266919674741484414e+02
1.333333333333333315e-01 4.723563305204156109e+02 8.266919674741484414e+02
1.499999999999999944e-01 4.585781310625130800e+02 8.266919674741484414e+02
1.666666666666666574e-01 4.447999316046106628e+02 8.266919674741484414e+02
1.833333333333333204e-01 4.310217321467081319e+02 8.266919674741501467e+02
2.000000000000000111e-01 4.172435326888056579e+02 8.266919674741484414e+02
2.166666666666666741e-01 4.034653332309031839e+02 8.266919674741484414e+02
2.333333333333333370e-01 3.896871337730007099e+02 8.266919674741484414e+02
2.500000000000000000e-01 3.759089343150982359e+02 8.266919674741484414e+02
2.666666666666666630e-01 3.621307348571957618e+02 8.266919674741484414e+02
2.833333333333333259e-01 3.483525353992932878e+02 8.266919674741484414e+02
2.999999999999999889e-01 3.345743359413908138e+02 8.266919674741484414e+02
3.166666666666666519e-01 3.207961364834883398e+02 8.266919674741484414e+02
3.333333333333333148e-01 3.070179370255858657e+02 8.266919674741484414e+02
3.499999999999999778e-01 2.932397375676833917e+02 8.266919674741467361e+02
3.666666666666666408e-01 2.794615381097809745e+02 8.266919674741467361e+02
3.833333333333333037e-01 2.656833386518785005e+02 8.266919674741501467e+02
4.000000000000000222e-01 2.519051391939759696e+02 8.266919674741501467e+02
4.166666666666666852e-01 2.381269397360734956e+02 8.266919674741484414e+02
4.333333333333333481e-01 2.243487402781710216e+02 8.266919674741484414e+02
4.500000000000000111e-01 2.105705408202685476e+02 8.266919674741484414e+02
4.666666666666666741e-01 1.967923413623660736e+02 8.266919674741484414e+02
4.833333333333333370e-01 1.830141419044635995e+02 8.266919674741484414e+02
5.000000000000000000e-01 1.692359424465611255e+02 8.266919674741467361e+02
5.166666666666666075e-01 1.554577429886587083e+02 8.266919674741484414e+02
5.333333333333333259e-01 1.416795435307561775e+02 8.266919674741510562e+02
5.500000000000000444e-01 1.279013440728536750e+02 8.266919674741484414e+02
5.666666666666666519e-01 1.141231446149512294e+02 8.266919674741488961e+02
5.833333333333333703e-01 1.003449451570487128e+02 8.266919674741484414e+02
5.999999999999999778e-01 8.656674569914628137e+01 8.266919674741484414e+02
6.166666666666666963e-01 7.278854624124376471e+01 8.266919674741482140e+02
6.333333333333333037e-01 5.901034678334134043e+01 8.266919674741482140e+02
6.500000000000000222e-01 4.523214732543882377e+01 8.266919674741483277e+02
6.666666666666666297e-01 3.145394786753639593e+01 6.164258089976195834e+02
6.833333333333333481e-01 2.468462035885150385e+01 3.586938194989243698e+02
6.999999999999999556e-01 1.949748721757224956e+01 2.815496711982232227e+02
7.166666666666666741e-01 1.529963131891073047e+01 2.309224310055735714e+02
7.333333333333332815e-01 1.180007285071979695e+01 1.930442338945057088e+02
7.500000000000000000e-01 8.864823522427206726e+00 1.615327724322471568e+02
7.666666666666666075e-01 6.415647102978224936e+00 1.346031053215999975e+02
7.833333333333333259e-01 4.378053345040540556e+00 1.117030088190921049e+02
8.000000000000000444e-01 2.692213475675155010e+00 9.182139759171501225e+01
8.166666666666666519e-01 1.317340091983373762e+00 7.448127189518751834e+01
8.333333333333333703e-01 2.095044125022377246e-01 5.981354165790562405e+01
8.499999999999999778e-01 -6.764446299468136470e-01 4.792604055294565057e+01
8.666666666666666963e-01 -1.388030272595950798e+00 3.844437764420253245e+01
8.833333333333333037e-01 -1.957923884753564714e+00 3.069044217110482720e+01
9.000000000000000222e-01 -2.411045011632778401e+00 2.415052191832010209e+01
9.166666666666666297e-01 -2.762941282030901391e+00 1.844745343805042737e+01
9.333333333333333481e-01 -3.025960126234459313e+00 1.336088541075646674e+01
9.499999999999999556e-01 -3.208304129056116949e+00 8.828536948775923321e+00
9.666666666666666741e-01 -3.320244691193656728e+00 4.912727280385840167e+00
9.833333333333332815e-01 -3.372061705068978288e+00 1.654966811974096785e+00
1.000000000000000000e+00 -3.375410251592793287e+00 -9.381892372327671481e-01
1.016666666666666607e+00 -3.340788730494552716e+00 -2.892588086651151080e+00
1.033333333333333215e+00 -3.278990648704421584e+00 -4.385419096496749880e+00
1.050000000000000044e+00 -3.194608093944661054e+00 -5.705238180425094008e+00
1.066666666666666652e+00 -3.088816042690251784e+00 -6.898009293279026011e+00
1.083333333333333259e+00 -2.964674450835360187e+00 -7.922207008545898432e+00
1.100000000000000089e+00 -2.824742475738721836e+00 -8.714962633637481915e+00
1.116666666666666696e+00 -2.674175696380777456e+00 -9.172330784860266206e+00
1.133333333333333304e+00 -2.518998116243379659e+00 -9.201812682120351639e+00
1.149999999999999911e+00 -2.367448606976765735e+00 -8.841620791994003525e+00
1.166666666666666741e+00 -2.224277423176912905e+00 -8.273976668898757936e+00
1.183333333333333348e+00 -2.091649384680140500e+00 -7.654397584130128607e+00
1.199999999999999956e+00 -1.969130837039241966e+00 -7.059615838241857233e+00
1.216666666666666563e+00 -1.856328856738745259e+00 -6.519010416264579000e+00
1.233333333333333393e+00 -1.751830489830422666e+00 -6.028757412528838344e+00
1.250000000000000000e+00 -1.655370276321117329e+00 -5.554029330697972000e+00
1.266666666666666607e+00 -1.566696178807156947e+00 -5.098567911778641992e+00
1.283333333333333215e+00 -1.485418012595162596e+00 -4.720832078848875568e+00
1.300000000000000044e+00 -1.409335109512194428e+00 -4.441184455619795912e+00
1.316666666666666652e+00 -1.337378530741169413e+00 -4.206009698732493973e+00
1.333333333333333259e+00 -1.269134786221111311e+00 -3.992105446461549079e+00
1.350000000000000089e+00 -1.204308349192451111e+00 -3.733160402856425808e+00
1.366666666666666696e+00 -1.144696106125897117e+00 -3.422198992712131016e+00
1.383333333333333304e+00 -1.090235049435380077e+00 -3.117885780952329711e+00
1.399999999999999911e+00 -1.040766580094152793e+00 -2.848141710992240228e+00
1.416666666666666741e+00 -9.952969924023054027e-01 -2.618774826767255259e+00
1.433333333333333348e+00 -9.534740858685776255e-01 -2.451791598860151300e+00
1.449999999999999956e+00 -9.135706057736336927e-01 -2.349938044811778148e+00
1.466666666666666563e+00 -8.751428177081850279e-01 -2.269039572198038535e+00
1.483333333333333393e+00 -8.379359533670324156e-01 -2.179016494471601728e+00
1.500000000000000000e+00 -8.025089345591316370e-01 -2.073218540170465030e+00
1.516666666666666607e+00 -7.688286686946835813e-01 -1.956071927917396591e+00
1.533333333333333215e+00 -7.373065369618850839e-01 -1.847475073142355040e+00
1.550000000000000044e+00 -7.072461662566050800e-01 -1.792148012458901762e+00
1.566666666666666652e+00 -6.775682698799216919e-01 -1.818951610233782157e+00
1.583333333333333259e+00 -6.466144459154790081e-01 -1.902361074007500319e+00
1.600000000000000089e+00 -6.141562340796716812e-01 -1.978701352908924793e+00
1.616666666666666696e+00 -5.806577341518481816e-01 -2.006720569047741876e+00
1.633333333333333304e+00 -5.472655484447469521e-01 -1.968864815139856894e+00
1.649999999999999911e+00 -5.150289069805196185e-01 -1.895005193413923372e+00
1.666666666666666741e+00 -4.840987086642828396e-01 -1.836762970456423227e+00
1.683333333333333348e+00 -4.538034746319721813e-01 -1.817191657923628023e+00
1.699999999999999956e+00 -4.235256534001619055e-01 -1.819960001665286820e+00
1.716666666666666563e+00 -3.931381412431292910e-01 -1.811106908883463040e+00
1.733333333333333393e+00 -3.631554231040464709e-01 -1.768184796837472650e+00
1.750000000000000000e+00 -3.341986480152135397e-01 -1.701917278534453404e+00
1.766666666666666607e+00 -3.064248471528980278e-01 -1.634198085601498152e+00
1.783333333333333215e+00 -2.797253784951636013e-01 -1.582550542941510985e+00
1.800000000000000044e+00 -2.536731623881809949e-01 -1.548389325837801200e+00
1.816666666666666652e+00 -2.281124009672368946e-01 -1.528574690838113481e+00
1.833333333333333259e+00 -2.027206726935772141e-01 -1.512797648611267309e+00
1.849999999999999867e+00 -1.776858126801946491e-01 -1.485105930992116186e+00
1.866666666666666696e+00 -1.532171416605066783e-01 -1.438386356200175964e+00
1.883333333333333304e+00 -1.297396008068554540e-01 -1.372081134700979810e+00
1.899999999999999911e+00 -1.074811038371406846e-01 -1.292486838382868042e+00
1.916666666666666741e+00 -8.665670619409318598e-02 -1.209549328145250513e+00
1.933333333333333348e+00 -6.716279289896566473e-02 -2.079105282666179111e+00
1.949999999999999956e+00 -1.735319677188722209e-02 -1.972744790555819971e+00
1.966666666666666563e+00 -1.404633213771667869e-03 -5.175007493414317539e-01
1.983333333333333393e+00 -1.031717938394961781e-04 -4.213899641315003997e-02
2.000000000000000000e+00 0.000000000000000000e+00 -6.190307630369771066e-03
