0.000000000000000000e+00 1.867037467725208444e+03 4.249801441087020066e+03
1.666666666666666644e-02 1.796207443707091443e+03 4.249801441087020066e+03
3.333333333333333287e-02 1.725377419688974442e+03 4.249801441087020066e+03
5.000000000000000278e-02 1.654547395670857441e+03 4.249801441087020066e+03
6.666666666666666574e-02 1.583717371652740439e+03 4.249801441087020066e+03
8.333333333333332871e-02 1.512887347634623438e+03 4.249801441087027342e+03
1.000000000000000056e-01 1.442057323616506210e+03 4.249801441087013700e+03
1.166666666666666685e-01 1.371227299598389664e+03 4.249801441087013700e+03
1.333333333333333315e-01 1.300397275580272435e+03 4.249801441087020066e+03
1.499999999999999944e-01 1.229567251562155661e+03 4.249801441087020066e+03
1.666666666666666574e-01 1.158737227544038433e+03 4.249801441087020066e+03
1.833333333333333204e-01 1.087907203525921659e+03 4.249801441087013700e+03
2.000000000000000111e-01 1.017077179507804658e+03 4.249801441087020066e+03
2.166666666666666741e-01 9.462471554896876569e+02 4.249801441087020066e+03
2.333333333333333370e-01 8.754171314715706558e+02 4.249801441087020066e+03
2.500000000000000000e-01 8.045871074534536547e+02 4.249801441087016428e+03
2.666666666666666630e-01 7.337570834353367673e+02 4.249801441087016428e+03
2.833333333333333259e-01 6.629270594172197661e+02 4.249801441087020066e+03
2.999999999999999889e-01 5.920970353991027650e+02 4.249801441087020066e+03
3.166666666666666519e-01 5.212670113809857639e+02 4.249801441087018247e+03
3.333333333333333148e-01 4.504369873628688197e+02 4.249801441087016428e+03
3.499999999999999778e-01 3.796069633447518754e+02 4.249801441087018247e+03
3.666666666666666408e-01 3.087769393266348743e+02 4.249801441087018247e+03
3.833333333333333037e-01 2.379469153085179300e+02 4.249801441087025523e+03
4.000000000000000222e-01 1.671168912904007016e+02 4.249801441087025523e+03
4.166666666666666852e-01 9.628686727228374309e+01 4.249801441087018247e+03
4.333333333333333481e-01 2.545684325416677041e+01 2.535891428309688763e+03
4.500000000000000111e-01 1.175715299529411695e+01 6.183412792001989828e+02
4.666666666666666741e-01 4.845467280826804668e+00 3.255007484962915782e+02
4.833333333333333370e-01 9.071280454177323982e-01 1.811507824689693678e+02
5.000000000000000000e-01 -1.192892134805508153e+00 8.566480960925204613e+01
5.166666666666666075e-01 -1.948365608224002621e+00 1.565558707858123100e+01
5.333333333333333259e-01 -1.714745037424882490e+00 -3.054128557954361511e+01
5.500000000000000444e-01 -9.303227555725488429e-01 -4.454631561811264362e+01
5.666666666666666519e-01 -2.298678501544610397e-01 -2.547344830273507199e+01
5.833333333333333703e-01 -8.120781214804646819e-02 3.086700537429447166e+00
5.999999999999999778e-01 -3.327578680687759416e-01 1.421765247203184224e+01
6.166666666666666963e-01 -5.551295612157745030e-01 1.013056444303779280e+01
6.333333333333333037e-01 -6.704433495033690349e-01 7.897492824230248232e+00
6.500000000000000222e-01 -8.183793220234494292e-01 1.225285889497022929e+01
6.666666666666666297e-01 -1.078871979335709996e+00 1.995207366460415699e+01
6.833333333333333481e-01 -1.483448444176921344e+00 2.889394058689753209e+01
6.999999999999999556e-01 -2.042003332232294355e+00 3.655393871032408271e+01
7.166666666666666741e-01 -2.701913067854390782e+00 3.916786253513310356e+01
7.333333333333332815e-01 -3.347598750070064355e+00 3.444961433971290887e+01
7.500000000000000000e-01 -3.850233545844821137e+00 2.290987349517500604e+01
7.666666666666666075e-01 -4.111261199909231223e+00 7.090375486848712328e+00
7.833333333333333259e-01 -4.086579395406444881e+00 -9.147193479920296966e+00
8.000000000000000444e-01 -3.806354750578554658e+00 -2.200029437249863307e+01
8.166666666666666519e-01 -3.353236249656490475e+00 -2.904591130377343688e+01
8.333333333333333703e-01 -2.838157707119440154e+00 -3.021649306831438153e+01
8.499999999999999778e-01 -2.346019814046011120e+00 -2.785971466552937770e+01
8.666666666666666963e-01 -1.909500551601794216e+00 -2.490163276164189199e+01
8.833333333333333037e-01 -1.515965388657948054e+00 -2.256424111456828996e+01
9.000000000000000222e-01 -1.157359181116184521e+00 -2.040265951582338033e+01
9.166666666666666297e-01 -8.358767381305020061e-01 -1.799083736176302040e+01
9.333333333333333481e-01 -5.576646023907505523e-01 -1.560153564246812330e+01
9.499999999999999556e-01 -3.158255500482312073e-01 -1.336900772336702481e+01
9.666666666666666741e-01 -1.120310116118497651e-01 -1.100328139988079990e+01
9.833333333333332815e-01 5.095049661446209022e-02 -8.433751385932053424e+00
1.000000000000000000e+00 1.690940345858853444e-01 -5.988672709215672185e+00
1.016666666666666607e+00 2.505729202549845103e-01 -3.919094080387127033e+00
1.033333333333333215e+00 2.997305039321229159e-01 -2.212255903748316488e+00
1.050000000000000044e+00 3.243147837132617228e-01 -6.774156981544493528e-01
1.066666666666666652e+00 3.223110272039378943e-01 7.082554916423827729e-01
1.083333333333333259e+00 3.007062673251822971e-01 1.876642802674890032e+00
1.100000000000000089e+00 2.597562671147748969e-01 3.031741021997756746e+00
1.116666666666666696e+00 1.996482332585904074e-01 4.360777380569862416e+00
1.133333333333333304e+00 1.143970210957794692e-01 5.582043668990668728e+00
1.149999999999999911e+00 1.358011095890145070e-02 6.053715909467190848e+00
1.166666666666666741e+00 -8.739350921979358033e-02 5.356934944688459765e+00
1.183333333333333348e+00 -1.649843871973805387e-01 3.639727763827950380e+00
1.199999999999999956e+00 -2.087177680140585856e-01 1.776232064590598236e+00
1.216666666666666563e+00 -2.241921226837338132e-01 5.853468627094979837e-01
1.233333333333333393e+00 -2.282293301043751832e-01 2.550437459428742115e-01
1.250000000000000000e+00 -2.326935808818296203e-01 4.944576654170970698e-01
1.266666666666666607e+00 -2.447112522849450855e-01 9.454514035382743931e-01
1.283333333333333215e+00 -2.642086276664387667e-01 1.087413781707432303e+00
1.300000000000000044e+00 -2.809583783418594938e-01 6.232417121802791282e-01
1.316666666666666652e+00 -2.849833514057814043e-01 -3.196290519011768527e-01
1.333333333333333259e+00 -2.703040766118202654e-01 -1.417893921183362105e+00
1.350000000000000089e+00 -2.377202206996693323e-01 -2.358323375084983020e+00
1.366666666666666696e+00 -1.916932974423208313e-01 -2.850901156028426531e+00
1.383333333333333304e+00 -1.426901821653884517e-01 -2.664904281435889644e+00
1.399999999999999911e+00 -1.028631547277911729e-01 -1.787549611201071587e+00
1.416666666666666741e+00 -8.310519512535273490e-02 -4.601851204020164787e-01
1.433333333333333348e+00 -8.752365071439062449e-02 8.835739321819745529e-01
1.449999999999999956e+00 -1.125576595314185524e-01 1.783418993623582915e+00
1.466666666666666563e+00 -1.469709505018433893e-01 2.065552231565121133e+00
1.483333333333333393e+00 -1.814094005835892587e-01 2.006013479423403023e+00
1.500000000000000000e+00 -2.138380664826234900e-01 1.898294847379920602e+00
1.516666666666666607e+00 -2.446858954962532751e-01 1.735758488659240983e+00
1.533333333333333215e+00 -2.716966827712648525e-01 1.412468254141304946e+00
1.550000000000000044e+00 -2.917681706342967751e-01 9.016026749356859105e-01
1.566666666666666652e+00 -3.017501052691210495e-01 2.125760136027637914e-01
1.583333333333333259e+00 -2.988540377543889015e-01 -5.486243717665884034e-01
1.600000000000000089e+00 -2.834626262102347694e-01 -1.183604994224091156e+00
1.616666666666666696e+00 -2.594005379469191963e-01 -1.615942184499673751e+00
1.633333333333333304e+00 -2.295978867269123092e-01 -1.812177019196796302e+00
1.649999999999999911e+00 -1.989946373070259900e-01 -1.721432030634233001e+00
1.666666666666666741e+00 -1.722168190391045461e-01 -1.477659180736480948e+00
1.683333333333333348e+00 -1.497393312824766287e-01 -1.293446029774403927e+00
1.699999999999999956e+00 -1.291019513799577523e-01 -1.223874559617115887e+00
1.716666666666666563e+00 -1.089435126285727695e-01 -1.187480735789805841e+00
1.733333333333333393e+00 -8.951926018696422516e-02 -1.161569171444261972e+00
1.750000000000000000e+00 -7.022454024709737230e-02 -1.136548176965794354e+00
1.766666666666666607e+00 -5.163432095477107908e-02 -1.070723540237508598e+00
1.783333333333333215e+00 -3.453375557251375100e-02 -9.489775453265197891e-01
1.800000000000000044e+00 -2.000173611055375625e-02 -8.053058992744864808e-01
1.816666666666666652e+00 -7.690225596697534451e-03 -6.581301041570523092e-01
1.833333333333333259e+00 1.935934028014653146e-03 -5.034388540531178347e-01
1.849999999999999867e+00 9.091069538406392619e-03 -3.247065194446104308e-01
1.866666666666666696e+00 1.275948467616833462e-02 -1.263661604171300856e-01
1.883333333333333304e+00 1.330327488564406191e-02 6.893600503065065721e-02
1.899999999999999911e+00 1.046161784181331295e-02 2.468440268744407085e-01
1.916666666666666741e+00 5.075140656496038641e-03 3.610510852677916160e-01
1.933333333333333348e+00 -1.573418333779739347e-03 2.410859086567316012e-01
1.949999999999999956e+00 -2.961056298728347719e-03 -3.326652991509920082e-02
1.966666666666666563e+00 -4.645340032764327899e-04 -8.756089263068622675e-02
1.983333333333333393e+00 -4.235987770547356665e-05 -1.393602009829298348e-02
2.000000000000000000e+00 0.000000000000000000e+00 -2.541592662328413972e-03
