0.000000000000000000e+00 4.123748247509473003e+03 9.465230860410756577e+03
1.666666666666666644e-02 3.965994399835960394e+03 9.465230860410756577e+03
3.333333333333333287e-02 3.808240552162447784e+03 9.465230860410771129e+03
5.000000000000000278e-02 3.650486704488934720e+03 9.465230860410771129e+03
6.666666666666666574e-02 3.492732856815422110e+03 9.465230860410756577e+03
8.333333333333332871e-02 3.334979009141909501e+03 9.465230860410771129e+03
1.000000000000000056e-01 3.177225161468396436e+03 9.465230860410756577e+03
1.166666666666666685e-01 3.019471313794884281e+03 9.465230860410771129e+03
1.333333333333333315e-01 2.861717466121370762e+03 9.465230860410771129e+03
1.499999999999999944e-01 2.703963618447858607e+03 9.465230860410756577e+03
1.666666666666666574e-01 2.546209770774345543e+03 9.465230860410771129e+03
1.833333333333333204e-01 2.388455923100832933e+03 9.465230860410756577e+03
2.000000000000000111e-01 2.230702075427320324e+03 9.465230860410756577e+03
2.166666666666666741e-01 2.072948227753807714e+03 9.465230860410771129e+03
2.333333333333333370e-01 1.915194380080294650e+03 9.465230860410771129e+03
2.500000000000000000e-01 1.757440532406782040e+03 9.465230860410756577e+03
2.666666666666666630e-01 1.599686684733269431e+03 9.465230860410763853e+03
2.833333333333333259e-01 1.441932837059756594e+03 9.465230860410763853e+03
2.999999999999999889e-01 1.284178989386243984e+03 9.465230860410756577e+03
3.166666666666666519e-01 1.126425141712731374e+03 9.465230860410763853e+03
3.333333333333333148e-01 9.686712940392185374e+02 9.465230860410763853e+03
3.499999999999999778e-01 8.109174463657059277e+02 9.465230860410760215e+03
3.666666666666666408e-01 6.531635986921932044e+02 9.465230860410763853e+03
3.833333333333333037e-01 4.954097510186804811e+02 9.465230860410776586e+03
4.000000000000000222e-01 3.376559033451673031e+02 9.465230860410776586e+03
4.166666666666666852e-01 1.799020556716546082e+02 9.465230860410762034e+03
4.333333333333333481e-01 2.214820799814190977e+01 5.137960307245876720e+03
4.500000000000000111e-01 8.636712096792045656e+00 6.001527918465055791e+02
4.666666666666666741e-01 2.143114936591726583e+00 3.020467429452701822e+02
4.833333333333333370e-01 -1.431512668050293646e+00 1.612065934765857662e+02
5.000000000000000000e-01 -3.230438179294465861e+00 6.898368239950241332e+01
5.166666666666666075e-01 -3.730968748033707261e+00 1.359601648380905914e+00
5.333333333333333259e-01 -3.275758234240496058e+00 -4.367915516996814773e+01
5.500000000000000444e-01 -2.274996909034769033e+00 -5.825180334019015760e+01
5.666666666666666519e-01 -1.334031456234157531e+00 -3.956085789187493873e+01
5.833333333333333703e-01 -9.563016459722709639e-01 -7.699142510693843811e+00
5.999999999999999778e-01 -1.077393372544362737e+00 9.994902260215654977e+00
6.166666666666666963e-01 -1.289465054646126152e+00 1.191001050505669845e+01
6.333333333333333037e-01 -1.474393722712919352e+00 1.348704239608786715e+01
6.500000000000000222e-01 -1.739033134515721724e+00 1.873020173862484938e+01
6.666666666666666297e-01 -2.098733780667080939e+00 2.210120472989271789e+01
6.833333333333333481e-01 -2.475739958845478927e+00 2.122670023683464535e+01
6.999999999999999556e-01 -2.806290455228235725e+00 1.818479211684917729e+01
7.166666666666666741e-01 -3.081899696073784778e+00 1.512161191241908931e+01
7.333333333333332815e-01 -3.310344185642205339e+00 1.218633748645805071e+01
7.500000000000000000e-01 -3.488110945622386438e+00 8.258885780016438360e+00
7.666666666666666075e-01 -3.585640378309419951e+00 2.883351509630145415e+00
7.833333333333333259e-01 -3.584222662610057952e+00 -3.133245640679978017e+00
8.000000000000000444e-01 -3.481198856953420684e+00 -8.547643260840512625e+00
8.166666666666666519e-01 -3.299301220582040894e+00 -1.245009526841411862e+01
8.333333333333333703e-01 -3.066195681339616730e+00 -1.500982921343558907e+01
8.499999999999999778e-01 -2.798973580134187955e+00 -1.718077028844131249e+01
8.666666666666666963e-01 -2.493503338391573010e+00 -1.974966059653464967e+01
8.833333333333333037e-01 -2.140651560249699603e+00 -2.244302707611808145e+01
9.000000000000000222e-01 -1.745402435854303658e+00 -2.419636338475805815e+01
9.166666666666666297e-01 -1.334106114091097695e+00 -2.397289062298913720e+01
9.333333333333333481e-01 -9.463060817546657955e-01 -2.153739794069658942e+01
9.499999999999999556e-01 -6.161928494012114399e-01 -1.764935042252707120e+01
9.666666666666666741e-01 -3.579944010037633961e-01 -1.402728988783577080e+01
9.833333333333332815e-01 -1.486165198066857762e-01 -1.205465127044971041e+01
1.000000000000000000e+00 4.382730801122691755e-02 -1.190055184942447930e+01
1.016666666666666607e+00 2.480685418407968246e-01 -1.269271574931472557e+01
1.033333333333333215e+00 4.669178329883844070e-01 -1.345586399941330136e+01
1.050000000000000044e+00 6.965973418212402235e-01 -1.344820233414604260e+01
1.066666666666666652e+00 9.151912441265858122e-01 -1.219426124317905469e+01
1.083333333333333259e+00 1.103072716593875402e+00 -9.753444409272750804e+00
1.100000000000000089e+00 1.240306057769010817e+00 -6.625319324015852551e+00
1.116666666666666696e+00 1.323916694061070487e+00 -3.358523990010231497e+00
1.133333333333333304e+00 1.352256857436018533e+00 -3.159398148243819371e-01
1.149999999999999911e+00 1.334448021221883218e+00 2.185539394954714165e+00
1.166666666666666741e+00 1.279405544270861395e+00 3.917746402397477290e+00
1.183333333333333348e+00 1.203856474475300642e+00 4.810344306661658464e+00
1.199999999999999956e+00 1.119060734048806127e+00 5.128338130170877918e+00
1.216666666666666563e+00 1.032911870136271393e+00 5.266315089054747212e+00
1.233333333333333393e+00 9.435168977469812202e-01 5.708110544499538364e+00
1.250000000000000000e+00 8.426415186529534473e-01 6.785583125108319180e+00
1.266666666666666607e+00 7.173307935767039289e-01 8.381646433395069096e+00
1.283333333333333215e+00 5.632533042064511442e-01 9.975630020675525955e+00
1.300000000000000044e+00 3.848097928875197637e-01 1.109835507494113571e+01
1.316666666666666652e+00 1.933081350417465982e-01 1.147256163771029946e+01
1.333333333333333259e+00 2.391071630509762277e-03 1.104548357549132298e+01
1.350000000000000089e+00 -1.748746508079641604e-01 1.007098455637003376e+01
1.366666666666666696e+00 -3.333084135818246696e-01 8.774208103171908135e+00
1.383333333333333304e+00 -4.673482542470277501e-01 7.059727054401387036e+00
1.399999999999999911e+00 -5.686326487285375819e-01 4.761952203886122170e+00
1.416666666666666741e+00 -6.260799943765651410e-01 2.090656674410481752e+00
1.433333333333333348e+00 -6.383212045422202996e-01 -3.935499965481947804e-01
1.449999999999999956e+00 -6.129616611582919816e-01 -2.102114845377882624e+00
1.466666666666666563e+00 -5.682507096962908788e-01 -2.754497257204319371e+00
1.483333333333333393e+00 -5.211450859181480100e-01 -2.425783423261746119e+00
1.500000000000000000e+00 -4.873912622542326822e-01 -1.621102553507680621e+00
1.516666666666666607e+00 -4.671083341345586559e-01 -1.039640416760689412e+00
1.533333333333333215e+00 -4.527365816955430389e-01 -1.072707941395167897e+00
1.550000000000000044e+00 -4.313514027547197260e-01 -1.694344641576590593e+00
1.566666666666666652e+00 -3.962584269763233524e-01 -2.593140463384642658e+00
1.583333333333333259e+00 -3.449133873085649671e-01 -3.428126568402392493e+00
1.600000000000000089e+00 -2.819875413629102656e-01 -4.010276869669199051e+00
1.616666666666666696e+00 -2.112374916529249913e-01 -4.364322885846681821e+00
1.633333333333333304e+00 -1.365101118346875309e-01 -4.514817735445425306e+00
1.649999999999999911e+00 -6.074356713807748526e-02 -4.348882581817504978e+00
1.666666666666666741e+00 8.452640892562613209e-03 -3.744846763262112521e+00
1.683333333333333348e+00 6.408465830399293073e-02 -2.822206595252396255e+00
1.699999999999999956e+00 1.025261940676424899e-01 -1.820115795030359473e+00
1.716666666666666563e+00 1.247551848050049150e-01 -8.917668598809772584e-01
1.733333333333333393e+00 1.322517560636750633e-01 -1.740871531503457303e-02
1.750000000000000000e+00 1.253354753155060675e-01 7.738918580166410655e-01
1.766666666666666607e+00 1.064553607964536935e-01 1.353863555342148972e+00
1.783333333333333215e+00 8.020669013743443598e-02 1.650362627234120305e+00
1.800000000000000044e+00 5.144327322198301994e-02 1.698660645143019510e+00
1.816666666666666652e+00 2.358466863266711969e-02 1.573764590696655308e+00
1.833333333333333259e+00 -1.015546467905493197e-03 1.350169648210981732e+00
1.849999999999999867e+00 -2.142098630769893181e-02 1.052395608783294190e+00
1.866666666666666696e+00 -3.609540009401529526e-02 7.052329683553852924e-01
1.883333333333333304e+00 -4.492875191954510961e-02 3.950892952303582950e-01
1.899999999999999911e+00 -4.926504326836057129e-02 1.530510329621859178e-01
1.916666666666666741e+00 -5.003045301828464020e-02 -6.773987421769905870e-02
1.933333333333333348e+00 -4.700704746110393600e-02 -1.122787743976765951e+00
1.949999999999999956e+00 -1.260419488572577483e-02 -1.361733715160909686e+00
1.966666666666666563e+00 -1.615923622406940235e-03 -3.738827106750844398e-01
1.983333333333333393e+00 -1.414378632229593483e-04 -4.847770867220820706e-02
2.000000000000000000e+00 0.000000000000000000e+00 -8.486271793377561656e-03
