0.000000000000000000e+00 1.986708190546313199e+04 1.838818476107419119e+05
1.666666666666666644e-02 1.680238444528410037e+04 1.697318856577196275e+05
3.333333333333333287e-02 1.420935238353914428e+04 1.436070659269891621e+05
5.000000000000000278e-02 1.201548224771779496e+04 1.214983103173712589e+05
6.666666666666666574e-02 1.015940870629343590e+04 1.027886456846158108e+05
8.333333333333332871e-02 8.589194058230601513e+03 8.695585023070573516e+04
1.000000000000000056e-01 7.260880365269911636e+03 7.355790466669479792e+04
1.166666666666666685e-01 6.137263902674108067e+03 6.222067710971823544e+04
1.333333333333333315e-01 5.186857794945970454e+03 5.262749877743334218e+04
1.499999999999999944e-01 4.383013943426330115e+03 4.451034019160801108e+04
1.666666666666666574e-01 3.703179788559036751e+03 3.764234216844568436e+04
1.833333333333333204e-01 3.128269204478140637e+03 3.183149359731415825e+04
2.000000000000000111e-01 2.642130001981898204e+03 2.691527994218984531e+04
2.166666666666666741e-01 2.231093206405145793e+03 2.275615343045435293e+04
2.333333333333333370e-01 1.883591554300086500e+03 1.923769877426007588e+04
2.500000000000000000e-01 1.589836580596476551e+03 1.626138763761031441e+04
2.666666666666666630e-01 1.341545299713076020e+03 1.374383145681959650e+04
2.833333333333333259e-01 1.131708865369156683e+03 1.161445609962954768e+04
2.999999999999999889e-01 9.543967630587577560e+02 9.813533595329810851e+03
3.166666666666666519e-01 8.045910788581629731e+02 8.290516111867207655e+03
3.333333333333333148e-01 6.780462259965174781e+02 7.002625772984288233e+03
3.499999999999999778e-01 5.711702197586866987e+02 5.913661033264474099e+03
3.666666666666666408e-01 4.809241915543683490e+02 4.992986359965979318e+03
3.833333333333333037e-01 4.047373410931540434e+02 4.214677075621189033e+03
4.000000000000000222e-01 3.404349557003287146e+02 3.556795536713942965e+03
4.166666666666666852e-01 2.861774898693559521e+02 3.000778481646125783e+03
4.333333333333333481e-01 2.404090063121245180e+02 2.530918477519134285e+03
4.500000000000000111e-01 2.018135406187181502e+02 2.133925016201745166e+03
4.666666666666666741e-01 1.692781724387330087e+02 1.798553028714096627e+03
4.833333333333333370e-01 1.418617729949149293e+02 1.515288464902610485e+03
5.000000000000000000e-01 1.187685569419793268e+02 1.276082175005518820e+03
5.166666666666666075e-01 9.932570049473096674e+01 1.074124675277490951e+03
5.333333333333333259e-01 8.296440109939629792e+01 9.036555188232945284e+02
5.500000000000000444e-01 6.920384986728781485e+01 7.598019569003661218e+02
5.666666666666666519e-01 5.763766920271742578e+01 6.384423920365184131e+02
5.833333333333333703e-01 4.792243679940386869e+01 5.360908150969565895e+02
5.999999999999999778e-01 3.976797536615220707e+01 4.497990031613017550e+02
6.166666666666666963e-01 3.292913669402714305e+01 3.770737500195530743e+02
6.333333333333333037e-01 2.719885036550043722e+01 3.158068200495874862e+02
6.500000000000000222e-01 2.240224269237422661e+01 2.642156708653665760e+02
6.666666666666666297e-01 1.839166133665488445e+01 2.207932903005575440e+02
6.833333333333333481e-01 1.504246634902230895e+01 1.842657473768646526e+02
6.999999999999999556e-01 1.224946975742606270e+01 1.535562719764221526e+02
7.166666666666666741e-01 9.923923949808237666e+00 1.277548599832428664e+02
7.333333333333332815e-01 7.990974424651300367e+00 1.060925547503447177e+02
7.500000000000000000e-01 6.387505458130080527e+00 8.791968617880711179e+01
7.666666666666666075e-01 5.060318218691063130e+00 7.268745909563801888e+01
7.833333333333333259e-01 3.964590154942146505e+00 5.993237606428385789e+01
8.000000000000000444e-01 3.062572349881601319e+00 4.926305885794256056e+01
8.166666666666666519e-01 2.322488193010727731e+00 4.034909977507060574e+01
8.333333333333333703e-01 1.717602357379247824e+00 3.291163064370194746e+01
8.499999999999999778e-01 1.225433838220662874e+00 2.671534532527357086e+01
8.666666666666666963e-01 8.270908465367954321e-01 2.156175212592565060e+01
8.833333333333333037e-01 5.067087673564745209e-01 1.728346688495114947e+01
9.000000000000000222e-01 2.509752837050904795e-01 1.373938659373104088e+01
9.166666666666666297e-01 4.872921423210652137e-02 1.081060801460702336e+01
9.333333333333333481e-01 -1.093783167818103141e-01 8.396976603788539606e+00
9.499999999999999556e-01 -2.311700058941781322e-01 6.414168676275833647e+00
9.666666666666666741e-01 -3.231839393243380876e-01 4.791224675468488847e+00
9.833333333333332815e-01 -3.908774950764610789e-01 3.468464041692309596e+00
1.000000000000000000e+00 -4.387994073807484074e-01 2.395722864508547101e+00
1.016666666666666607e+00 -4.707349238934126490e-01 1.530864551474938606e+00
1.033333333333333215e+00 -4.898282257632463610e-01 8.385214033436283465e-01
1.050000000000000044e+00 -4.986856373382002605e-01 2.890314660885212605e-01
1.066666666666666652e+00 -4.994626079661970697e-01 -1.424594855570171514e-01
1.083333333333333259e+00 -4.939369878196330221e-01 -4.767563371810473738e-01
1.100000000000000089e+00 -4.835707300601621572e-01 -7.312549729043427149e-01
1.116666666666666696e+00 -4.695618220561549316e-01 -9.204828155586053384e-01
1.133333333333333304e+00 -4.528879695415419793e-01 -1.056555009140429657e+00
1.149999999999999911e+00 -4.343433217514739431e-01 -1.149559303926492859e+00
1.166666666666666741e+00 -4.145693260773255506e-01 -1.207880690837903614e+00
1.183333333333333348e+00 -3.940806320568771559e-01 -1.238475127701574419e+00
1.199999999999999956e+00 -3.732868218206064070e-01 -1.247100258348742274e+00
1.216666666666666563e+00 -3.525106234452524134e-01 -1.238509805706686784e+00
1.233333333333333393e+00 -3.320031616303835142e-01 -1.216617288062060265e+00
1.250000000000000000e+00 -3.119567138431837416e-01 -1.184633834627496496e+00
1.266666666666666607e+00 -2.925153671428002977e-01 -1.145184137988279449e+00
1.283333333333333215e+00 -2.737839092435744304e-01 -1.100403956259133453e+00
1.300000000000000044e+00 -2.558352352674958530e-01 -1.052022049336682308e+00
1.316666666666666652e+00 -2.387165075990183571e-01 -1.001428986675090949e+00
1.333333333333333259e+00 -2.224542690449928251e-01 -9.497348860027299278e-01
1.350000000000000089e+00 -2.070586780655940262e-01 -8.978178227248423404e-01
1.366666666666666696e+00 -1.925270082874980804e-01 -8.463643794411477295e-01
1.383333333333333304e+00 -1.788465320842224371e-01 -7.959035764477911945e-01
1.399999999999999911e+00 -1.659968890725717072e-01 -7.468352308599233158e-01
1.416666666666666741e+00 -1.539520243888916617e-01 -6.994536286415864446e-01
1.433333333333333348e+00 -1.426817681178521591e-01 -6.539672557584064183e-01
1.449999999999999956e+00 -1.321531158636114478e-01 -6.105152179791454303e-01
1.466666666666666563e+00 -1.223312608518806466e-01 -5.691808802471742812e-01
1.483333333333333393e+00 -1.131804198553723051e-01 -5.300031732324288480e-01
1.500000000000000000e+00 -1.046644884107996859e-01 -4.929859442978231088e-01
1.516666666666666607e+00 -9.674755504544486906e-02 -4.581056706742832607e-01
1.533333333333333215e+00 -8.939429938832357814e-02 -4.253178024460961826e-01
1.550000000000000044e+00 -8.257029496390833057e-02 -3.945619605736200297e-01
1.566666666666666652e+00 -7.624223403586957715e-02 -3.657661794143026168e-01
1.583333333333333259e+00 -7.037808898343157760e-02 -3.388503530227847671e-01
1.600000000000000089e+00 -6.494722226844341917e-02 -3.137290190514119281e-01
1.616666666666666696e+00 -5.992045501505117999e-02 -2.903135926020991020e-01
1.633333333333333304e+00 -5.527010251504011623e-02 -2.685141442800880185e-01
1.649999999999999911e+00 -5.096998353904824697e-02 -2.482408014468172330e-01
1.666666666666666741e+00 -4.699540913347954180e-02 -2.294048388200994881e-01
1.683333333333333348e+00 -4.332315557837826403e-02 -2.119195137510079263e-01
1.699999999999999956e+00 -3.993142534177927805e-02 -1.957006924020485983e-01
1.716666666666666563e+00 -3.679979916497664455e-02 -1.806673053929747086e-01
1.733333333333333393e+00 -3.390918182868012110e-02 -1.667416650429884017e-01
1.750000000000000000e+00 -3.124174366354369806e-02 -1.538496709300661569e-01
1.766666666666666607e+00 -2.878085946434458253e-02 -1.419209259483944496e-01
1.783333333333333215e+00 -2.651104613193054974e-02 -1.308887812370994608e-01
1.800000000000000044e+00 -2.441790008977460028e-02 -1.206903251624135281e-01
1.816666666666666652e+00 -2.248803529318343236e-02 -1.112663288638487957e-01
1.833333333333333259e+00 -2.070902246097964042e-02 -1.025611586407811499e-01
1.849999999999999867e+00 -1.906933000515739426e-02 -9.452266358974552307e-02
1.866666666666666696e+00 -1.755826700798812298e-02 -8.710204534618359862e-02
1.883333333333333304e+00 -1.616592849361794121e-02 -8.025371548799488386e-02
1.899999999999999911e+00 -1.488314315838829352e-02 -7.393514508041111599e-02
1.916666666666666741e+00 -1.370142365760423746e-02 -6.810670994730469441e-02
1.933333333333333348e+00 -1.261291949347813704e-02 -6.273153451349369747e-02
1.949999999999999956e+00 -1.161037250715444766e-02 -5.777533645090603825e-02
1.966666666666666563e+00 -1.068707494511460243e-02 -5.320627385770548834e-02
1.983333333333333393e+00 -9.836830045230931380e-03 -4.899479628591283525e-02
2.000000000000000000e+00 -9.053915068917508038e-03 -4.697489857880540048e-02
