0.00000000 1587.9 1958.01
0.01666667 1489.35 9868.1
0.03333333 1258.96 11865.4
0.05000000 1093.84 9257.87
0.06666667 950.367 8043.59
0.08333333 825.716 6988.59
0.10000000 717.414 6071.96
0.11666667 623.317 5275.55
0.13333333 541.562 4583.6
0.15000000 470.53 3982.41
0.16666667 408.815 3460.08
0.18333333 355.194 3006.25
0.20000000 308.607 2611.95
0.21666667 268.13 2269.36
0.23333333 232.961 1971.71
0.25000000 202.406 1713.1
0.26666667 175.858 1488.41
0.28333333 152.792 1293.18
0.30000000 132.752 1123.57
0.31666667 115.34 976.201
0.33333333 100.212 848.161
0.35000000 87.068 736.915
0.36666667 75.6481 640.261
0.38333333 65.726 556.283
0.40000000 57.1053 483.321
0.41666667 49.6153 419.928
0.43333333 43.1077 364.85
0.45000000 37.4537 316.996
0.46666667 32.5412 275.418
0.48333333 28.2731 239.294
0.50000000 24.5647 207.908
0.51666667 21.3428 180.638
0.53333333 18.5435 156.946
0.55000000 16.1113 136.361
0.56666667 13.9981 118.475
0.58333333 12.1621 102.936
0.60000000 10.5669 89.4348
0.61666667 9.18093 77.7044
0.63333333 7.97675 67.5126
0.65000000 6.93051 58.6576
0.66666667 6.0215 50.964
0.68333333 5.23171 44.2795
0.70000000 4.54552 38.3671
0.71666667 3.95281 33.65
0.73333333 3.42385 30.2427
0.75000000 2.94472 27.2338
0.76666667 2.51606 24.0651
0.78333333 2.14255 21.4732
0.80000000 1.80028 20.0281
0.81666667 1.47495 19.0044
0.83333333 1.1668 17.8429
0.85000000 0.880183 16.5077
0.86666667 0.616547 15.1481
0.88333333 0.375247 13.817
0.90000000 0.155981 12.5029
0.91666667 -0.0415163 11.2239
0.93333333 -0.218148 10.0112
0.95000000 -0.375224 8.88058
0.96666667 -0.514167 7.82509
0.98333333 -0.636061 6.82923
1.00000000 -0.741808 5.8762
1.01666667 -0.831934 4.95315
1.03333333 -0.906913 4.06177
1.05000000 -0.967326 3.22332
1.06666667 -1.01436 2.46345
1.08333333 -1.04944 1.79116
1.10000000 -1.07406 1.19791
1.11666667 -1.08937 0.672122
1.13333333 -1.09647 0.212029
1.15000000 -1.09644 -0.181112
1.16666667 -1.09043 -0.515593
1.18333333 -1.07925 -0.812272
1.20000000 -1.06335 -1.08841
1.21666667 -1.04297 -1.34644
1.23333333 -1.01847 -1.5758
1.25000000 -0.990446 -1.76369
1.26666667 -0.959683 -1.90129
1.28333333 -0.927069 -1.98806
1.30000000 -0.893415 -2.03766
1.31666667 -0.859148 -2.08068
1.33333333 -0.824059 -2.15162
1.35000000 -0.787427 -2.26351
1.36666667 -0.748608 -2.39382
1.38333333 -0.707633 -2.4985
1.40000000 -0.665325 -2.54259
1.41666667 -0.62288 -2.51911
1.43333333 -0.581355 -2.44335
1.45000000 -0.541435 -2.33941
1.46666667 -0.503374 -2.2311
1.48333333 -0.467065 -2.13292
1.50000000 -0.432277 -2.04213
1.51666667 -0.398994 -1.94597
1.53333333 -0.367411 -1.83598
1.55000000 -0.337795 -1.71291
1.56666667 -0.310314 -1.58197
1.58333333 -0.285062 -1.44843
1.60000000 -0.262033 -1.31567
1.61666667 -0.241206 -1.18536
1.63333333 -0.222521 -1.06089
1.65000000 -0.205843 -0.947572
1.66666667 -0.190935 -0.847521
1.68333333 -0.177593 -0.758438
1.70000000 -0.165654 -0.679786
1.71666667 -0.154933 -0.614275
1.73333333 -0.145178 -0.563068
1.75000000 -0.136164 -0.524031
1.76666667 -0.12771 -0.494096
1.78333333 -0.119694 -0.471223
1.80000000 -0.112003 -0.456806
1.81666667 -0.104468 -0.454718
1.83333333 -0.0968456 -0.4641
1.85000000 -0.0889976 -0.476125
1.86666667 -0.0809748 -0.472699
1.88333333 -0.073241 -0.498303
1.90000000 -0.0643647 -0.604266
1.91666667 -0.0530988 -1.02593
1.93333333 -0.0301669 -1.33105
1.95000000 -0.00873034 -0.969136
1.96666667 0.00213761 -0.266768
1.98333333 0.000161928 0.0641284
2.00000000 0 -0.0446971
