0.000000000000000000e+00 171.669 311.857
1.666666666666666644e-02 166.471 311.857
3.333333333333333287e-02 161.274 311.857
5.000000000000000278e-02 156.076 311.857
6.666666666666666574e-02 150.878 311.857
8.333333333333332871e-02 145.681 311.857
1.000000000000000056e-01 140.483 311.857
1.166666666666666685e-01 135.286 311.857
1.333333333333333315e-01 130.088 311.857
1.499999999999999944e-01 124.89 311.857
1.666666666666666574e-01 119.693 311.857
1.833333333333333204e-01 114.495 311.857
2.000000000000000111e-01 109.297 311.857
2.166666666666666741e-01 104.1 311.857
2.333333333333333370e-01 98.9021 311.857
2.500000000000000000e-01 93.7045 311.857
2.666666666666666630e-01 88.5069 311.857
2.833333333333333259e-01 83.3093 311.857
2.999999999999999889e-01 78.1116 311.857
3.166666666666666519e-01 72.914 311.857
3.333333333333333148e-01 67.7164 311.857
3.499999999999999778e-01 62.5188 311.857
3.666666666666666408e-01 57.3212 311.857
3.833333333333333037e-01 52.1235 311.857
4.000000000000000222e-01 46.9259 311.857
4.166666666666666852e-01 41.7283 311.857
4.333333333333333481e-01 36.5307 311.857
4.500000000000000111e-01 31.333 311.857
4.666666666666666741e-01 26.1354 311.857
4.833333333333333370e-01 20.9378 311.857
5.000000000000000000e-01 15.7402 261.331
5.166666666666666075e-01 12.2268 188.965
5.333333333333333259e-01 9.44135 153.251
5.500000000000000444e-01 7.11839 128.273
5.666666666666666519e-01 5.16557 107.306
5.833333333333333703e-01 3.54153 88.4174
5.999999999999999778e-01 2.21832 71.2379
6.166666666666666963e-01 1.16694 55.852
6.333333333333333037e-01 0.356589 42.4298
6.500000000000000222e-01 -0.24739 31.1475
6.666666666666666297e-01 -0.681663 21.9997
6.833333333333333481e-01 -0.980712 14.7729
6.999999999999999556e-01 -1.17409 9.13336
7.166666666666666741e-01 -1.28516 4.80053
7.333333333333332815e-01 -1.33411 1.52886
7.500000000000000000e-01 -1.33612 -0.825862
7.666666666666666075e-01 -1.30658 -2.32551
7.833333333333333259e-01 -1.2586 -3.07548
8.000000000000000444e-01 -1.20407 -3.25801
8.166666666666666519e-01 -1.15 -3.04892
8.333333333333333703e-01 -1.10244 -2.59165
8.499999999999999778e-01 -1.06361 -1.97499
8.666666666666666963e-01 -1.0366 -1.25817
8.833333333333333037e-01 -1.02168 -0.524812
9.000000000000000222e-01 -1.01911 0.137308
9.166666666666666297e-01 -1.02625 0.639216
9.333333333333333481e-01 -1.04042 0.879267
9.499999999999999556e-01 -1.05556 0.784087
9.666666666666666741e-01 -1.06655 0.396546
9.833333333333332815e-01 -1.06878 -0.150215
1.000000000000000000e+00 -1.06155 -0.64854
1.016666666666666607e+00 -1.04716 -0.96691
1.033333333333333215e+00 -1.02932 -1.24565
1.050000000000000044e+00 -1.00564 -1.88708
1.066666666666666652e+00 -0.966412 -3.24579
1.083333333333333259e+00 -0.897446 -5.28007
1.100000000000000089e+00 -0.79041 -7.50353
1.116666666666666696e+00 -0.647328 -9.24227
1.133333333333333304e+00 -0.482335 -9.91569
1.149999999999999911e+00 -0.316805 -9.28703
1.166666666666666741e+00 -0.172767 -7.6165
1.183333333333333348e+00 -0.062922 -5.49112
1.199999999999999956e+00 0.0102704 -3.45263
1.216666666666666563e+00 0.0521658 -1.80016
1.233333333333333393e+00 0.0702757 -0.564651
1.250000000000000000e+00 0.0709875 0.352368
1.266666666666666607e+00 0.0585301 0.970129
1.283333333333333215e+00 0.0386499 1.21733
1.300000000000000044e+00 0.0179524 1.12735
1.316666666666666652e+00 0.00107152 0.879975
1.333333333333333259e+00 -0.0113801 0.674175
1.350000000000000089e+00 -0.021401 0.595614
1.366666666666666696e+00 -0.0312339 0.620514
1.383333333333333304e+00 -0.0420848 0.694494
1.399999999999999911e+00 -0.0543837 0.77405
1.416666666666666741e+00 -0.0678865 0.813349
1.433333333333333348e+00 -0.0814953 0.757999
1.449999999999999956e+00 -0.0931531 0.599313
1.466666666666666563e+00 -0.101472 0.389944
1.483333333333333393e+00 -0.106151 0.201595
1.500000000000000000e+00 -0.108192 0.0654481
1.516666666666666607e+00 -0.108333 -0.030121
1.533333333333333215e+00 -0.107188 -0.118973
1.550000000000000044e+00 -0.104367 -0.230131
1.566666666666666652e+00 -0.0995172 -0.360165
1.583333333333333259e+00 -0.0923616 -0.476208
1.600000000000000089e+00 -0.0836436 -0.55929
1.616666666666666696e+00 -0.0737186 -0.613582
1.633333333333333304e+00 -0.0631909 -0.644901
1.649999999999999911e+00 -0.0522219 -0.663078
1.666666666666666741e+00 -0.0410883 -0.674876
1.683333333333333348e+00 -0.029726 -0.674646
1.699999999999999956e+00 -0.0186001 -0.639888
1.716666666666666563e+00 -0.00839642 -0.558839
1.733333333333333393e+00 2.78474e-05 -0.438084
1.750000000000000000e+00 0.00620637 -0.297607
1.766666666666666607e+00 0.00994807 -0.159359
1.783333333333333215e+00 0.0115183 -0.0440395
1.800000000000000044e+00 0.0114161 0.0382891
1.816666666666666652e+00 0.010242 0.0836314
1.833333333333333259e+00 0.00862834 0.0965756
1.849999999999999867e+00 0.00702283 0.0898079
1.866666666666666696e+00 0.00563475 0.0767685
1.883333333333333304e+00 0.00446388 0.0637679
1.899999999999999911e+00 0.00350915 0.0518702
1.916666666666666741e+00 0.00273488 0.0411
1.933333333333333348e+00 0.00213915 0.0893432
1.949999999999999956e+00 -0.00024323 0.0661729
1.966666666666666563e+00 -6.66143e-05 -0.00711731
1.983333333333333393e+00 -5.98655e-06 -0.00199843
2.000000000000000000e+00 0 -0.000359193
