0.000000000000000000e+00 1.223808660959054180e+02 2.083039010353473941e+02
1.666666666666666644e-02 1.189091344119829614e+02 2.083039010353461151e+02
3.333333333333333287e-02 1.154374027280605475e+02 2.083039010353452625e+02
5.000000000000000278e-02 1.119656710441381193e+02 2.083039010353461151e+02
6.666666666666666574e-02 1.084939393602156770e+02 2.083039010353461151e+02
8.333333333333332871e-02 1.050222076762932488e+02 2.083039010353456888e+02
1.000000000000000056e-01 1.015504759923708207e+02 2.083039010353461151e+02
1.166666666666666685e-01 9.807874430844837832e+01 2.083039010353461151e+02
1.333333333333333315e-01 9.460701262452595017e+01 2.083039010353461151e+02
1.499999999999999944e-01 9.113528094060350782e+01 2.083039010353456888e+02
1.666666666666666574e-01 8.766354925668109388e+01 2.083039010353461151e+02
1.833333333333333204e-01 8.419181757275863731e+01 2.083039010353465414e+02
2.000000000000000111e-01 8.072008588883620916e+01 2.083039010353456888e+02
2.166666666666666741e-01 7.724835420491378102e+01 2.083039010353461151e+02
2.333333333333333370e-01 7.377662252099133866e+01 2.083039010353461151e+02
2.500000000000000000e-01 7.030489083706891051e+01 2.083039010353456888e+02
2.666666666666666630e-01 6.683315915314648237e+01 2.083039010353459162e+02
2.833333333333333259e-01 6.336142746922404712e+01 2.083039010353461151e+02
2.999999999999999889e-01 5.988969578530161186e+01 2.083039010353459162e+02
3.166666666666666519e-01 5.641796410137918372e+01 2.083039010353459162e+02
3.333333333333333148e-01 5.294623241745674846e+01 2.083039010353459162e+02
3.499999999999999778e-01 4.947450073353432032e+01 2.083039010353459162e+02
3.666666666666666408e-01 4.600276904961188507e+01 2.083039010353461151e+02
3.833333333333333037e-01 4.253103736568944981e+01 2.083039010353463425e+02
4.000000000000000222e-01 3.905930568176700746e+01 2.083039010353463425e+02
4.166666666666666852e-01 3.558757399784457220e+01 2.083039010353461151e+02
4.333333333333333481e-01 3.211584231392213695e+01 2.083039010353459162e+02
4.500000000000000111e-01 2.864411062999970881e+01 2.083039010353459162e+02
4.666666666666666741e-01 2.517237894607727355e+01 2.083039010353460014e+02
4.833333333333333370e-01 2.170064726215484185e+01 2.083039010353459162e+02
5.000000000000000000e-01 1.822891557823241016e+01 2.083039010353455751e+02
5.166666666666666075e-01 1.475718389430998911e+01 2.083039010353459446e+02
5.333333333333333259e-01 1.128545221038754498e+01 2.083039010353466551e+02
5.500000000000000444e-01 7.813720526465100846e+00 1.761212505127512031e+02
5.666666666666666519e-01 5.414743859962505290e+00 1.267625715346543132e+02
5.833333333333333703e-01 3.588301475309957134e+00 9.773910919039172995e+01
5.999999999999999778e-01 2.156773553616114558e+00 7.687442016923907318e+01
6.166666666666666963e-01 1.025820803001987747e+00 6.063960714470766078e+01
6.333333333333333037e-01 1.354533154591923971e-01 4.749264494534821068e+01
6.500000000000000222e-01 -5.572673618429526687e-01 3.665483861234510243e+01
6.666666666666666297e-01 -1.086374638285644290e+00 2.763500835129537592e+01
6.833333333333333481e-01 -1.478434306886131866e+00 1.999644531913764922e+01
6.999999999999999556e-01 -1.752922815590232553e+00 1.338766533388292501e+01
7.166666666666666741e-01 -1.924689818015562714e+00 7.650711603180617715e+00
7.333333333333332815e-01 -2.007946535696253143e+00 2.763517044834822300e+00
7.500000000000000000e-01 -2.016807052843390125e+00 -1.263186872601853583e+00
7.666666666666666075e-01 -1.965840306609524690e+00 -4.408992936104472626e+00
7.833333333333333259e-01 -1.869840621639907718e+00 -6.619304866221864536e+00
8.000000000000000444e-01 -1.745196811068795872e+00 -7.864405333961594913e+00
8.166666666666666519e-01 -1.607693777174521221e+00 -8.230512491530866725e+00
8.333333333333333703e-01 -1.470846394684433678e+00 -7.930619355956167738e+00
8.499999999999999778e-01 -1.343339798642648963e+00 -7.277058088257016166e+00
8.666666666666666963e-01 -1.228277791742533154e+00 -6.615097738286348950e+00
8.833333333333333037e-01 -1.122836540699770680e+00 -6.106829257391974686e+00
9.000000000000000222e-01 -1.024716816496133998e+00 -5.661827217156297110e+00
9.166666666666666297e-01 -9.341089667945607911e-01 -5.139924339513124885e+00
9.333333333333333481e-01 -8.533860051790298495e-01 -4.413657014677743184e+00
9.499999999999999556e-01 -7.869870663053026849e-01 -3.431110310978776834e+00
9.666666666666666741e-01 -7.390156614797372958e-01 -2.343678029007977504e+00
9.833333333333332815e-01 -7.088644653383701089e-01 -1.387671940148439420e+00
1.000000000000000000e+00 -6.927599301414559818e-01 -6.776150628744903592e-01
1.016666666666666607e+00 -6.862772965758870969e-01 -1.667510001628857985e-01
1.033333333333333215e+00 -6.872015634693597885e-01 2.675697804747723119e-01
1.050000000000000044e+00 -6.951962892583795073e-01 7.082911002141323298e-01
1.066666666666666652e+00 -7.108112668098308662e-01 1.112581193192350160e+00
1.083333333333333259e+00 -7.322823290314578459e-01 1.337412073345495278e+00
1.100000000000000089e+00 -7.553916692546807088e-01 1.278559838038070273e+00
1.116666666666666696e+00 -7.749009902993935217e-01 9.851743566568171850e-01
1.133333333333333304e+00 -7.882308144765746150e-01 5.927569127657961179e-01
1.149999999999999911e+00 -7.946595540582533923e-01 2.034460549117278472e-01
1.166666666666666741e+00 -7.950123496402988765e-01 -1.302853485185828664e-01
1.183333333333333348e+00 -7.903167091076339634e-01 -4.133898910117306258e-01
1.199999999999999956e+00 -7.812326866065745223e-01 -6.983422717470544328e-01
1.216666666666666563e+00 -7.670386333827321490e-01 -1.032955462626153897e+00
1.233333333333333393e+00 -7.468008378523693924e-01 -1.389728181895062420e+00
1.250000000000000000e+00 -7.207143606528967350e-01 -1.714322307867526263e+00
1.266666666666666607e+00 -6.896567609234518503e-01 -1.976274976275428363e+00
1.283333333333333215e+00 -6.548385281103824562e-01 -2.188146080387565195e+00
1.300000000000000044e+00 -6.167185582438663438e-01 -2.353161456837717047e+00
1.316666666666666652e+00 -5.763998128824585621e-01 -2.460131145403722464e+00
1.333333333333333259e+00 -5.347141867304089358e-01 -2.488173438363138867e+00
1.350000000000000089e+00 -4.934606982703539368e-01 -2.431452317432166055e+00
1.366666666666666696e+00 -4.536657761493367302e-01 -2.308068264176632134e+00
1.383333333333333304e+00 -4.165250894644662027e-01 -2.165642598825485710e+00
1.399999999999999911e+00 -3.814776895218205399e-01 -2.058018374549480001e+00
1.416666666666666741e+00 -3.479244769794835324e-01 -2.007827850384868995e+00
1.433333333333333348e+00 -3.145500945089915734e-01 -1.990096139769789163e+00
1.449999999999999956e+00 -2.815879389871572269e-01 -1.946049023326182459e+00
1.466666666666666563e+00 -2.496817937314521618e-01 -1.827745599660892895e+00
1.483333333333333393e+00 -2.206630856651274619e-01 -1.624418309336199240e+00
1.500000000000000000e+00 -1.955345167535788575e-01 -1.374184624277871913e+00
1.516666666666666607e+00 -1.748569315225317333e-01 -1.129163445854643788e+00
1.533333333333333215e+00 -1.578957352250907331e-01 -9.275428329726465027e-01
1.550000000000000044e+00 -1.439388370901101832e-01 -7.830008734442539531e-01
1.566666666666666652e+00 -1.317957061102822680e-01 -6.979378836557776911e-01
1.583333333333333259e+00 -1.206742409682509259e-01 -6.551003416794144441e-01
1.600000000000000089e+00 -1.099590280543017856e-01 -6.278970463917250555e-01
1.616666666666666696e+00 -9.974433942186008983e-02 -5.970135781372704065e-01
1.633333333333333304e+00 -9.005857544972610540e-02 -5.538106913977010048e-01
1.649999999999999911e+00 -8.128398304193672208e-02 -4.856791314453068331e-01
1.666666666666666741e+00 -7.386927106821587763e-02 -3.914854297760949065e-01
1.683333333333333348e+00 -6.823446871606689279e-02 -2.869800904937077068e-01
1.699999999999999956e+00 -6.430326805175895499e-02 -1.929250226360133824e-01
1.716666666666666563e+00 -6.180363462819978004e-02 -1.242685304688743997e-01
1.733333333333333393e+00 -6.016098370279647500e-02 -9.307852786895762232e-02
1.750000000000000000e+00 -5.870101703256785930e-02 -1.035698333120655540e-01
1.766666666666666607e+00 -5.670865592572762320e-02 -1.471979059229104603e-01
1.783333333333333215e+00 -5.379442016847084396e-02 -2.074594121069581187e-01
1.800000000000000044e+00 -4.979334218882901925e-02 -2.657816394262221826e-01
1.816666666666666652e+00 -4.493503218759677120e-02 -3.011149368496912615e-01
1.833333333333333259e+00 -3.975617762717264386e-02 -3.014731297111259423e-01
1.849999999999999867e+00 -3.488592786389257266e-02 -2.736026437144541967e-01
1.866666666666666696e+00 -3.063608950335750328e-02 -2.385990099548777610e-01
1.883333333333333304e+00 -2.693262753206331420e-02 -2.163006386456836627e-01
1.899999999999999911e+00 -2.342606821516804785e-02 -2.137113478397306698e-01
1.916666666666666741e+00 -1.980891593740562520e-02 -2.241485240071190155e-01
1.933333333333333348e+00 -1.595445074826408113e-02 -4.464363647457644246e-01
1.949999999999999956e+00 -4.927703779213477020e-03 -4.585372493982964870e-01
1.966666666666666563e+00 -6.698757683208664618e-04 -1.460581531853699377e-01
1.983333333333333393e+00 -5.909867303447942138e-05 -2.009627304962599559e-02
2.000000000000000000e+00 0.000000000000000000e+00 -3.545920382068765229e-03
