0.000000000000000000e+00 204.652 340.95
1.666666666666666644e-02 198.969 340.95
3.333333333333333287e-02 193.287 340.95
5.000000000000000278e-02 187.604 340.95
6.666666666666666574e-02 181.922 340.95
8.333333333333332871e-02 176.239 340.95
1.000000000000000056e-01 170.557 340.95
1.166666666666666685e-01 164.874 340.95
1.333333333333333315e-01 159.192 340.95
1.499999999999999944e-01 153.509 340.95
1.666666666666666574e-01 147.827 340.95
1.833333333333333204e-01 142.144 340.95
2.000000000000000111e-01 136.462 340.95
2.166666666666666741e-01 130.779 340.95
2.333333333333333370e-01 125.097 340.95
2.500000000000000000e-01 119.414 340.95
2.666666666666666630e-01 113.732 340.95
2.833333333333333259e-01 108.049 340.95
2.999999999999999889e-01 102.367 340.95
3.166666666666666519e-01 96.6843 340.95
3.333333333333333148e-01 91.0018 340.95
3.499999999999999778e-01 85.3193 340.95
3.666666666666666408e-01 79.6368 340.95
3.833333333333333037e-01 73.9543 340.95
4.000000000000000222e-01 68.2717 340.95
4.166666666666666852e-01 62.5892 340.95
4.333333333333333481e-01 56.9067 340.95
4.500000000000000111e-01 51.2242 340.95
4.666666666666666741e-01 45.5417 340.95
4.833333333333333370e-01 39.8592 340.95
5.000000000000000000e-01 34.1767 340.95
5.166666666666666075e-01 28.4942 340.95
5.333333333333333259e-01 22.8117 340.95
5.500000000000000444e-01 17.1292 285.721
5.666666666666666519e-01 13.2877 204.046
5.833333333333333703e-01 10.3277 160.726
5.999999999999999778e-01 7.93015 130.441
6.166666666666666963e-01 5.97967 106.231
6.333333333333333037e-01 4.38913 86.1713
6.500000000000000222e-01 3.10729 69.2148
6.666666666666666297e-01 2.08197 55.0239
6.833333333333333481e-01 1.27316 43.3379
6.999999999999999556e-01 0.637371 33.9255
7.166666666666666741e-01 0.142316 26.4363
7.333333333333332815e-01 -0.243839 20.4781
7.500000000000000000e-01 -0.540286 15.5843
7.666666666666666075e-01 -0.763315 11.38
7.833333333333333259e-01 -0.919619 7.62983
8.000000000000000444e-01 -1.01764 4.33506
8.166666666666666519e-01 -1.06412 1.59561
8.333333333333333703e-01 -1.07083 -0.467648
8.499999999999999778e-01 -1.04853 -1.79499
8.666666666666666963e-01 -1.011 -2.45975
8.833333333333333037e-01 -0.966541 -2.69259
9.000000000000000222e-01 -0.921244 -2.67517
9.166666666666666297e-01 -0.877368 -2.52616
9.333333333333333481e-01 -0.837038 -2.30545
9.499999999999999556e-01 -0.80052 -2.08619
9.666666666666666741e-01 -0.767499 -1.93772
9.833333333333332815e-01 -0.735929 -1.93213
1.000000000000000000e+00 -0.703094 -2.08374
1.016666666666666607e+00 -0.666471 -2.38155
1.033333333333333215e+00 -0.623709 -2.74448
1.050000000000000044e+00 -0.574988 -3.05591
1.066666666666666652e+00 -0.521846 -3.23759
1.083333333333333259e+00 -0.467069 -3.2682
1.100000000000000089e+00 -0.412906 -3.13589
1.116666666666666696e+00 -0.362539 -2.87227
1.133333333333333304e+00 -0.317164 -2.52354
1.149999999999999911e+00 -0.278421 -2.14568
1.166666666666666741e+00 -0.245641 -1.80922
1.183333333333333348e+00 -0.218114 -1.53669
1.199999999999999956e+00 -0.194418 -1.30442
1.216666666666666563e+00 -0.174633 -1.08193
1.233333333333333393e+00 -0.158354 -0.847036
1.250000000000000000e+00 -0.146399 -0.590063
1.266666666666666607e+00 -0.138685 -0.329418
1.283333333333333215e+00 -0.135418 -0.10069
1.300000000000000044e+00 -0.135329 0.0456802
1.316666666666666652e+00 -0.136941 0.103329
1.333333333333333259e+00 -0.138773 0.103808
1.350000000000000089e+00 -0.140401 0.0721838
1.366666666666666696e+00 -0.141179 0.0179074
1.383333333333333304e+00 -0.140998 -0.0553135
1.399999999999999911e+00 -0.139335 -0.150795
1.416666666666666741e+00 -0.135971 -0.247531
1.433333333333333348e+00 -0.131084 -0.321722
1.449999999999999956e+00 -0.125247 -0.380158
1.466666666666666563e+00 -0.118412 -0.434876
1.483333333333333393e+00 -0.110751 -0.48069
1.500000000000000000e+00 -0.102389 -0.527883
1.516666666666666607e+00 -0.0931554 -0.593689
1.533333333333333215e+00 -0.0825998 -0.666353
1.550000000000000044e+00 -0.0709436 -0.715631
1.566666666666666652e+00 -0.0587454 -0.727036
1.583333333333333259e+00 -0.0467091 -0.707615
1.600000000000000089e+00 -0.0351583 -0.669933
1.616666666666666696e+00 -0.024378 -0.621574
1.633333333333333304e+00 -0.0144391 -0.56027
1.649999999999999911e+00 -0.00570236 -0.476314
1.666666666666666741e+00 0.00143801 -0.369751
1.683333333333333348e+00 0.00662267 -0.251901
1.699999999999999956e+00 0.0098347 -0.131542
1.716666666666666563e+00 0.0110074 -0.0150068
1.733333333333333393e+00 0.0103349 0.0766474
1.750000000000000000e+00 0.0084525 0.125044
1.766666666666666607e+00 0.00616681 0.130472
1.783333333333333215e+00 0.00410343 0.107522
1.800000000000000044e+00 0.00258276 0.0703832
1.816666666666666652e+00 0.00175732 0.0325193
1.833333333333333259e+00 0.00149878 0.00492821
1.849999999999999867e+00 0.00159305 -0.0099424
1.866666666666666696e+00 0.00183019 -0.0163921
1.883333333333333304e+00 0.00213945 -0.0189459
1.899999999999999911e+00 0.00246172 -0.0181774
1.916666666666666741e+00 0.00274536 -0.0112331
1.933333333333333348e+00 0.00283616 0.0881177
1.949999999999999956e+00 -0.000191892 0.0867754
1.966666666666666563e+00 -5.63542e-05 -0.00561569
1.983333333333333393e+00 -4.70224e-06 -0.00169063
2.000000000000000000e+00 0 -0.000282134
