0.000000000000000000e+00 3.450524515472691292e+02 5.133051136646281520e+02
1.666666666666666644e-02 3.364973663195253266e+02 5.133051136646247414e+02
3.333333333333333287e-02 3.279422810917816378e+02 5.133051136646230361e+02
5.000000000000000278e-02 3.193871958640378921e+02 5.133051136646230361e+02
6.666666666666666574e-02 3.108321106362942032e+02 5.133051136646247414e+02
8.333333333333332871e-02 3.022770254085504007e+02 5.133051136646247414e+02
1.000000000000000056e-01 2.937219401808067119e+02 5.133051136646230361e+02
1.166666666666666685e-01 2.851668549530629662e+02 5.133051136646230361e+02
1.333333333333333315e-01 2.766117697253192773e+02 5.133051136646247414e+02
1.499999999999999944e-01 2.680566844975754748e+02 5.133051136646247414e+02
1.666666666666666574e-01 2.595015992698317859e+02 5.133051136646239456e+02
1.833333333333333204e-01 2.509465140420880118e+02 5.133051136646256509e+02
2.000000000000000111e-01 2.423914288143442661e+02 5.133051136646239456e+02
2.166666666666666741e-01 2.338363435866005489e+02 5.133051136646239456e+02
2.333333333333333370e-01 2.252812583588568032e+02 5.133051136646239456e+02
2.500000000000000000e-01 2.167261731311130859e+02 5.133051136646239456e+02
2.666666666666666630e-01 2.081710879033693402e+02 5.133051136646247414e+02
2.833333333333333259e-01 1.996160026756255945e+02 5.133051136646239456e+02
2.999999999999999889e-01 1.910609174478818773e+02 5.133051136646239456e+02
3.166666666666666519e-01 1.825058322201381316e+02 5.133051136646239456e+02
3.333333333333333148e-01 1.739507469923944143e+02 5.133051136646239456e+02
3.499999999999999778e-01 1.653956617646506686e+02 5.133051136646239456e+02
3.666666666666666408e-01 1.568405765369069513e+02 5.133051136646239456e+02
3.833333333333333037e-01 1.482854913091632056e+02 5.133051136646256509e+02
4.000000000000000222e-01 1.397304060814194315e+02 5.133051136646247414e+02
4.166666666666666852e-01 1.311753208536757143e+02 5.133051136646239456e+02
4.333333333333333481e-01 1.226202356259319686e+02 5.133051136646242867e+02
4.500000000000000111e-01 1.140651503981882371e+02 5.133051136646239456e+02
4.666666666666666741e-01 1.055100651704445056e+02 5.133051136646242867e+02
4.833333333333333370e-01 9.695497994270075992e+01 5.133051136646242867e+02
5.000000000000000000e-01 8.839989471495702844e+01 5.133051136646230361e+02
5.166666666666666075e-01 7.984480948721332538e+01 5.133051136646239456e+02
5.333333333333333259e-01 7.128972425946956548e+01 5.133051136646257646e+02
5.500000000000000444e-01 6.273463903172579847e+01 5.133051136646240593e+02
5.666666666666666519e-01 5.417955380398209542e+01 5.133051136646240593e+02
5.833333333333333703e-01 4.562446857623832841e+01 5.133051136646240593e+02
5.999999999999999778e-01 3.706938334849462535e+01 5.133051136646240593e+02
6.166666666666666963e-01 2.851429812075086190e+01 4.498737264537566034e+02
6.333333333333333037e-01 2.207359246670273834e+01 3.484700128477213639e+02
6.500000000000000222e-01 1.689863102582681620e+01 2.815568829213921731e+02
6.666666666666666297e-01 1.268836303598966531e+01 2.293110525984353956e+02
6.833333333333333481e-01 9.254929272545636465e+00 1.868122054590870107e+02
6.999999999999999556e-01 6.461289520686764654e+00 1.516017103577343335e+02
7.166666666666666741e-01 4.201538927287825409e+00 1.221841072479503367e+02
7.333333333333332815e-01 2.388485945755086881e+00 9.758655029933399305e+01
7.500000000000000000e-01 9.486539173100259070e-01 7.712297265984777539e+01
7.666666666666666075e-01 -1.822798095731725521e-01 6.025088626753661458e+01
7.833333333333333259e-01 -1.059708958274527824e+00 4.649067842162681785e+01
8.000000000000000444e-01 -1.731969090294066538e+00 3.542645322450335499e+01
8.166666666666666519e-01 -2.240590732424639686e+00 2.666192801245470179e+01
8.333333333333333703e-01 -2.620700024042556642e+00 1.977331193086929417e+01
8.499999999999999778e-01 -2.899701130120282855e+00 1.433727592468779122e+01
8.666666666666666963e-01 -3.098609221532149682e+00 9.968168428769539346e+00
8.833333333333333037e-01 -3.231973411079267500e+00 6.322081937110506367e+00
9.000000000000000222e-01 -3.309345286102499895e+00 3.120659578390081457e+00
9.166666666666666297e-01 -3.335995397025603548e+00 2.175304322976945315e-01
9.333333333333333481e-01 -3.316596300512423046e+00 -2.364621923055287844e+00
9.499999999999999556e-01 -3.257174666257093953e+00 -4.497723256370877998e+00
9.666666666666666741e-01 -3.166672191966727112e+00 -6.111943118652614082e+00
9.833333333333332815e-01 -3.053443228968673484e+00 -7.259896991541263667e+00
1.000000000000000000e+00 -2.924675625582018323e+00 -8.107683716095825943e+00
1.016666666666666607e+00 -2.783187105098812619e+00 -8.827378580590977464e+00
1.033333333333333215e+00 -2.630429672895652438e+00 -9.473394471503585379e+00
1.050000000000000044e+00 -2.467407289382026470e+00 -9.971447745761228276e+00
1.066666666666666652e+00 -2.298048081370278162e+00 -1.022916647407068780e+01
1.083333333333333259e+00 -2.126435073579670210e+00 -1.019732229914486155e+01
1.100000000000000089e+00 -1.958137338065449429e+00 -9.906256536469868479e+00
1.116666666666666696e+00 -1.796226522364007927e+00 -9.472787070250330288e+00
1.133333333333333304e+00 -1.642377769057105086e+00 -9.011819508708541093e+00
1.149999999999999911e+00 -1.495832538740389905e+00 -8.561993298630657279e+00
1.166666666666666741e+00 -1.356977992436083191e+00 -8.109321106701175452e+00
1.183333333333333348e+00 -1.225521835183684072e+00 -7.663233760963494845e+00
1.199999999999999956e+00 -1.101536867070633363e+00 -7.236533336925056403e+00
1.216666666666666563e+00 -9.843040572861821991e-01 -6.817692513754276540e+00
1.233333333333333393e+00 -8.742804499454908118e-01 -6.364782518575928805e+00
1.250000000000000000e+00 -7.721446400003179056e-01 -5.844807840260425102e+00
1.266666666666666607e+00 -6.794535219368099677e-01 -5.221157841356556695e+00
1.283333333333333215e+00 -5.981060452884326972e-01 -4.491630030812795660e+00
1.300000000000000044e+00 -5.297325209097167864e-01 -3.696078937672937492e+00
1.316666666666666652e+00 -4.749034140326681142e-01 -2.918900157026959263e+00
1.333333333333333259e+00 -4.324358490088181517e-01 -2.267690342479967924e+00
1.350000000000000089e+00 -3.993137359500025241e-01 -1.820913837048690587e+00
1.366666666666666696e+00 -3.717387211071951358e-01 -1.571341006813981700e+00
1.383333333333333304e+00 -3.469357023895364711e-01 -1.437640812115106304e+00
1.399999999999999911e+00 -3.238173607033582591e-01 -1.330275198587883123e+00
1.416666666666666741e+00 -3.025931957699403707e-01 -1.197484377175274117e+00
1.433333333333333348e+00 -2.839012147975157885e-01 -1.038052849457131277e+00
1.449999999999999956e+00 -2.679914341213693318e-01 -8.896832932364007185e-01
1.466666666666666563e+00 -2.542451050229690979e-01 -8.017271430939579835e-01
1.483333333333333393e+00 -2.412671960182374009e-01 -7.951660705312316724e-01
1.500000000000000000e+00 -2.277395693385947106e-01 -8.637412902117284075e-01
1.516666666666666607e+00 -2.124758196778464558e-01 -9.782550124762695587e-01
1.533333333333333215e+00 -1.951310689227190587e-01 -1.090510505065978686e+00
1.550000000000000044e+00 -1.761254695089805034e-01 -1.151161055748984641e+00
1.566666666666666652e+00 -1.567590337310862392e-01 -1.125653219488615964e+00
1.583333333333333259e+00 -1.386036955260266379e-01 -1.023595990497066177e+00
1.600000000000000089e+00 -1.226391673811840360e-01 -8.971569900199009018e-01
1.616666666666666696e+00 -1.086984625253632764e-01 -7.921434904653740228e-01
1.633333333333333304e+00 -9.623438436567156862e-02 -7.154283558463256920e-01
1.649999999999999911e+00 -8.485085066381908847e-02 -6.577147757668148076e-01
1.666666666666666741e+00 -7.431055850677774355e-02 -6.030612812613934670e-01
1.683333333333333348e+00 -6.474880795510597198e-02 -5.404648553083906126e-01
1.699999999999999956e+00 -5.629506332983139072e-02 -4.728486207946669406e-01
1.716666666666666563e+00 -4.898718726195040729e-02 -4.136024544073593212e-01
1.733333333333333393e+00 -4.250831484958608047e-02 -3.659160740313068816e-01
1.750000000000000000e+00 -3.678998479424017837e-02 -3.207657665042126793e-01
1.766666666666666607e+00 -3.181612263277899116e-02 -2.688926539885099776e-01
1.783333333333333215e+00 -2.782689632795651291e-02 -2.119111032255658889e-01
1.800000000000000044e+00 -2.475241919192679510e-02 -1.656327719437359625e-01
1.816666666666666652e+00 -2.230580392983198129e-02 -1.482134652659927443e-01
1.833333333333333259e+00 -1.981197034972703719e-02 -1.629360850508161929e-01
1.849999999999999867e+00 -1.687460109480477463e-02 -1.892089283959957347e-01
1.866666666666666696e+00 -1.350500606986051316e-02 -1.971782379150850695e-01
1.883333333333333304e+00 -1.030199316430193898e-02 -1.745720658036785111e-01
1.899999999999999911e+00 -7.685937209737896646e-03 -1.342677408988602883e-01
1.916666666666666741e+00 -5.826401801006596270e-03 -9.455793709802391700e-02
1.933333333333333348e+00 -4.534005973137099355e-03 -1.860782008874793114e-01
1.949999999999999956e+00 3.762048952427142078e-04 -1.420402312506462150e-01
1.966666666666666563e+00 2.006684018844409926e-04 1.087533412552471081e-02
1.983333333333333393e+00 1.369375772522386312e-05 6.020052056533230049e-03
2.000000000000000000e+00 0.000000000000000000e+00 8.216254635134318278e-04
