1 1 0 2 3
1 1 0 2 4
1 74 0 2 3
1 74 0 2 4
2 1 0 74 75
2 1 0 74 76
2 1 0 74 81
2 2 0 74 75
5 2 0 74 76
5 2 0 74 81
6 0 2 4 5
6 0 2 4 6
7 0 2 4 7
8 3 2 4 5
8 3 2 4 6
9 3 2 4 7
4 2 4 7 8
4 2 4 7 9
4 2 4 7 10
4 5 4 7 8
4 5 4 7 9
4 5 4 7 10
4 6 4 7 8
4 6 4 7 9
4 6 4 7 10
4 4 7 10 11
4 4 7 10 12
10 4 7 10 13
19 4 7 10 13
20 4 7 10 13
21 4 7 10 13
4 8 7 10 11
4 8 7 10 12
4 8 7 10 13
4 9 7 10 11
4 9 7 10 12
4 9 7 10 13
4 7 10 13 14
4 7 10 13 15
10 7 10 13 16
19 7 10 13 16
20 7 10 13 16
21 7 10 13 16
4 11 10 13 14
4 11 10 13 15
4 11 10 13 16
4 12 10 13 14
4 12 10 13 15
4 12 10 13 16
4 10 13 16 17
4 10 13 16 18
10 10 13 16 19
19 10 13 16 19
20 10 13 16 19
21 10 13 16 19
4 14 13 16 17
4 14 13 16 18
4 14 13 16 19
4 15 13 16 17
4 15 13 16 18
4 15 13 16 19
4 13 16 19 20
4 13 16 19 21
10 13 16 19 22
19 13 16 19 22
20 13 16 19 22
21 13 16 19 22
4 17 16 19 20
4 17 16 19 21
4 17 16 19 22
4 18 16 19 20
4 18 16 19 21
4 18 16 19 22
4 16 19 22 23
4 16 19 22 24
10 16 19 22 25
19 16 19 22 25
20 16 19 22 25
21 16 19 22 25
4 20 19 22 23
4 20 19 22 24
4 20 19 22 25
4 21 19 22 23
4 21 19 22 24
4 21 19 22 25
4 19 22 25 26
4 19 22 25 27
10 19 22 25 28
19 19 22 25 28
20 19 22 25 28
21 19 22 25 28
4 23 22 25 26
4 23 22 25 27
4 23 22 25 28
4 24 22 25 26
4 24 22 25 27
4 24 22 25 28
4 22 25 28 29
4 22 25 28 30
10 22 25 28 31
19 22 25 28 31
20 22 25 28 31
21 22 25 28 31
4 26 25 28 29
4 26 25 28 30
4 26 25 28 31
4 27 25 28 29
4 27 25 28 30
4 27 25 28 31
4 25 28 31 32
4 25 28 31 33
10 25 28 31 34
19 25 28 31 34
20 25 28 31 34
21 25 28 31 34
4 29 28 31 32
4 29 28 31 33
4 29 28 31 34
4 30 28 31 32
4 30 28 31 33
4 30 28 31 34
4 28 31 34 35
4 28 31 34 36
10 28 31 34 37
19 28 31 34 37
20 28 31 34 37
21 28 31 34 37
4 32 31 34 35
4 32 31 34 36
4 32 31 34 37
4 33 31 34 35
4 33 31 34 36
4 33 31 34 37
4 31 34 37 38
4 31 34 37 39
10 31 34 37 40
19 31 34 37 40
20 31 34 37 40
21 31 34 37 40
4 35 34 37 38
4 35 34 37 39
4 35 34 37 40
4 36 34 37 38
4 36 34 37 39
4 36 34 37 40
4 34 37 40 41
4 34 37 40 42
10 34 37 40 43
19 34 37 40 43
20 34 37 40 43
21 34 37 40 43
4 38 37 40 41
4 38 37 40 42
4 38 37 40 43
4 39 37 40 41
4 39 37 40 42
4 39 37 40 43
4 37 40 43 44
4 37 40 43 45
10 37 40 43 46
19 37 40 43 46
20 37 40 43 46
21 37 40 43 46
4 41 40 43 44
4 41 40 43 45
4 41 40 43 46
4 42 40 43 44
4 42 40 43 45
4 42 40 43 46
4 40 43 46 47
4 40 43 46 48
10 40 43 46 49
19 40 43 46 49
20 40 43 46 49
21 40 43 46 49
4 44 43 46 47
4 44 43 46 48
4 44 43 46 49
4 45 43 46 47
4 45 43 46 48
4 45 43 46 49
4 43 46 49 50
4 43 46 49 51
10 43 46 49 52
19 43 46 49 52
20 43 46 49 52
21 43 46 49 52
4 47 46 49 50
4 47 46 49 51
4 47 46 49 52
4 48 46 49 50
4 48 46 49 51
4 48 46 49 52
4 46 49 52 53
4 46 49 52 54
10 46 49 52 55
19 46 49 52 55
20 46 49 52 55
21 46 49 52 55
4 50 49 52 53
4 50 49 52 54
4 50 49 52 55
4 51 49 52 53
4 51 49 52 54
4 51 49 52 55
4 49 52 55 56
4 49 52 55 57
10 49 52 55 58
19 49 52 55 58
20 49 52 55 58
21 49 52 55 58
4 53 52 55 56
4 53 52 55 57
4 53 52 55 58
4 54 52 55 56
4 54 52 55 57
4 54 52 55 58
4 52 55 58 59
4 52 55 58 60
10 52 55 58 61
19 52 55 58 61
20 52 55 58 61
21 52 55 58 61
4 56 55 58 59
4 56 55 58 60
4 56 55 58 61
4 57 55 58 59
4 57 55 58 60
4 57 55 58 61
4 55 58 61 62
4 55 58 61 63
10 55 58 61 64
19 55 58 61 64
20 55 58 61 64
21 55 58 61 64
4 59 58 61 62
4 59 58 61 63
4 59 58 61 64
4 60 58 61 62
4 60 58 61 63
4 60 58 61 64
4 58 61 64 65
4 58 61 64 66
10 58 61 64 67
19 58 61 64 67
20 58 61 64 67
21 58 61 64 67
4 62 61 64 65
4 62 61 64 66
4 62 61 64 67
4 63 61 64 65
4 63 61 64 66
4 63 61 64 67
4 61 64 67 68
4 61 64 67 69
11 61 64 67 70
22 61 64 67 70
23 61 64 67 70
24 61 64 67 70
4 65 64 67 68
4 65 64 67 69
4 65 64 67 70
4 66 64 67 68
4 66 64 67 69
4 66 64 67 70
12 64 67 70 71
12 64 67 70 72
12 64 67 70 73
12 68 67 70 71
12 68 67 70 72
12 68 67 70 73
12 69 67 70 71
12 69 67 70 72
12 69 67 70 73
3 0 74 76 77
3 0 74 76 78
3 0 74 76 79
3 75 74 76 77
3 75 74 76 78
3 75 74 76 79
3 81 74 76 77
3 81 74 76 78
3 81 74 76 79
3 0 74 81 82
3 0 74 81 83
3 0 74 81 85
3 75 74 81 82
3 75 74 81 83
3 75 74 81 85
3 76 74 81 82
3 76 74 81 83
3 76 74 81 85
13 74 76 79 80
13 77 76 79 80
13 78 76 79 80
14 74 81 83 84
14 82 81 83 84
14 85 81 83 84
3 74 81 85 86
7 74 81 85 87
6 82 81 85 86
15 82 81 85 87
16 83 81 85 86
7 83 81 85 87
17 81 85 87 88
17 81 85 87 89
18 86 85 87 88
17 86 85 87 89
15 85 87 89 90
15 85 87 89 91
7 85 87 89 92
6 88 87 89 90
6 88 87 89 91
3 88 87 89 92
4 85 89 92 93
4 85 89 92 94
4 85 89 92 95
4 90 89 92 93
4 90 89 92 94
4 90 89 92 95
4 91 89 92 93
4 91 89 92 94
4 91 89 92 95
4 89 92 95 96
4 89 92 95 97
10 89 92 95 98
19 89 92 95 98
20 89 92 95 98
21 89 92 95 98
4 93 92 95 96
4 93 92 95 97
4 93 92 95 98
4 94 92 95 96
4 94 92 95 97
4 94 92 95 98
4 92 95 98 99
4 92 95 98 100
10 92 95 98 101
19 92 95 98 101
20 92 95 98 101
21 92 95 98 101
4 96 95 98 99
4 96 95 98 100
4 96 95 98 101
4 97 95 98 99
4 97 95 98 100
4 97 95 98 101
4 95 98 101 102
4 95 98 101 103
10 95 98 101 104
19 95 98 101 104
20 95 98 101 104
21 95 98 101 104
4 99 98 101 102
4 99 98 101 103
4 99 98 101 104
4 100 98 101 102
4 100 98 101 103
4 100 98 101 104
4 98 101 104 105
4 98 101 104 106
10 98 101 104 107
19 98 101 104 107
20 98 101 104 107
21 98 101 104 107
4 102 101 104 105
4 102 101 104 106
4 102 101 104 107
4 103 101 104 105
4 103 101 104 106
4 103 101 104 107
4 101 104 107 108
4 101 104 107 109
10 101 104 107 110
19 101 104 107 110
20 101 104 107 110
21 101 104 107 110
4 105 104 107 108
4 105 104 107 109
4 105 104 107 110
4 106 104 107 108
4 106 104 107 109
4 106 104 107 110
4 104 107 110 111
4 104 107 110 112
10 104 107 110 113
19 104 107 110 113
20 104 107 110 113
21 104 107 110 113
4 108 107 110 111
4 108 107 110 112
4 108 107 110 113
4 109 107 110 111
4 109 107 110 112
4 109 107 110 113
4 107 110 113 114
4 107 110 113 115
10 107 110 113 116
19 107 110 113 116
20 107 110 113 116
21 107 110 113 116
4 111 110 113 114
4 111 110 113 115
4 111 110 113 116
4 112 110 113 114
4 112 110 113 115
4 112 110 113 116
4 110 113 116 117
4 110 113 116 118
10 110 113 116 119
19 110 113 116 119
20 110 113 116 119
21 110 113 116 119
4 114 113 116 117
4 114 113 116 118
4 114 113 116 119
4 115 113 116 117
4 115 113 116 118
4 115 113 116 119
4 113 116 119 120
4 113 116 119 121
10 113 116 119 122
19 113 116 119 122
20 113 116 119 122
21 113 116 119 122
4 117 116 119 120
4 117 116 119 121
4 117 116 119 122
4 118 116 119 120
4 118 116 119 121
4 118 116 119 122
4 116 119 122 123
4 116 119 122 124
11 116 119 122 125
22 116 119 122 125
23 116 119 122 125
24 116 119 122 125
4 120 119 122 123
4 120 119 122 124
4 120 119 122 125
4 121 119 122 123
4 121 119 122 124
4 121 119 122 125
12 119 122 125 126
12 119 122 125 127
12 119 122 125 128
12 123 122 125 126
12 123 122 125 127
12 123 122 125 128
12 124 122 125 126
12 124 122 125 127
12 124 122 125 128
