  12        -0.348049       -1.151240       -8.280320
  7         -0.856617       -1.319490       -9.133700
  3         -0.885024       -1.692300       -7.140320
  13        -1.964260       -2.274710       -7.147470
  5         -0.163201       -1.456020       -5.799920
  10         0.018435       -0.376234       -5.685360
  10         0.813386       -1.979630       -5.826540
  5         -0.942309       -1.860050       -4.529060
  10        -1.891770       -1.279370       -4.477630
  10        -1.210480       -2.939430       -4.575870
  5         -0.129356       -1.603110       -3.258040
  10         0.788155       -2.234170       -3.264270
  10         0.193404       -0.540076       -3.232830
  5         -0.926406       -1.889800       -1.988720
  10        -1.846860       -1.262750       -1.985410
  10        -1.238170       -2.958140       -1.984940
  5         -0.130541       -1.596580       -0.720977
  10         0.802913       -2.203600       -0.711913
  10         0.163252       -0.525751       -0.720224
  5         -0.942303       -1.888860        0.534415
  10        -1.861420       -1.260710        0.529439
  10        -1.253990       -2.956490        0.528326
  5         -0.155239       -1.609700        1.806230
  10         0.770437       -2.227940        1.818540
  10         0.152464       -0.542945        1.808580
  5         -0.977336       -1.897000        3.056660
  10        -1.900440       -1.274450        3.039290
  10        -1.283000       -2.966780        3.054400
  5         -0.198440       -1.599540        4.332100
  10         0.737470       -2.202420        4.346060
  10         0.092446       -0.527502        4.324390
  5         -1.012840       -1.890530        5.589450
  10        -1.948540       -1.287650        5.562950
  10        -1.296230       -2.966190        5.595130
  5         -0.239154       -1.562610        6.864010
  10         0.709059       -2.145320        6.881390
  10         0.030634       -0.485545        6.839410
  5         -1.044140       -1.851660        8.131380
  10        -1.993410       -1.271710        8.092800
  10        -1.302580       -2.933210        8.152400
  5         -0.284640       -1.485460        9.409990
  10         0.671864       -2.053920        9.440390
  10        -0.028557       -0.406110        9.363060
  5         -1.091440       -1.764590       10.684800
  10        -2.060380       -1.218520       10.628300
  10        -1.318320       -2.853350       10.722600
  6         -0.358008       -1.355390       11.967500
  11         0.648554       -1.825480       12.013700
  11        -0.231060       -0.252915       12.012400
  11        -0.936184       -1.672390       12.861900
  4          0.958649       -0.436362       -8.424450
  9          1.594450       -0.735972       -7.558930
  5          1.719680       -1.020120       -9.658410
  10         1.072640       -0.992542      -10.563900
  10         2.617420       -0.389315       -9.854710
  14         2.168500       -2.352420       -9.396320
  8          2.392280       -2.752240      -10.241500
  4          0.682396        1.101060       -8.440850
  9         -0.409947        1.310950       -8.356570
  14         1.155940        1.765750       -9.610550
  8          0.942703        2.697230       -9.501820
  15         1.366770        1.669060       -7.210570
  16         2.454700        1.501030       -7.156840
  15         0.718937        2.045080       -6.095290
  16        -0.378618        1.948340       -6.051230
  5          1.434750        2.128640       -4.777220
  10         1.961350        1.162090       -4.597140
  10         2.201910        2.932420       -4.763510
  5          0.444631        2.300390       -3.620730
  10         0.012950        3.324500       -3.667920
  10        -0.393741        1.576350       -3.743170
  5          1.095540        2.062990       -2.251980
  10         1.486040        1.020700       -2.207800
  10         1.961750        2.751020       -2.134820
  5          0.132077        2.267620       -1.080020
  10        -0.290393        3.295170       -1.126860
  10        -0.715108        1.548980       -1.169710
  5          0.822615        2.078310        0.274964
  10         1.286820        1.067360        0.323905
  10         1.641430        2.826350        0.367505
  5         -0.135100        2.235110        1.456640
  10        -0.626538        3.231690        1.401380
  10        -0.932196        1.459870        1.383760
  5          0.576277        2.110050        2.807360
  10         1.100640        1.130330        2.867720
  10         1.349140        2.907150        2.884310
  5         -0.389891        2.228060        3.988000
  10        -0.933110        3.197080        3.917870
  10        -1.143910        1.410930        3.921800
  5          0.320302        2.157530        5.343510
  10         0.895303        1.207350        5.413210
  10         1.050520        2.994320        5.411550
  5         -0.655049        2.237450        6.522500
  10        -1.248600        3.175080        6.440450
  10        -1.364100        1.380650        6.460850
  5          0.057179        2.215270        7.880390
  10         0.681252        1.297170        7.951860
  10         0.744458        3.087730        7.942040
  5         -0.907947        2.250040        9.071310
  10        -1.539750        3.163240        9.000090
  10        -1.586350        1.368950        9.004700
  6         -0.161772        2.232690       10.499800
  11        -0.860703        2.204350       11.384200
  11         0.520270        1.347040       10.647500
  11         0.502249        3.124940       10.682500
