11 1 0 2
12 1 0 50
13 2 0 50
14 0 2 3
16 0 2 4
17 3 2 4
18 2 4 5
18 2 4 6
19 2 4 7
9 5 4 6
10 5 4 7
10 6 4 7
10 4 7 8
10 4 7 9
32 4 7 10
9 8 7 9
10 8 7 10
10 9 7 10
10 7 10 11
10 7 10 12
32 7 10 13
9 11 10 12
10 11 10 13
10 12 10 13
10 10 13 14
10 10 13 15
32 10 13 16
9 14 13 15
10 14 13 16
10 15 13 16
10 13 16 17
10 13 16 18
32 13 16 19
9 17 16 18
10 17 16 19
10 18 16 19
10 16 19 20
10 16 19 21
32 16 19 22
9 20 19 21
10 20 19 22
10 21 19 22
10 19 22 23
10 19 22 24
32 19 22 25
9 23 22 24
10 23 22 25
10 24 22 25
10 22 25 26
10 22 25 27
32 22 25 28
9 26 25 27
10 26 25 28
10 27 25 28
10 25 28 29
10 25 28 30
32 25 28 31
9 29 28 30
10 29 28 31
10 30 28 31
10 28 31 32
10 28 31 33
32 28 31 34
9 32 31 33
10 32 31 34
10 33 31 34
10 31 34 35
10 31 34 36
32 31 34 37
9 35 34 36
10 35 34 37
10 36 34 37
10 34 37 38
10 34 37 39
32 34 37 40
9 38 37 39
10 38 37 40
10 39 37 40
10 37 40 41
10 37 40 42
32 37 40 43
9 41 40 42
10 41 40 43
10 42 40 43
10 40 43 44
10 40 43 45
32 40 43 46
9 44 43 45
22 44 43 46
22 45 43 46
23 43 46 47
23 43 46 48
23 43 46 49
20 47 46 48
20 47 46 49
20 48 46 49
24 0 50 51
25 0 50 52
26 0 50 57
3 51 50 52
29 51 50 57
15 52 50 57
7 50 52 53
7 50 52 54
27 50 52 55
9 53 52 54
28 53 52 55
28 54 52 55
31 52 55 56
29 50 57 58
5 50 57 59
34 50 57 61
28 58 57 59
2 58 57 61
4 59 57 61
6 57 59 60
8 57 61 62
35 57 61 63
36 62 61 63
36 61 63 64
37 61 63 65
38 63 65 66
38 63 65 67
30 63 65 68
9 66 65 67
10 66 65 68
10 67 65 68
10 65 68 69
10 65 68 70
32 65 68 71
9 69 68 70
10 69 68 71
10 70 68 71
10 68 71 72
10 68 71 73
32 68 71 74
9 72 71 73
10 72 71 74
10 73 71 74
10 71 74 75
10 71 74 76
32 71 74 77
9 75 74 76
10 75 74 77
10 76 74 77
10 74 77 78
10 74 77 79
32 74 77 80
9 78 77 79
10 78 77 80
10 79 77 80
10 77 80 81
10 77 80 82
32 77 80 83
9 81 80 82
10 81 80 83
10 82 80 83
10 80 83 84
10 80 83 85
32 80 83 86
9 84 83 85
10 84 83 86
10 85 83 86
10 83 86 87
10 83 86 88
32 83 86 89
9 87 86 88
10 87 86 89
10 88 86 89
10 86 89 90
10 86 89 91
32 86 89 92
9 90 89 91
10 90 89 92
10 91 89 92
10 89 92 93
10 89 92 94
32 89 92 95
9 93 92 94
10 93 92 95
10 94 92 95
10 92 95 96
10 92 95 97
32 92 95 98
9 96 95 97
10 96 95 98
10 97 95 98
10 95 98 99
10 95 98 100
21 95 98 101
9 99 98 100
22 99 98 101
22 100 98 101
23 98 101 102
23 98 101 103
23 98 101 104
20 102 101 103
20 102 101 104
20 103 101 104
