0.000000000000000000e+00 2.418959516800000529e+02 7.313069252000000233e+02
1.002000000000000113e-02 2.345828636000000529e+02 7.313069252000000233e+02
1.998000000000000470e-02 2.272698173600000189e+02 7.313069252000000233e+02
3.000000000000000583e-02 2.199567292800000189e+02 7.313069252000000233e+02
4.002000000000000002e-02 2.126436412000000189e+02 7.313069252000000233e+02
4.998000000000000359e-02 2.053305949600000133e+02 7.313069252000000233e+02
6.000000000000001166e-02 1.980175068800000133e+02 7.313069252000000233e+02
7.002000000000001279e-02 1.907044606400000362e+02 7.313069252000000233e+02
7.998000000000000942e-02 1.833913725600000078e+02 7.313069252000000233e+02
9.000000000000001055e-02 1.760783263200000306e+02 7.313069252000000233e+02
1.000200000000000117e-01 1.687652382400000306e+02 7.313069252000000233e+02
1.099800000000000083e-01 1.614521920000000250e+02 7.313069252000000233e+02
1.200000000000000233e-01 1.541391039200000250e+02 7.313069252000000233e+02
1.300200000000000244e-01 1.468260158400000250e+02 7.313069252000000233e+02
1.399800000000000211e-01 1.395129696000000195e+02 7.313069252000000233e+02
1.500000000000000222e-01 1.321998815200000195e+02 7.313069252000000233e+02
1.600200000000000233e-01 1.248868352800000139e+02 7.313069252000000233e+02
1.699800000000000200e-01 1.175737471999999997e+02 7.313069252000000233e+02
1.800000000000000211e-01 1.102607009600000225e+02 7.313069252000000233e+02
1.900200000000000222e-01 1.029476128800000083e+02 7.313069252000000233e+02
1.999800000000000189e-01 9.563456664000001695e+01 7.313069252000000233e+02
2.100000000000000200e-01 8.832147856000001696e+01 7.313069252000000233e+02
2.200200000000000489e-01 8.100839048000000275e+01 7.313069252000000233e+02
2.299800000000000177e-01 7.369534424000001138e+01 7.313069252000000233e+02
2.400000000000000466e-01 6.638225616000001139e+01 7.313069252000000233e+02
2.500200000000000200e-01 5.906920992000000581e+01 7.313069252000000233e+02
2.599800000000000444e-01 5.175612184000000582e+01 7.313069252000000233e+02
2.700000000000000733e-01 4.444307560000000734e+01 7.313069252000000233e+02
2.800200000000000466e-01 3.712998752000000735e+01 7.313069252000000233e+02
2.899800000000000710e-01 2.981694128000000532e+01 7.313069252000000233e+02
3.000000000000000444e-01 2.250385320000000178e+01 7.313069252000000233e+02
3.100200000000000733e-01 1.519076512000000356e+01 7.313069252000000233e+02
3.199800000000000422e-01 7.877718880000000645e+00 5.832583166666667012e+02
3.300000000000000711e-01 3.525605759999999922e+00 3.798373272000000043e+02
3.400200000000000444e-01 2.809556000000000275e-01 2.745531037333333302e+02
3.499800000000000688e-01 -1.965434000000000125e+00 1.941636802666666881e+02
3.600000000000000422e-01 -3.602298480000000414e+00 1.422999319999999841e+02
3.700200000000000711e-01 -4.811432640000000482e+00 9.834122413333334123e+01
3.799800000000000400e-01 -5.569113200000000319e+00 6.649596333333333575e+01
3.900000000000000688e-01 -6.141358880000001186e+00 4.479076599999999786e+01
4.000200000000000422e-01 -6.464949440000000713e+00 2.846786626666666820e+01
4.099800000000000666e-01 -6.710717600000001504e+00 1.822864200000000068e+01
4.200000000000000400e-01 -6.829501360000000965e+00 4.673528000000000127e+00
4.300200000000000689e-01 -6.804188160000000707e+00 -4.639986266666666914e+00
4.399800000000000377e-01 -6.736742079999999966e+00 -1.453375160000000044e+01
4.500000000000000666e-01 -6.513525680000000762e+00 -2.760289400000000271e+01
4.600200000000000955e-01 -6.184663280000001429e+00 -3.760404866666667090e+01
4.699800000000000644e-01 -5.761451680000001296e+00 -4.699775626666666994e+01
4.800000000000000933e-01 -5.244727680000000447e+00 -5.062312253333332990e+01
4.900200000000000666e-01 -4.748965520000000495e+00 -4.960494613333333547e+01
4.999800000000000910e-01 -4.252617600000000664e+00 -4.477033413333333556e+01
5.100000000000000089e-01 -3.853547680000000586e+00 -3.661125520000000222e+01
5.200200000000000378e-01 -3.520375760000000298e+00 -3.137728040000000007e+01
5.299800000000001177e-01 -3.226031360000000348e+00 -2.173211440000000039e+01
5.400000000000001465e-01 -3.085741840000000291e+00 -1.399234200000000072e+01
5.500200000000000644e-01 -2.946163600000000216e+00 -9.872357199999999722e+00
5.599800000000001443e-01 -2.888298880000000235e+00 -5.885423600000000199e+00
5.700000000000000622e-01 -2.828467680000000595e+00 -3.705629333333333442e+00
5.800200000000000911e-01 -2.814200240000000353e+00 -4.574227733333333212e+00
5.899800000000000599e-01 -2.736963600000000163e+00 -6.249082933333332868e+00
6.000000000000000888e-01 -2.689182320000000015e+00 -5.979563599999999646e+00
6.100200000000000067e-01 -2.617384880000000358e+00 -9.605348266666666746e+00
6.199800000000001976e-01 -2.497094880000000572e+00 -1.042101906666666800e+01
6.300000000000001155e-01 -2.408979840000000205e+00 -8.641633600000000470e+00
6.400200000000000333e-01 -2.324253840000000348e+00 -1.082031213333333319e+01
6.499800000000000022e-01 -2.192583360000000425e+00 -8.840513066666666475e+00
6.600000000000001421e-01 -2.147438000000000180e+00 -6.256195733333333564e+00
6.700200000000000600e-01 -2.067439920000000431e+00 -2.354546000000000028e+00
6.799800000000001399e-01 -2.100368000000000013e+00 -9.731286666666666418e-01
6.900000000000000577e-01 -2.047984320000000302e+00 -2.062851466666666855e+00
7.000200000000001976e-01 -2.059113760000000237e+00 -2.847909333333333293e-01
7.099800000000001665e-01 -2.042294080000000012e+00 -2.371072799999999869e+00
7.200000000000000844e-01 -2.011667200000000211e+00 -2.655305866666666681e+00
7.300200000000000022e-01 -1.989157280000000139e+00 -3.864760800000000440e+00
7.399800000000001932e-01 -1.934388720000000506e+00 -5.541638266666667256e+00
7.500000000000001110e-01 -1.878323120000000346e+00 -4.891096000000000110e+00
7.600200000000000289e-01 -1.836566800000000166e+00 -4.951903466666666809e+00
7.699800000000002198e-01 -1.779287840000000287e+00 -2.888633600000000357e+00
7.800000000000001377e-01 -1.778785760000000327e+00 -2.396804400000000168e+00
7.900200000000000555e-01 -1.731381040000000038e+00 -2.818481866666667113e+00
7.999800000000000244e-01 -1.722427280000000227e+00 -2.678736266666666754e+00
8.100000000000001643e-01 -1.677784000000000164e+00 -3.688196000000000030e+00
8.200200000000000822e-01 -1.648663360000000244e+00 -3.830173066666667125e+00
8.299800000000001621e-01 -1.601174960000000258e+00 -2.623368000000000144e+00
8.400000000000000799e-01 -1.596196000000000170e+00 7.705533333333333679e-02
8.500200000000002198e-01 -1.602723040000000099e+00 -1.855882933333333318e+00
8.599800000000001887e-01 -1.559083920000000179e+00 -5.961921066666667102e+00
8.700000000000001066e-01 -1.483479040000000193e+00 -6.270002933333334028e+00
8.800200000000000244e-01 -1.433689440000000204e+00 -6.162264933333333694e+00
8.899800000000002154e-01 -1.360260240000000120e+00 -8.031885333333333321e+00
9.000000000000001332e-01 -1.273023840000000240e+00 -8.788701200000000213e+00
9.100200000000000511e-01 -1.184490400000000054e+00 -9.084091600000000710e+00
9.199800000000002420e-01 -1.091354560000000085e+00 -9.934001466666666502e+00
9.300000000000001599e-01 -9.857922400000000973e-01 -9.224464799999999798e+00
9.400200000000000777e-01 -9.068820000000000769e-01 -9.082627200000001011e+00
9.499800000000000466e-01 -8.041229600000000532e-01 -1.040525933333333342e+01
9.600000000000001865e-01 -6.987698400000000865e-01 -1.153647346666666706e+01
9.700200000000001044e-01 -5.734172000000000713e-01 -1.051474066666666651e+01
9.799800000000001843e-01 -4.884820000000000273e-01 -9.669502933333333772e+00
9.900000000000001021e-01 -3.800327200000000460e-01 -9.022028933333334777e+00
1.000020000000000131e+00 -3.080260800000000354e-01 -7.893464666666666574e+00
1.009980000000000100e+00 -2.221704000000000456e-01 -8.464371466666666066e+00
1.020000000000000018e+00 -1.387414400000000214e-01 -8.446380266666666969e+00
1.030020000000000158e+00 -5.322048000000000750e-02 -7.303520666666666550e+00
1.039980000000000127e+00 7.322000000000001250e-03 -5.434946266666666581e+00
1.050000000000000266e+00 5.547984000000000249e-02 -2.898396266666666499e+00
1.060020000000000184e+00 6.531224000000000751e-02 -6.440570666666666222e-01
1.069980000000000153e+00 6.836656000000000677e-02 -1.799120000000000233e-02
1.080000000000000293e+00 6.564696000000001808e-02 1.732036533333333406e+00
1.090020000000000211e+00 3.372304000000000274e-02 2.108945200000000408e+00
1.099980000000000180e+00 2.347224000000000185e-02 -1.464400000000000077e-02
1.110000000000000320e+00 3.401592000000000504e-02 -1.713696666666666646e+00
1.120020000000000238e+00 5.773920000000001135e-02 -9.179696000000000522e-01
1.129980000000000206e+00 5.238368000000000885e-02 3.965037333333333303e-01
1.140000000000000124e+00 4.983144000000000462e-02 -1.873734666666666826e-01
1.150020000000000264e+00 5.610744000000000842e-02 1.992281333333333349e-01
1.159980000000000233e+00 4.585664000000000406e-02 1.887541866666666568e+00
1.170000000000000151e+00 1.836776000000000381e-02 2.163197733333333428e+00
1.180020000000000069e+00 2.594080000000000344e-03 9.071609333333333636e-01
1.189980000000000260e+00 2.092000000000000164e-04 1.287974666666666657e-01
1.200000000000000178e+00 0.000000000000000000e+00 2.217520000000000255e-02
