0.000000000000000000e+00 1.198606639705193447e+04 1.865970771343198430e+05
1.000000000000000194e-02 1.012009562570873641e+04 1.721705319964005321e+05
2.000000000000000389e-02 8.542655757123922740e+03 1.455404566025180393e+05
3.000000000000000583e-02 7.209286493658374638e+03 1.230144758053984697e+05
4.000000000000000777e-02 6.082366241015954074e+03 1.039612654789683438e+05
5.000000000000000278e-02 5.130061184079007944e+03 8.784652287980659457e+04
6.000000000000001166e-02 4.325435783419821746e+03 7.421806396899979154e+04
7.000000000000000666e-02 3.645699904699011768e+03 6.269320921690756950e+04
8.000000000000001554e-02 3.071571599081670684e+03 5.294810651495878119e+04
9.000000000000001055e-02 2.586737774399836326e+03 4.470869376537358767e+04
1.000000000000000056e-01 2.177397723774198766e+03 3.774304938432647759e+04
1.100000000000000144e-01 1.831876786713306728e+03 3.185491760803203579e+04
1.200000000000000233e-01 1.540299371613558151e+03 2.687822821082611335e+04
1.300000000000000322e-01 1.294312222496784443e+03 2.267245794059618856e+04
1.400000000000000133e-01 1.086850212801634370e+03 1.911870442106632981e+04
1.500000000000000222e-01 9.119381340754576968e+02 1.611636311527927683e+04
1.600000000000000311e-01 7.645229504960486793e+02 1.358031474269851788e+04
1.700000000000000122e-01 6.403318392214873711e+02 1.143854476144228283e+04
1.800000000000000211e-01 5.357520552672031044e+02 9.630128563186959582e+03
1.900000000000000300e-01 4.477292679577481636e+02 8.103526216398771794e+03
2.000000000000000111e-01 3.736815309392276276e+02 6.815139217465186448e+03
2.100000000000000200e-01 3.114264836084444710e+02 5.728089009148689001e+03
2.200000000000000289e-01 2.591197507562538362e+02 4.811183204855496115e+03
2.300000000000000100e-01 2.152028195113345248e+02 4.038040687568828162e+03
2.400000000000000466e-01 1.783589370048772480e+02 3.386351179593954839e+03
2.500000000000000555e-01 1.474757959194554360e+02 2.837248626794088068e+03
2.600000000000000644e-01 1.216139644689954764e+02 2.374780913126251562e+03
2.700000000000000733e-01 9.998017765693039394e+01 1.985461106355046013e+03
2.800000000000000266e-01 8.190474234189454705e+01 1.657887708610617210e+03
2.900000000000000355e-01 6.682242348471804405e+01 1.382423309262340126e+03
3.000000000000000444e-01 5.425627615664774339e+01 1.150922665983168599e+03
3.099999999999999978e-01 4.380397016505467178e+01 1.317414143960076444e+03
3.200000000000000622e-01 2.790799327744621294e+01 1.422456599831500625e+03
3.300000000000000711e-01 1.535483816842465465e+01 1.021415563691091165e+03
3.400000000000000244e-01 7.479682003624389175e+00 4.281036950697313159e+02
3.500000000000000888e-01 6.792764267030028336e+00 1.398094797218926431e+02
3.600000000000000422e-01 4.683492409186536420e+00 1.137992581022692065e+02
3.700000000000000511e-01 4.516779104984643745e+00 3.347782907818027098e+01
3.800000000000000600e-01 4.013935827622931107e+00 5.370316992991381966e+01
3.900000000000000688e-01 3.442715706386367369e+00 5.627023007412132216e+01
4.000000000000000222e-01 2.888531226140504060e+00 5.355575377208221965e+01
4.100000000000000866e-01 2.371600630944723065e+00 4.939559994483104077e+01
4.200000000000000400e-01 1.900619227243883547e+00 4.502278490973115765e+01
4.300000000000000488e-01 1.471144932750099832e+00 4.153434092112513554e+01
4.400000000000000577e-01 1.069932408821380854e+00 3.871958228813443981e+01
4.500000000000000666e-01 6.967532869874109025e-01 3.553350111095561203e+01
4.600000000000000200e-01 3.592623866022683909e-01 3.185356869933760038e+01
4.700000000000000844e-01 5.968191300065883026e-02 2.826613547367649204e+01
4.800000000000000933e-01 -2.060603228712615531e-01 2.521915338443412935e+01
4.900000000000000466e-01 -4.447011546880237920e-01 2.252901702886407165e+01
5.000000000000001110e-01 -6.566406634485429938e-01 1.961217339154664785e+01
5.100000000000000089e-01 -8.369446225189568489e-01 1.665655045133915380e+01
5.200000000000001288e-01 -9.897716724753260475e-01 1.442534194928892255e+01
5.300000000000000266e-01 -1.125451461504735295e+00 1.278800828618003216e+01
5.400000000000001465e-01 -1.245531838198926877e+00 1.093464394268137774e+01
5.500000000000000444e-01 -1.344144340358362832e+00 8.676036713398994848e+00
5.600000000000000533e-01 -1.419052572466906748e+00 6.502559052688505759e+00
5.700000000000000622e-01 -1.474195521412132948e+00 4.749015801622888944e+00
5.800000000000000711e-01 -1.514032888499364349e+00 3.352800646488359959e+00
5.900000000000000799e-01 -1.541251534341900209e+00 2.236119074941408602e+00
6.000000000000000888e-01 -1.558755269998192583e+00 1.279313644131925276e+00
6.100000000000000977e-01 -1.566837807224538581e+00 1.454730003287786344e-01
6.199999999999999956e-01 -1.561664730004768131e+00 -1.215156845453698731e+00
6.300000000000001155e-01 -1.542534670315464762e+00 -2.314537520242103241e+00
6.400000000000001243e-01 -1.515373979599926146e+00 -2.864191961314848101e+00
6.500000000000000222e-01 -1.485250831089167667e+00 -3.203086576942516306e+00
6.600000000000001421e-01 -1.451312248061075838e+00 -3.796790538447598617e+00
6.700000000000001510e-01 -1.409315020320215828e+00 -4.670367648466857702e+00
6.800000000000000488e-01 -1.357904895091738728e+00 -5.549396801536710555e+00
6.900000000000000577e-01 -1.298327084289481625e+00 -6.311383537468985061e+00
7.000000000000001776e-01 -1.231677224342358823e+00 -6.914681344221991210e+00
7.100000000000000755e-01 -1.160033457405041712e+00 -7.224129774352509692e+00
7.200000000000000844e-01 -1.087194628855308709e+00 -7.292992309840208520e+00
7.300000000000000933e-01 -1.014173611208237569e+00 -7.398151460519651224e+00
7.400000000000001021e-01 -9.392315996449156490e-01 -7.579171726753713756e+00
7.500000000000001110e-01 -8.625901766731631781e-01 -7.573664498461889494e+00
7.600000000000001199e-01 -7.877583096756778369e-01 -7.260685708493607393e+00
7.700000000000000178e-01 -7.173764625032910125e-01 -6.780938700541999431e+00
7.800000000000001377e-01 -6.521395356648378439e-01 -6.252910336332750951e+00
7.900000000000001465e-01 -5.923182557766359935e-01 -5.765933705270597009e+00
8.000000000000000444e-01 -5.368208615594258770e-01 -5.476522864612557662e+00
8.100000000000001643e-01 -4.827877984843849113e-01 -5.325355938412014822e+00
8.200000000000001732e-01 -4.303137427911856161e-01 -5.005620545462821092e+00
8.300000000000000711e-01 -3.826753875751284784e-01 -4.431037869854666411e+00
8.400000000000000799e-01 -3.416929853940922635e-01 -3.833915005411346222e+00
8.500000000000001998e-01 -3.059970874669015184e-01 -3.418322609206223106e+00
8.600000000000000977e-01 -2.733265332099678036e-01 -3.197954974672531758e+00
8.700000000000001066e-01 -2.420379879734508854e-01 -3.100109026269659118e+00
8.800000000000001155e-01 -2.113243526845746123e-01 -3.054825353441816382e+00
8.900000000000001243e-01 -1.809414809046145656e-01 -3.014454358314879734e+00
9.000000000000001332e-01 -1.510352655182770065e-01 -2.871621620622994975e+00
9.100000000000001421e-01 -1.235090484921546605e-01 -2.499265480797394190e+00
9.200000000000000400e-01 -1.010499559023291249e-01 -1.989847135532030187e+00
9.300000000000001599e-01 -8.371210578151405679e-02 -1.575825272805120525e+00
9.400000000000001688e-01 -6.953345044622670501e-02 -1.290086441791389316e+00
9.500000000000000666e-01 -5.791037694568626493e-02 -1.027113980172418950e+00
9.600000000000001865e-01 -4.899117084277831990e-02 -8.243329862591414203e-01
9.700000000000001954e-01 -4.142371722050343374e-02 -7.250181553868138007e-01
9.800000000000000933e-01 -3.449080773504204639e-02 -5.862123140077900585e-01
9.900000000000001021e-01 -2.969947094034763174e-02 -3.345964055841967877e-01
1.000000000000000222e+00 -2.779887962335811022e-02 -1.083165649914114848e-01
1.010000000000000231e+00 -2.753313964051940302e-02 1.595535567204216243e-02
1.020000000000000018e+00 -2.811798673679895277e-02 8.345436672918421506e-02
1.030000000000000027e+00 -2.920222697510308635e-02 9.653455390355966670e-02
1.040000000000000258e+00 -3.004867781487014639e-02 5.500415380028791934e-02
1.050000000000000266e+00 -3.030231005110884529e-02 1.536911924156753387e-02
1.060000000000000053e+00 -3.035606019970149907e-02 1.211380248667350001e-02
1.070000000000000062e+00 -3.054458610084231571e-02 1.461225470859690151e-02
1.080000000000000293e+00 -3.064830529387343669e-02 -1.629873208948165453e-02
1.090000000000000080e+00 -3.021861145905268414e-02 -7.877123367479199612e-02
1.100000000000000089e+00 -2.907288062037759538e-02 -1.373978918579410458e-01
1.110000000000000098e+00 -2.747065362189386045e-02 -1.689720851449389993e-01
1.120000000000000107e+00 -2.569343891747881761e-02 -1.904751253306763425e-01
1.130000000000000115e+00 -2.366115111528033568e-02 -2.255121542917831456e-01
1.140000000000000124e+00 -2.118319583164315206e-02 -2.693193132837091719e-01
1.150000000000000133e+00 -1.827476484960615169e-02 -3.119014157715450652e-01
1.160000000000000142e+00 -1.494516751621225055e-02 -8.435699783335736113e-01
1.170000000000000151e+00 -1.403365282934678892e-03 -7.329545683566539571e-01
1.180000000000000160e+00 -2.860761490791696531e-04 -6.677109751006639338e-02
1.190000000000000169e+00 -6.794333273335079670e-05 -1.430380745395848363e-02
1.200000000000000178e+00 0.000000000000000000e+00 -6.794333273335079887e-03
