0.000000000000000000e+00 2.081145362881290168e+02 7.359743866813188333e+02
1.000000000000000194e-02 2.007547924213158126e+02 7.359743866813176965e+02
2.000000000000000389e-02 1.933950485545026368e+02 7.359743866813176965e+02
3.000000000000000583e-02 1.860353046876894609e+02 7.359743866813188333e+02
4.000000000000000777e-02 1.786755608208762851e+02 7.359743866813188333e+02
5.000000000000000278e-02 1.713158169540630809e+02 7.359743866813176965e+02
6.000000000000001166e-02 1.639560730872499050e+02 7.359743866813188333e+02
7.000000000000000666e-02 1.565963292204367008e+02 7.359743866813188333e+02
8.000000000000001554e-02 1.492365853536235534e+02 7.359743866813188333e+02
9.000000000000001055e-02 1.418768414868103207e+02 7.359743866813176965e+02
1.000000000000000056e-01 1.345170976199972017e+02 7.359743866813176965e+02
1.100000000000000144e-01 1.271573537531839690e+02 7.359743866813200839e+02
1.200000000000000233e-01 1.197976098863707932e+02 7.359743866813188333e+02
1.300000000000000322e-01 1.124378660195576032e+02 7.359743866813176965e+02
1.400000000000000133e-01 1.050781221527444274e+02 7.359743866813176965e+02
1.500000000000000222e-01 9.771837828593125153e+01 7.359743866813188333e+02
1.600000000000000311e-01 9.035863441911806149e+01 7.359743866813188333e+02
1.700000000000000122e-01 8.299889055230487145e+01 7.359743866813176965e+02
1.800000000000000211e-01 7.563914668549169562e+01 7.359743866813176965e+02
1.900000000000000300e-01 6.827940281867851979e+01 7.359743866813188333e+02
2.000000000000000111e-01 6.091965895186532265e+01 7.359743866813181512e+02
2.100000000000000200e-01 5.355991508505214682e+01 7.359743866813178101e+02
2.200000000000000289e-01 4.620017121823896389e+01 7.359743866813181512e+02
2.300000000000000100e-01 3.884042735142578096e+01 7.359743866813194018e+02
2.400000000000000466e-01 3.148068348461257671e+01 7.359743866813194018e+02
2.500000000000000555e-01 2.412093961779939377e+01 7.359743866813181512e+02
2.600000000000000644e-01 1.676119575098621084e+01 7.359743866813181512e+02
2.700000000000000733e-01 9.401451884173027906e+00 5.354324782157942764e+02
2.800000000000000266e-01 6.052546186670324957e+00 2.750225123448662998e+02
2.900000000000000355e-01 3.901001637275701928e+00 1.848382415846852496e+02
3.000000000000000444e-01 2.355781354976619557e+00 1.353180334744090203e+02
3.099999999999999978e-01 1.194640967787521602e+00 1.030695132884402199e+02
3.200000000000000622e-01 2.943910892078148156e-01 8.073418916316705918e+01
3.300000000000000711e-01 -4.200428154758196753e-01 6.434437924805445164e+01
3.400000000000000244e-01 -9.924964957532742549e-01 5.051929596185890858e+01
3.500000000000000888e-01 -1.430428734712997807e+00 3.637414532028041236e+01
3.600000000000000422e-01 -1.719979402158882564e+00 2.055978710522966324e+01
3.700000000000000511e-01 -1.841624476817591116e+00 3.741997348968500781e+00
3.800000000000000600e-01 -1.794819349138252695e+00 -1.232122870428106154e+01
3.900000000000000688e-01 -1.595199902731969877e+00 -2.554388215638418203e+01
4.000000000000000222e-01 -1.283941706010568895e+00 -3.331816849446003914e+01
4.100000000000000866e-01 -9.288365328427691248e-01 -3.287148188280170302e+01
4.200000000000000400e-01 -6.265120683545348790e-01 -2.431023705893576903e+01
4.300000000000000488e-01 -4.426317916640537531e-01 -1.249525403191721651e+01
4.400000000000000577e-01 -3.766069877161905000e-01 -3.650048041146177979e+00
4.500000000000000666e-01 -3.696308308411301868e-01 -4.840810178785824591e-02
4.600000000000000200e-01 -3.756388256804333303e-01 4.482523783652806459e-01
4.700000000000000844e-01 -3.785958784084358375e-01 2.873825951409885726e-01
4.800000000000000933e-01 -3.813864775832531140e-01 -8.021720565590896579e-02
4.900000000000000466e-01 -3.769915342953176207e-01 -1.110334836835276118e+00
5.000000000000001110e-01 -3.591797808465475583e-01 -2.676636988843633880e+00
5.100000000000000089e-01 -3.234587945184449476e-01 -4.397502832885987978e+00
5.200000000000001288e-01 -2.712297241888277921e-01 -5.881318103174220546e+00
5.300000000000000266e-01 -2.058324324549605511e-01 -6.879386078435717700e+00
5.400000000000001465e-01 -1.336420026201134148e-01 -7.230150114384143123e+00
5.500000000000000444e-01 -6.122943016727765836e-02 -7.004703721964608221e+00
5.600000000000000533e-01 6.452071819178744998e-03 -6.590961153556141205e+00
5.700000000000000622e-01 7.058979290384517769e-02 -6.458688125033497762e+00
5.800000000000000711e-01 1.356258343198487037e-01 -6.529934692014283115e+00
5.900000000000000799e-01 2.011884867441308677e-01 -6.384899381876721236e+00
6.000000000000000888e-01 2.633238219573831307e-01 -5.938151153741870303e+00
6.100000000000000977e-01 3.199515098189683049e-01 -5.225469962044209105e+00
6.199999999999999956e-01 3.678332211982673350e-01 -4.181366832808709688e+00
6.300000000000001155e-01 4.035788464751424720e-01 -2.716998955908167979e+00
6.400000000000001243e-01 4.221732003164306857e-01 -9.228314739532679223e-01
6.500000000000000222e-01 4.220354759542078726e-01 8.377780367705721654e-01
6.600000000000001421e-01 4.054176395810192290e-01 2.289508174743436708e+00
6.700000000000001510e-01 3.762453124593391207e-01 3.394116186934442059e+00
6.800000000000000488e-01 3.375353158423304301e-01 4.138830036158399395e+00
6.900000000000000577e-01 2.934687117361711173e-01 4.488063927247496032e+00
7.000000000000001776e-01 2.477740372973804561e-01 4.554897492883902110e+00
7.100000000000000755e-01 2.023707618784930662e-01 4.549281051649643359e+00
7.200000000000000844e-01 1.567884162643875812e-01 4.628686084989473315e+00
7.300000000000000933e-01 1.097970401787035921e-01 4.789237405569864769e+00
7.400000000000001021e-01 6.100366815299027717e-02 4.936847114354254273e+00
7.500000000000001110e-01 1.106009789161850436e-02 4.915404938987938621e+00
7.600000000000001199e-01 -3.730443062676849081e-02 4.656375639179512582e+00
7.700000000000000178e-01 -8.206741489197175166e-02 4.071505316098446237e+00
7.800000000000001377e-01 -1.187345369487374375e-01 3.161543644978883627e+00
7.900000000000001465e-01 -1.452982877915494353e-01 2.188545229886366350e+00
8.000000000000000444e-01 -1.625054415464647628e-01 1.536409474394940800e+00
8.100000000000001643e-01 -1.760264772794482568e-01 1.363974603705515154e+00
8.200000000000001732e-01 -1.897849336205750803e-01 1.523226113777337742e+00
8.300000000000000711e-01 -2.064909995549950028e-01 1.769761487487742757e+00
8.400000000000000799e-01 -2.251801633703299221e-01 1.900815596802948093e+00
8.500000000000001998e-01 -2.445073114910539525e-01 1.821438253959326348e+00
8.600000000000000977e-01 -2.616089284495164424e-01 1.543574458897250867e+00
8.700000000000001066e-01 -2.753788006689990020e-01 1.117643473286225042e+00
8.800000000000001155e-01 -2.839617979152409544e-01 5.263369746740585997e-01
8.900000000000001243e-01 -2.859055401624801540e-01 -2.021313638969953475e-01
9.000000000000001332e-01 -2.799191706373010402e-01 -1.042749086701117989e+00
9.100000000000001421e-01 -2.650505584284578164e-01 -1.950795368144689679e+00
9.200000000000000400e-01 -2.409032632744072533e-01 -2.800560892369353461e+00
9.300000000000001599e-01 -2.090393405810707095e-01 -3.418930384833661407e+00
9.400000000000001688e-01 -1.725246555777340263e-01 -3.704291619607896990e+00
9.500000000000000666e-01 -1.349535081889127741e-01 -3.697774982437971314e+00
9.600000000000001865e-01 -9.856915592897459721e-02 -3.529983308402801168e+00
9.700000000000001954e-01 -6.435384202085675520e-02 -3.298872983251030178e+00
9.800000000000000933e-01 -3.259169626395399394e-02 -3.062197675931506158e+00
9.900000000000001021e-01 -3.109888502226632132e-03 -2.854225084211688745e+00
1.000000000000000222e+00 2.449280542027977917e-02 -2.637618113053138647e+00
1.010000000000000231e+00 4.964247375883614616e-02 -2.350145284562203063e+00
1.020000000000000018e+00 7.149571111152383529e-02 -1.970881033127652504e+00
1.030000000000000027e+00 8.906009442138919374e-02 -1.480513492274275533e+00
1.040000000000000258e+00 1.011059809570093448e-01 -8.678164619990342832e-01
1.050000000000000266e+00 1.064164236613698855e-01 -1.988020338315314994e-01
1.060000000000000053e+00 1.050820216336399715e-01 4.369574618448125447e-01
1.070000000000000062e+00 9.767727442447363129e-02 9.326906084355994775e-01
1.080000000000000293e+00 8.642820946492799083e-02 1.165142759949596041e+00
1.090000000000000080e+00 7.437441922548169992e-02 1.136224429116436729e+00
1.100000000000000089e+00 6.370372088259924903e-02 9.880865865216603705e-01
1.110000000000000098e+00 5.461268749504849529e-02 8.713428085110505039e-01
1.120000000000000107e+00 4.627686471237824062e-02 8.552428435492838155e-01
1.130000000000000115e+00 3.750783062406282120e-02 9.142852171114399518e-01
1.140000000000000124e+00 2.799116037014943645e-02 9.626305065694183982e-01
1.150000000000000133e+00 1.825522049267444893e-02 9.239116484157554599e-01
1.160000000000000142e+00 9.512927401834327112e-03 8.963734192930901123e-01
1.170000000000000151e+00 3.277521068126471623e-04 4.800106575670795572e-01
1.180000000000000160e+00 -8.728574950726572892e-05 1.714939261800843204e-02
1.190000000000000169e+00 -1.523574554752151292e-05 -4.364287475363286609e-03
1.200000000000000178e+00 0.000000000000000000e+00 -1.523574554752151313e-03
