0.000000000000000000e+00 3.247419917714222493e+02 8.425245636452443705e+02
1.000000000000000194e-02 3.163167461349697760e+02 8.425245636452420968e+02
2.000000000000000389e-02 3.078915004985173596e+02 8.425245636452443705e+02
3.000000000000000583e-02 2.994662548620648863e+02 8.425245636452443705e+02
4.000000000000000777e-02 2.910410092256124699e+02 8.425245636452420968e+02
5.000000000000000278e-02 2.826157635891600535e+02 8.425245636452420968e+02
6.000000000000001166e-02 2.741905179527076371e+02 8.425245636452420968e+02
7.000000000000000666e-02 2.657652723162552206e+02 8.425245636452443705e+02
8.000000000000001554e-02 2.573400266798027474e+02 8.425245636452443705e+02
9.000000000000001055e-02 2.489147810433503025e+02 8.425245636452420968e+02
1.000000000000000056e-01 2.404895354068979145e+02 8.425245636452443705e+02
1.100000000000000144e-01 2.320642897704454128e+02 8.425245636452443705e+02
1.200000000000000233e-01 2.236390441339930248e+02 8.425245636452420968e+02
1.300000000000000322e-01 2.152137984975405800e+02 8.425245636452443705e+02
1.400000000000000133e-01 2.067885528610881352e+02 8.425245636452443705e+02
1.500000000000000222e-01 1.983633072246356903e+02 8.425245636452433473e+02
1.600000000000000311e-01 1.899380615881832739e+02 8.425245636452420968e+02
1.700000000000000122e-01 1.815128159517308575e+02 8.425245636452433473e+02
1.800000000000000211e-01 1.730875703152784126e+02 8.425245636452433473e+02
1.900000000000000300e-01 1.646623246788259962e+02 8.425245636452433473e+02
2.000000000000000111e-01 1.562370790423735514e+02 8.425245636452433473e+02
2.100000000000000200e-01 1.478118334059211065e+02 8.425245636452433473e+02
2.200000000000000289e-01 1.393865877694686617e+02 8.425245636452433473e+02
2.300000000000000100e-01 1.309613421330162453e+02 8.425245636452443705e+02
2.400000000000000466e-01 1.225360964965637862e+02 8.425245636452443705e+02
2.500000000000000555e-01 1.141108508601113556e+02 8.425245636452420968e+02
2.600000000000000644e-01 1.056856052236589392e+02 8.425245636452433473e+02
2.700000000000000733e-01 9.726035958720649433e+01 8.425245636452433473e+02
2.800000000000000266e-01 8.883511395075407791e+01 8.425245636452433473e+02
2.900000000000000355e-01 8.040986831430163306e+01 8.425245636452433473e+02
3.000000000000000444e-01 7.198462267784920243e+01 8.425245636452414146e+02
3.099999999999999978e-01 6.355937704139680022e+01 8.425245636452433473e+02
3.200000000000000622e-01 5.513413140494434117e+01 8.425245636452461895e+02
3.300000000000000711e-01 4.670888576849187501e+01 8.425245636452433473e+02
3.400000000000000244e-01 3.828364013203947280e+01 8.425245636452430062e+02
3.500000000000000888e-01 2.985839449558701375e+01 7.226018569177598465e+02
3.600000000000000422e-01 2.383160299368427815e+01 5.573000779325435587e+02
3.700000000000000511e-01 1.871239293693614059e+01 4.518500893381030892e+02
3.800000000000000600e-01 1.479460120692221459e+01 3.504414238499263092e+02
3.900000000000000688e-01 1.170356445993761341e+01 2.802208580317811197e+02
4.000000000000000222e-01 9.190184046286592690e+00 2.295204232394889914e+02
4.100000000000000866e-01 7.113155995147833366e+00 1.902283974081857707e+02
4.200000000000000400e-01 5.385616098122875783e+00 1.589321062830683218e+02
4.300000000000000488e-01 3.934513869486467197e+00 1.332912511085273195e+02
4.400000000000000577e-01 2.719791075952329606e+00 1.110901945709490946e+02
4.500000000000000666e-01 1.712709978067484817e+00 9.132701353329396454e+01
4.600000000000000200e-01 8.932508052864500669e-01 7.399450321593695890e+01
4.700000000000000844e-01 2.328199137487457215e-01 5.931890544358174822e+01
4.800000000000000933e-01 -2.931273035851851838e-01 4.693473939405768647e+01
4.900000000000000466e-01 -7.058748741324082365e-01 3.639772798386022856e+01
5.000000000000001110e-01 -1.021081863262389922e+00 2.727715621283356384e+01
5.100000000000000089e-01 -1.251417998389079411e+00 1.915017321687822971e+01
5.200000000000001288e-01 -1.404085327599954525e+00 1.182810781612663753e+01
5.300000000000000266e-01 -1.487980154711612268e+00 5.557099014106329449e+00
5.400000000000001465e-01 -1.515227307882081043e+00 4.796775894831500353e-01
5.500000000000000444e-01 -1.497573706501275304e+00 -3.306971616173286055e+00
5.600000000000000533e-01 -1.449087875558615401e+00 -5.724842751737004853e+00
5.700000000000000622e-01 -1.383076851466535029e+00 -6.955415588167830343e+00
5.800000000000000711e-01 -1.309979563795258706e+00 -7.436009678366422904e+00
5.900000000000000799e-01 -1.234356657899206677e+00 -7.564152271710346653e+00
6.000000000000000888e-01 -1.158696518361051808e+00 -7.582393161375875046e+00
6.100000000000000977e-01 -1.082708794671689123e+00 -7.545801796238587045e+00
6.199999999999999956e-01 -1.007780482436279934e+00 -7.454706361964443140e+00
6.300000000000001155e-01 -9.336146674324002914e-01 -7.336213903831366956e+00
6.400000000000001243e-01 -8.610562043596526882e-01 -7.137060871133330764e+00
6.500000000000000222e-01 -7.908734500097336362e-01 -6.871953709372550456e+00
6.600000000000001421e-01 -7.236171301722016391e-01 -6.595893745016784493e+00
6.700000000000001510e-01 -6.589555751093979508e-01 -6.294716885339541435e+00
6.800000000000000488e-01 -5.977227924654108238e-01 -5.833368262812936855e+00
6.900000000000000577e-01 -5.422882098531391915e-01 -5.209822362478313984e+00
7.000000000000001776e-01 -4.935263452158445419e-01 -4.521150692645618641e+00
7.100000000000000755e-01 -4.518651960002268431e-01 -3.874801441722058204e+00
7.200000000000000844e-01 -4.160303163814033645e-01 -3.316186469777629764e+00
7.300000000000000933e-01 -3.855414666046742544e-01 -2.921408007677190444e+00
7.400000000000001021e-01 -3.576021562278595689e-01 -2.700815830210128166e+00
7.500000000000001110e-01 -3.315251500004716689e-01 -2.549883595768128064e+00
7.600000000000001199e-01 -3.066044843124969832e-01 -2.439906034546050595e+00
7.700000000000000178e-01 -2.827270293095506815e-01 -2.427978125006874155e+00
7.800000000000001377e-01 -2.580449218123594957e-01 -2.450343687224828315e+00
7.900000000000001465e-01 -2.337201555650540996e-01 -2.314290654163354777e+00
8.000000000000000444e-01 -2.117591087290923990e-01 -1.964223248249625131e+00
8.100000000000001643e-01 -1.944356906000616059e-01 -1.487414265156361992e+00
8.200000000000001732e-01 -1.820108234259651403e-01 -1.067603071200377896e+00
8.300000000000000711e-01 -1.730836291760540491e-01 -8.364501821103375034e-01
8.400000000000000799e-01 -1.652818197837583880e-01 -8.102249675530733830e-01
8.500000000000001998e-01 -1.568791298249925803e-01 -8.097524961735168558e-01
8.600000000000000977e-01 -1.490867698602880709e-01 -7.061430019441965467e-01
8.700000000000001066e-01 -1.427562697861086416e-01 -5.935218940375646124e-01
8.800000000000001155e-01 -1.372163319795367542e-01 -5.951765996454555507e-01
8.900000000000001243e-01 -1.308527377931995306e-01 -6.759545377859353943e-01
9.000000000000001332e-01 -1.236972412238180608e-01 -7.992097968265827745e-01
9.100000000000001421e-01 -1.148685418566678801e-01 -9.594227569768729591e-01
9.200000000000000400e-01 -1.045087860842806027e-01 -1.068922923447486184e+00
9.300000000000001599e-01 -9.349008338771815085e-02 -1.041137334541362813e+00
9.400000000000001688e-01 -8.368603939345334308e-02 -9.328641401258581656e-01
9.500000000000000666e-01 -7.483280058520098976e-02 -8.625423564267545862e-01
9.600000000000001865e-01 -6.643519226491824414e-02 -8.156202042961284704e-01
9.700000000000001954e-01 -5.852039649927841952e-02 -7.473375634496305375e-01
9.800000000000000933e-01 -5.148844099592563700e-02 -6.616460436134461442e-01
9.900000000000001021e-01 -4.528747562700949358e-02 -5.626059699128272973e-01
1.000000000000000222e+00 -4.023632159766909328e-02 -4.169737493570497833e-01
1.010000000000000231e+00 -3.694800063986850014e-02 -2.593948744565892084e-01
1.020000000000000018e+00 -3.504842410853730578e-02 -1.354648884931350661e-01
1.030000000000000027e+00 -3.423870287000579937e-02 -6.264007401308066547e-02
1.040000000000000258e+00 -3.379562262827569274e-02 -5.564888007684261340e-02
1.050000000000000266e+00 -3.312572526846895016e-02 -1.280673473894289038e-01
1.060000000000000053e+00 -3.123427568048711689e-02 -2.359731655908902659e-01
1.070000000000000062e+00 -2.840626195665114234e-02 -3.040368289990973416e-01
1.080000000000000293e+00 -2.515353910050516922e-02 -3.105973168071423096e-01
1.090000000000000080e+00 -2.219431562050829670e-02 -2.774331662422153677e-01
1.100000000000000089e+00 -1.960487577566086270e-02 -2.182284161356236318e-01
1.110000000000000098e+00 -1.782974729779582268e-02 -1.549429007074021314e-01
1.120000000000000107e+00 -1.650601776151281938e-02 -1.202157230507526625e-01
1.130000000000000115e+00 -1.542543283678076901e-02 -1.118832143619506725e-01
1.140000000000000124e+00 -1.426835347427380697e-02 -1.251368904053310471e-01
1.150000000000000133e+00 -1.292269502867414779e-02 -1.580864935086235545e-01
1.160000000000000142e+00 -1.110662360410133442e-02 -4.141928613655635472e-01
1.170000000000000151e+00 -4.638837801362876052e-03 -5.188242512124302541e-01
1.180000000000000160e+00 -7.301385798527301437e-04 -2.285580824056420435e-01
1.190000000000000169e+00 -6.767615325003547178e-05 -3.650692899263650870e-02
1.200000000000000178e+00 0.000000000000000000e+00 -6.767615325003546907e-03
