0.000000000000000000e+00 3.670181148312424739e+03 6.146774935342096433e+04
1.000000200000000262e-02 3.099587903017056306e+03 5.265089970565264957e+04
1.999999800000000494e-02 2.617163154196024152e+03 4.451311058521485393e+04
3.000000000000000583e-02 2.209325691312480103e+03 3.762901147994365601e+04
4.000000200000000672e-02 1.864582924601056220e+03 3.180578700290991037e+04
4.999999800000000383e-02 1.573209951251632219e+03 2.688025052185833192e+04
6.000000000000001166e-02 1.326977914163192054e+03 2.271429335963573249e+04
7.000000200000000561e-02 1.118924084060312225e+03 1.919103280494638602e+04
7.999999800000001660e-02 9.431572580632880545e+02 1.621155163892468045e+04
9.000000000000001055e-02 7.946930512814001304e+02 1.369213835589022710e+04
1.000000020000000045e-01 6.693144909453441187e+02 1.156195120041650625e+04
1.099999980000000155e-01 5.634540272725121213e+02 9.761040945894106699e+03
1.200000000000000233e-01 4.740936720269040734e+02 8.238677331126773424e+03
1.300000020000000311e-01 3.986804806522080185e+02 6.951932528255080797e+03
1.399999980000000144e-01 3.350550214613840581e+02 5.864482174384520476e+03
1.500000000000000222e-01 2.813908371649360447e+02 4.945590558940200026e+03
1.600000020000000300e-01 2.361432102846720511e+02 4.169251688005640062e+03
1.699999980000000133e-01 1.980058034035680237e+02 3.513462289051413336e+03
1.800000000000000211e-01 1.658739645025279970e+02 2.959606494385106998e+03
1.900000020000000289e-01 1.388136735174000194e+02 2.491935053015946778e+03
1.999999980000000122e-01 1.160352634424880165e+02 2.097124553730213393e+03
2.100000000000000200e-01 9.687118244168001979e+01 1.763904371339026738e+03
2.200000020000000278e-01 8.075717601556800673e+01 1.482740934946466723e+03
2.299999980000000388e-01 6.721636374344799947e+01 1.245570514049053372e+03
2.400000000000000466e-01 5.584576573221600171e+01 1.045573070462733313e+03
2.500000020000000545e-01 4.630490233349600260e+01 8.769808680349067345e+02
2.599999980000000654e-01 3.830614837514400506e+01 9.227092928345999781e+02
2.700000000000000733e-01 2.785071647471200151e+01 1.324145691337613471e+03
2.800000020000000256e-01 1.182323454518400041e+01 9.621621643041867173e+02
2.899999980000000366e-01 8.607473189744000663e+00 2.198027160168533669e+02
3.000000000000000444e-01 7.427180224568000533e+00 1.180292963711600009e+02
3.100000020000000522e-01 6.246887263576001104e+00 9.964838960161333148e+01
3.199999980000000632e-01 5.434212433512001006e+00 8.126748283206666201e+01
3.300000000000000711e-01 4.621537607632000721e+00 4.900051932890666961e+01
3.400000020000000789e-01 4.454202046376000368e+00 2.315588985199999783e+01
3.499999980000000344e-01 4.158419810592000054e+00 3.048942307589333467e+01
3.600000000000000422e-01 3.844413585416000867e+00 3.049763925945333654e+01
3.700000020000000500e-01 3.548467023032000789e+00 2.895157414135999829e+01
3.799999980000000610e-01 3.265382101752000388e+00 2.820393715481333530e+01
3.900000000000000688e-01 2.984388280912000369e+00 2.818281478868000178e+01
4.000000020000000767e-01 2.701725809744000451e+00 2.799733264342666672e+01
4.099999980000000321e-01 2.424441627904000196e+00 2.704383766872000194e+01
4.200000000000000400e-01 2.160849054696000415e+00 2.544139179779999793e+01
4.300000020000000478e-01 1.915613794039999984e+00 2.358230303485333224e+01
4.399999980000000588e-01 1.689202993719999935e+00 2.177743003485333517e+01
4.500000000000000666e-01 1.480065193064000084e+00 2.015373045506666827e+01
4.600000020000000744e-01 1.286128383224000249e+00 1.872521066086666863e+01
4.699999980000000854e-01 1.105560976360000058e+00 1.748794755254666811e+01
4.800000000000000933e-01 9.363694345440002342e-01 1.642979568241333155e+01
4.900000020000001011e-01 7.769650636880001127e-01 1.538463313790666653e+01
4.999999980000000566e-01 6.286767691360000132e-01 1.415807093733333311e+01
5.100000000000000089e-01 4.938036463360001016e-01 1.275217219017333292e+01
5.200000020000000722e-01 3.736333254720000663e-01 1.130237312983999942e+01
5.299999980000000832e-01 2.677561845760000336e-01 9.878992236013333539e+00
5.400000000000001465e-01 1.760534817280000330e-01 8.534962624600000325e+00
5.500000020000000989e-01 9.705692999200001003e-02 7.290545957146667533e+00
5.599999980000001099e-01 3.024256286400000757e-02 6.130874110720000658e+00
5.700000000000000622e-01 -2.556054971200000248e-02 5.081485523986667197e+00
5.800000020000000145e-01 -7.138714859200000207e-02 4.232523723826666640e+00
5.899999980000001365e-01 -1.102110243280000207e-01 3.638279464413333386e+00
6.000000000000000888e-01 -1.441527369040000173e-01 3.284361040946666588e+00
6.100000020000000411e-01 -1.758982469600000043e-01 3.137848323026667163e+00
6.199999980000001631e-01 -2.069097035040000088e-01 3.092148060026666645e+00
6.300000000000001155e-01 -2.377412062080000166e-01 2.968400897533333360e+00
6.400000020000000678e-01 -2.662777221520000182e-01 2.717576610626666778e+00
6.499999980000001898e-01 -2.920927385600000648e-01 2.457905192960000207e+00
6.600000000000001421e-01 -3.154358226639999985e-01 2.276944863866666946e+00
6.700000020000000944e-01 -3.376316372320000148e-01 2.200630705213333371e+00
6.799999980000001054e-01 -3.594484399760000670e-01 2.230307182640000274e+00
6.900000000000000577e-01 -3.822377800480000198e-01 2.366950625573333244e+00
7.000000020000000100e-01 -4.067874502560000494e-01 2.545632536546666547e+00
7.099999980000001321e-01 -4.331504325920000897e-01 2.693610477320000030e+00
7.200000000000000844e-01 -4.606596593839999976e-01 2.758305486666666972e+00
7.300000020000000367e-01 -4.883165395360000716e-01 2.736949304666666638e+00
7.399999980000001587e-01 -5.153986468720000991e-01 2.620634571880000152e+00
7.500000000000001110e-01 -5.407292313920000204e-01 2.376278825680000040e+00
7.600000020000000633e-01 -5.629242217120000724e-01 1.983674636133333280e+00
7.699999980000001853e-01 -5.804027269040000769e-01 1.500391716373333351e+00
7.800000000000001377e-01 -5.929320579919999945e-01 1.014181398253333199e+00
7.900000020000000900e-01 -6.006863530560000441e-01 5.650387330266666286e-01
7.999999980000002120e-01 -6.042328327920001296e-01 1.242342079866666643e-01
8.100000000000001643e-01 -6.031710381920000197e-01 -3.350607379866666902e-01
8.200000020000001166e-01 -5.975316170560001083e-01 -8.103329085866667336e-01
8.299999980000001276e-01 -5.869643811360000241e-01 -1.282792524653333377e+00
8.400000000000000799e-01 -5.718757683760000710e-01 -1.726285220880000137e+00
8.500000020000000323e-01 -5.524386742080000801e-01 -2.122872968933333659e+00
8.599999980000001543e-01 -5.294183062080001223e-01 -2.447851333840000088e+00
8.700000000000001066e-01 -5.034816483680000232e-01 -2.688604921026666705e+00
8.800000020000000589e-01 -4.756462076480000301e-01 -2.858019578826667129e+00
8.899999980000001809e-01 -4.463212587440000823e-01 -2.973800830693333452e+00
9.000000000000001332e-01 -4.161701915920000272e-01 -3.024260568026666540e+00
9.100000020000000855e-01 -3.858360451520000400e-01 -2.994222488400000159e+00
9.199999980000002076e-01 -3.562857418240000240e-01 -2.896090059813333895e+00
9.300000000000001599e-01 -3.279142428400000364e-01 -2.774844476053333509e+00
9.400000020000001122e-01 -3.007888520240000196e-01 -2.649867329133333449e+00
9.499999980000002342e-01 -2.749168997440000206e-01 -2.510590908946666477e+00
9.600000000000001865e-01 -2.505770362160000264e-01 -2.344636760840000278e+00
9.700000020000001388e-01 -2.280241632720000355e-01 -2.157811293573333344e+00
9.799999980000001498e-01 -2.074208083920000278e-01 -1.959543423106666626e+00
9.900000000000001021e-01 -1.888332921600000269e-01 -1.754534215133333630e+00
1.000000002000000165e+00 -1.723301233920000175e-01 -1.547101411213333444e+00
1.009999998000000065e+00 -1.578912649120000344e-01 -1.349195958826666653e+00
1.020000000000000018e+00 -1.453462061680000084e-01 -1.175414774026666720e+00
1.030000002000000192e+00 -1.343829713840000162e-01 -1.036740291973333283e+00
1.039999998000000092e+00 -1.246113983760000210e-01 -9.420655698000000022e-01
1.050000000000000266e+00 -1.155416578960000162e-01 -8.906881836400000196e-01
1.060000002000000219e+00 -1.067976376320000087e-01 -8.640694292000000720e-01
1.069999998000000119e+00 -9.826026931200000647e-02 -8.389493835600000393e-01
1.080000000000000293e+00 -9.001864703200002094e-02 -8.058275983066666148e-01
1.090000002000000245e+00 -8.214371888000000788e-02 -7.653099375600000975e-01
1.099999998000000145e+00 -7.471244953600000849e-02 -7.269586195199999601e-01
1.110000000000000320e+00 -6.760454481600000620e-02 -6.991325439866665770e-01
1.120000002000000272e+00 -6.072979768000000278e-02 -6.801090117200000451e-01
1.129999998000000172e+00 -5.400236500000001050e-02 -6.670919670933334045e-01
1.140000000000000124e+00 -4.738795889600000422e-02 -6.660003893866667246e-01
1.150000002000000077e+00 -4.068235832800000396e-02 -6.877541838799999807e-01
1.159999998000000199e+00 -3.363287480000000385e-02 -1.774640943159999873e+00
1.170000000000000151e+00 -5.189540720000000891e-03 -1.655588500626666626e+00
1.180000002000000103e+00 -5.211046480000001112e-04 -2.570058819200000122e-01
1.189999998000000225e+00 -4.942140800000000955e-05 -2.605528818666666413e-02
1.200000000000000178e+00 0.000000000000000000e+00 1.617102750666666797e-02
