0.000000000000000000e+00 2.601871839417683532e+02 7.373164846432068771e+02
1.000000000000000194e-02 2.528140190953362492e+02 7.373164846432044897e+02
2.000000000000000389e-02 2.454408542489042304e+02 7.373164846432022159e+02
3.000000000000000583e-02 2.380676894024722117e+02 7.373164846432044897e+02
4.000000000000000777e-02 2.306945245560401361e+02 7.373164846432068771e+02
5.000000000000000278e-02 2.233213597096080605e+02 7.373164846432044897e+02
6.000000000000001166e-02 2.159481948631760417e+02 7.373164846432068771e+02
7.000000000000000666e-02 2.085750300167439377e+02 7.373164846432068771e+02
8.000000000000001554e-02 2.012018651703119190e+02 7.373164846432044897e+02
9.000000000000001055e-02 1.938287003238798434e+02 7.373164846432058539e+02
1.000000000000000056e-01 1.864555354774477962e+02 7.373164846432058539e+02
1.100000000000000144e-01 1.790823706310157206e+02 7.373164846432058539e+02
1.200000000000000233e-01 1.717092057845836734e+02 7.373164846432058539e+02
1.300000000000000322e-01 1.643360409381515979e+02 7.373164846432058539e+02
1.400000000000000133e-01 1.569628760917195507e+02 7.373164846432044897e+02
1.500000000000000222e-01 1.495897112452875319e+02 7.373164846432058539e+02
1.600000000000000311e-01 1.422165463988554563e+02 7.373164846432058539e+02
1.700000000000000122e-01 1.348433815524234092e+02 7.373164846432044897e+02
1.800000000000000211e-01 1.274702167059913620e+02 7.373164846432044897e+02
1.900000000000000300e-01 1.200970518595593148e+02 7.373164846432058539e+02
2.000000000000000111e-01 1.127238870131272392e+02 7.373164846432058539e+02
2.100000000000000200e-01 1.053507221666951921e+02 7.373164846432044897e+02
2.200000000000000289e-01 9.797755732026314490e+01 7.373164846432051718e+02
2.300000000000000100e-01 9.060439247383109773e+01 7.373164846432068771e+02
2.400000000000000466e-01 8.323122762739900793e+01 7.373164846432068771e+02
2.500000000000000555e-01 7.585806278096694655e+01 7.373164846432051718e+02
2.600000000000000644e-01 6.848489793453489938e+01 7.373164846432051718e+02
2.700000000000000733e-01 6.111173308810284510e+01 7.373164846432058539e+02
2.800000000000000266e-01 5.373856824167079083e+01 7.373164846432051718e+02
2.900000000000000355e-01 4.636540339523874366e+01 7.373164846432051718e+02
3.000000000000000444e-01 3.899223854880668227e+01 7.373164846432042623e+02
3.099999999999999978e-01 3.161907370237465642e+01 7.373164846432052855e+02
3.200000000000000622e-01 2.424590885594257728e+01 4.734770770370868149e+02
3.300000000000000711e-01 2.214953216163291927e+01 3.513797538298111931e+02
3.400000000000000244e-01 1.721831377934635299e+01 4.282558643071108690e+02
3.500000000000000888e-01 1.358441487549070104e+01 3.200193631497396609e+02
3.600000000000000422e-01 1.081792651635156055e+01 2.457066663301271205e+02
3.700000000000000511e-01 8.670281548888159051e+00 1.934417256058871146e+02
3.800000000000000600e-01 6.949092004233817121e+00 1.541501905862542969e+02
3.900000000000000688e-01 5.587277737163073077e+00 1.230802539493090819e+02
4.000000000000000222e-01 4.487486925247635483e+00 9.892363050195241669e+01
4.100000000000000866e-01 3.608805127124024459e+00 7.968458268312507187e+01
4.200000000000000400e-01 2.893795271585133833e+00 6.447570636080760664e+01
4.300000000000000488e-01 2.319290999907872575e+00 5.250820789570469316e+01
4.400000000000000577e-01 1.843631113671040156e+00 4.401708292905407660e+01
4.500000000000000666e-01 1.438949341326790865e+00 3.840047674673886746e+01
4.600000000000000200e-01 1.075621578736262629e+00 3.458463374442821703e+01
4.700000000000000844e-01 7.472566664382264134e-01 3.130304136338487808e+01
4.800000000000000933e-01 4.495607514685650563e-01 2.759450703890872347e+01
4.900000000000000466e-01 1.953665256600518596e-01 2.300322165394445406e+01
5.000000000000001110e-01 -1.050368161032405948e-02 1.811537452515129942e+01
5.100000000000000089e-01 -1.669409648429741322e-01 1.336912487283484552e+01
5.200000000000001288e-01 -2.778861790670210108e-01 9.076789884782158424e+00
5.300000000000000266e-01 -3.484767625386173129e-01 5.559971900649996357e+00
5.400000000000001465e-01 -3.890856170800209290e-01 3.117511618568680198e+00
5.500000000000000444e-01 -4.108269949099909168e-01 1.476140176130923187e+00
5.600000000000000533e-01 -4.186084206026394194e-01 1.688277249085723131e-01
5.700000000000000622e-01 -4.142035494081623415e-01 -1.148957573573456736e+00
5.800000000000000711e-01 -3.956292691311702470e-01 -2.474029186170780381e+00
5.900000000000000799e-01 -3.647229656847467139e-01 -3.507176459859099538e+00
6.000000000000000888e-01 -3.254857399339882718e-01 -3.712377971475532501e+00
6.100000000000000977e-01 -2.904754062552361016e-01 -2.835292505052958045e+00
6.199999999999999956e-01 -2.687798898329291086e-01 -1.376154085219245093e+00
6.300000000000001155e-01 -2.629523245508511575e-01 -1.844990282329321274e-01
6.400000000000001243e-01 -2.650899092682704739e-01 3.995002232742724257e-01
6.500000000000000222e-01 -2.709423290163366360e-01 4.337578306068226031e-01
6.600000000000001421e-01 -2.737650658804069437e-01 -1.586207805417195679e-02
6.700000000000001510e-01 -2.706250874552532104e-01 -7.474527282336447254e-01
6.800000000000000488e-01 -2.588160113157340070e-01 -1.278812721654426499e+00
6.900000000000000577e-01 -2.450488330221646527e-01 -1.333417200197483776e+00
7.000000000000001776e-01 -2.321476673117843503e-01 -1.103577372522468902e+00
7.100000000000000755e-01 -2.229772855717152835e-01 -8.011132795128397266e-01
7.200000000000000844e-01 -2.161254017215275547e-01 -4.478943498610274965e-01
7.300000000000000933e-01 -2.140193985744947291e-01 -6.335784892820964243e-02
7.400000000000001021e-01 -2.148582447429633613e-01 3.803135519945000098e-01
7.500000000000001110e-01 -2.216256696143847349e-01 8.958958722442238454e-01
7.600000000000001199e-01 -2.327761621878478293e-01 1.321485199063508142e+00
7.700000000000000178e-01 -2.480553735956548822e-01 1.516600089393262296e+00
7.800000000000001377e-01 -2.631081639757130719e-01 1.494183118062045068e+00
7.900000000000001465e-01 -2.779390359568957858e-01 1.319359348070132665e+00
8.000000000000000444e-01 -2.894953509371157585e-01 1.064180491965877273e+00
8.100000000000001643e-01 -2.992226457962133268e-01 8.444450673920700368e-01
8.200000000000001732e-01 -3.063842522849571370e-01 6.330590172058779830e-01
8.300000000000000711e-01 -3.118838261403308887e-01 3.318877551619591193e-01
8.400000000000000799e-01 -3.130220073881962994e-01 -1.644603066302721128e-01
8.500000000000001998e-01 -3.085946200077254731e-01 -7.501566987827605892e-01
8.600000000000000977e-01 -2.980188734125411298e-01 -1.224044801145366623e+00
8.700000000000001066e-01 -2.841137239848181562e-01 -1.484217899213564618e+00
8.800000000000001155e-01 -2.683345154282698042e-01 -1.580409636946048524e+00
8.900000000000001243e-01 -2.525055312458971413e-01 -1.590530060904606025e+00
9.000000000000001332e-01 -2.365239142101776826e-01 -1.657497428810789319e+00
9.100000000000001421e-01 -2.193555826696813871e-01 -1.856521556244663973e+00
9.200000000000000400e-01 -1.993934830852844009e-01 -2.153925520587901765e+00
9.300000000000001599e-01 -1.762770722579233285e-01 -2.428046069787966221e+00
9.400000000000001688e-01 -1.508325616895250798e-01 -2.552763465046357982e+00
9.500000000000000666e-01 -1.252218029569961699e-01 -2.511183487494229816e+00
9.600000000000001865e-01 -1.006088919396404824e-01 -2.351484652593176961e+00
9.700000000000001954e-01 -7.819210990513263126e-02 -2.051227889174672470e+00
9.800000000000000933e-01 -5.958433415614702161e-02 -1.628904429164479639e+00
9.900000000000001021e-01 -4.561402132184304292e-02 -1.249221232755342248e+00
1.000000000000000222e+00 -3.459990950104017277e-02 -1.040790847197718971e+00
1.010000000000000231e+00 -2.479820437788866211e-02 -9.592289103028334152e-01
1.020000000000000018e+00 -1.541533129498350550e-02 -8.779257590713830384e-01
1.030000000000000027e+00 -7.239689196460999052e-03 -7.043531243382066265e-01
1.040000000000000258e+00 -1.328268808219372358e-03 -4.246391457829686300e-01
1.050000000000000266e+00 1.253093719198374511e-03 -1.203872383797125745e-01
1.060000000000000053e+00 1.079475959374879331e-03 8.266108396054934471e-02
1.070000000000000062e+00 -4.001279600126123872e-04 1.415198951101613867e-01
1.080000000000000293e+00 -1.750921942828348715e-03 1.152393416929516079e-01
1.090000000000000080e+00 -2.704914793871644740e-03 6.126928042494677457e-02
1.100000000000000089e+00 -2.976307551327284258e-03 5.086396027708247128e-03
1.110000000000000098e+00 -2.806642714425809561e-03 -2.645755916056754392e-02
1.120000000000000107e+00 -2.447156368115933379e-03 -1.527707444629313252e-02
1.130000000000000115e+00 -2.501101225499946772e-03 2.762281883853413833e-02
1.140000000000000124e+00 -2.999612744886615955e-03 7.364025879407612440e-02
1.150000000000000133e+00 -3.973906401381469000e-03 9.260108128111659009e-02
1.160000000000000142e+00 -4.851634370508947809e-03 -1.000112372018607254e-01
1.170000000000000151e+00 -1.973681657344254683e-03 -2.230743761834316496e-01
1.180000000000000160e+00 -3.901468468403153345e-04 -9.661935447033390134e-02
1.190000000000000169e+00 -4.129456793757649253e-05 -1.950734234201576683e-02
1.200000000000000178e+00 0.000000000000000000e+00 -4.129456793757649118e-03
