0.000000000000000000e+00 5.014286767199999986e+02 1.680432611466666913e+03
1.002000000000000113e-02 4.846243520000000444e+02 1.680432611466666913e+03
1.998000000000000470e-02 4.678200272800000903e+02 1.680432611466666913e+03
3.000000000000000583e-02 4.510157025600000793e+02 1.680432611466666913e+03
4.002000000000000002e-02 4.342113778400000115e+02 1.680432611466666913e+03
4.998000000000000359e-02 4.174070531200000573e+02 1.680432611466666913e+03
6.000000000000001166e-02 4.006027284000000463e+02 1.680432611466666913e+03
7.002000000000001279e-02 3.837984036800000354e+02 1.680432611466666913e+03
7.998000000000000942e-02 3.669940789600000244e+02 1.680432611466666913e+03
9.000000000000001055e-02 3.501897542400000702e+02 1.680432611466666913e+03
1.000200000000000117e-01 3.333854295200000593e+02 1.680432611466666913e+03
1.099800000000000083e-01 3.165810629599999970e+02 1.680432611466666913e+03
1.200000000000000233e-01 2.997767382400000429e+02 1.680432611466666913e+03
1.300200000000000244e-01 2.829724135200000319e+02 1.680432611466666913e+03
1.399800000000000211e-01 2.661680888000000209e+02 1.680432611466666913e+03
1.500000000000000222e-01 2.493637640800000383e+02 1.680432611466666913e+03
1.600200000000000233e-01 2.325594393600000558e+02 1.680432611466666913e+03
1.699800000000000200e-01 2.157551146400000164e+02 1.680432611466666913e+03
1.800000000000000211e-01 1.989507899200000338e+02 1.680432611466666913e+03
1.900200000000000222e-01 1.821464652000000228e+02 1.680432611466666913e+03
1.999800000000000189e-01 1.653421404800000403e+02 1.680432611466666913e+03
2.100000000000000200e-01 1.485378157600000009e+02 1.680432611466666913e+03
2.200200000000000489e-01 1.317334910400000183e+02 1.680432611466666913e+03
2.299800000000000177e-01 1.149291663200000073e+02 1.680432611466666913e+03
2.400000000000000466e-01 9.812484160000001054e+01 1.680432611466666913e+03
2.500200000000000200e-01 8.132051688000001377e+01 1.680432611466666913e+03
2.599800000000000444e-01 6.451619216000000279e+01 1.680432611466666913e+03
2.700000000000000733e-01 4.771186744000000601e+01 1.680432611466666913e+03
2.800200000000000466e-01 3.090754272000000569e+01 1.702466043599999921e+03
2.899800000000000710e-01 1.366255912000000095e+01 1.135403851466666765e+03
3.000000000000000444e-01 8.199468480000001946e+00 4.794301949333333823e+02
3.100200000000000733e-01 4.073918960000000311e+00 3.662259384000000182e+02
3.199800000000000422e-01 8.749580800000001934e-01 2.908070372000000248e+02
3.300000000000000711e-01 -1.742217600000000033e+00 2.378037068000000147e+02
3.400200000000000444e-01 -3.881120240000000443e+00 1.967145953333333637e+02
3.499800000000000688e-01 -5.676516480000000975e+00 1.624321545333333461e+02
3.600000000000000422e-01 -7.129787040000000964e+00 1.344487954666666667e+02
3.700200000000000711e-01 -8.365489600000000081e+00 1.148713016000000096e+02
3.799800000000000400e-01 -9.427221440000002062e+00 9.866450786666668193e+01
3.900000000000000688e-01 -1.033874768000000088e+01 8.489754399999999634e+01
4.000200000000000422e-01 -1.112517232000000078e+01 7.030556506666667360e+01
4.099800000000000666e-01 -1.174486456000000167e+01 5.299886746666666681e+01
4.200000000000000400e-01 -1.218514688000000135e+01 3.746116506666666623e+01
4.300200000000000689e-01 -1.249409344000000033e+01 2.451565986666667030e+01
4.399800000000000377e-01 -1.267542800000000192e+01 1.266392199999999946e+01
4.500000000000000666e-01 -1.274739280000000186e+01 -1.657840266666666951e+00
4.600200000000000955e-01 -1.264229072000000187e+01 -1.755676133333333411e+01
4.699800000000000644e-01 -1.239622968000000114e+01 -2.978505920000000273e+01
4.800000000000000933e-01 -1.204657280000000164e+01 -3.614571546666667246e+01
4.900200000000000666e-01 -1.167331816000000089e+01 -3.736346866666666955e+01
4.999800000000000910e-01 -1.129931040000000131e+01 -3.842536786666666870e+01
5.100000000000000089e-01 -1.090480104000000061e+01 -4.010594120000000373e+01
5.200200000000000378e-01 -1.049719576000000032e+01 -4.007344546666666929e+01
5.299800000000001177e-01 -1.010335584000000075e+01 -3.795961893333333848e+01
5.400000000000001465e-01 -9.738008960000001935e+00 -3.593512080000000708e+01
5.500200000000000644e-01 -9.384628320000000912e+00 -3.571706466666666557e+01
5.599800000000001443e-01 -9.023674640000001190e+00 -3.627786013333333415e+01
5.700000000000000622e-01 -8.659080880000001201e+00 -3.681864213333333424e+01
5.800200000000000911e-01 -8.287290640000000153e+00 -3.651007213333333112e+01
5.899800000000000599e-01 -7.928889200000001303e+00 -3.670818453333333053e+01
6.000000000000000888e-01 -7.553124160000000309e+00 -3.651076946666666601e+01
6.100200000000000067e-01 -7.198655680000001666e+00 -3.633267053333333507e+01
6.199800000000001976e-01 -6.826488880000000314e+00 -3.821588893333333203e+01
6.300000000000001155e-01 -6.434364400000000650e+00 -3.866769120000000015e+01
6.400200000000000333e-01 -6.053118320000000274e+00 -3.754533320000000174e+01
6.499800000000000022e-01 -5.683461920000000944e+00 -3.650609733333333651e+01
6.600000000000001421e-01 -5.323010320000000739e+00 -3.540730920000000026e+01
6.700200000000000600e-01 -4.975319920000000451e+00 -3.204734799999999950e+01
6.799800000000001399e-01 -4.682063360000000785e+00 -2.877301933333333395e+01
6.900000000000000577e-01 -4.399852560000000246e+00 -2.669782506666667032e+01
7.000200000000001976e-01 -4.148101280000000557e+00 -2.287588053333333349e+01
7.099800000000001665e-01 -3.942332160000000307e+00 -1.981395960000000045e+01
7.200000000000000844e-01 -3.751834640000000665e+00 -1.819412400000000218e+01
7.300200000000000022e-01 -3.578449680000000299e+00 -1.708689813333333518e+01
7.399800000000001932e-01 -3.410085520000000425e+00 -1.397114306666666650e+01
7.500000000000001110e-01 -3.299000320000000652e+00 -9.993205066666666525e+00
7.600200000000000289e-01 -3.210215840000000487e+00 -7.770245866666666501e+00
7.699800000000002198e-01 -3.143606560000000272e+00 -4.712857600000000424e+00
7.800000000000001377e-01 -3.115950320000000495e+00 -2.837867733333333753e+00
7.900200000000000555e-01 -3.086871520000000313e+00 -2.984865600000000452e+00
7.999800000000000244e-01 -3.056244640000000068e+00 -2.234604666666666795e+00
8.100000000000001643e-01 -3.042144560000000553e+00 -1.079611466666666741e+00
8.200200000000000822e-01 -3.034655200000000441e+00 -5.243249333333334095e-01
8.299800000000001621e-01 -3.031684560000000417e+00 2.473441333333333547e-01
8.400000000000000799e-01 -3.039634160000000307e+00 1.519489333333333247e+00
8.500200000000002198e-01 -3.062060400000000460e+00 2.126727199999999929e+00
8.599800000000001887e-01 -3.082143600000000649e+00 2.047440400000000160e+00
8.700000000000001066e-01 -3.103021760000000295e+00 2.424418800000000207e+00
8.800200000000000244e-01 -3.130636160000000334e+00 2.412145733333333375e+00
8.899800000000002154e-01 -3.151263280000000222e+00 1.376257066666666695e+00
9.000000000000001332e-01 -3.158166880000000010e+00 4.004088000000000647e-01
9.100200000000000511e-01 -3.159254720000000294e+00 -5.798326666666666629e-01
9.199800000000002420e-01 -3.146577200000000296e+00 -1.454497866666666583e+00
9.300000000000001599e-01 -3.130175920000000556e+00 -2.115221200000000135e+00
9.400200000000000777e-01 -3.104276960000000418e+00 -3.453403866666667099e+00
9.499800000000000466e-01 -3.061098080000000277e+00 -5.022613066666667514e+00
9.600000000000001865e-01 -3.003819120000000176e+00 -5.702164400000000022e+00
9.700200000000001044e-01 -2.947084080000000661e+00 -5.860110400000000830e+00
9.799800000000001843e-01 -2.886625280000000515e+00 -6.933445866666667179e+00
9.900000000000001021e-01 -2.808384480000000405e+00 -9.029699600000000714e+00
1.000020000000000131e+00 -2.706002000000000240e+00 -1.111737613333333385e+01
1.009980000000000100e+00 -2.586046720000000132e+00 -1.208415906666666828e+01
1.020000000000000018e+00 -2.464334160000000384e+00 -1.230096000000000167e+01
1.030020000000000158e+00 -2.340027520000000472e+00 -1.369367413333333339e+01
1.039980000000000127e+00 -2.190449520000000039e+00 -1.498018440000000062e+01
1.050000000000000266e+00 -2.040411280000000271e+00 -1.530081826666666700e+01
1.060020000000000184e+00 -1.884431760000000233e+00 -1.539816599999999980e+01
1.069980000000000153e+00 -1.732468880000000100e+00 -1.498116066666666768e+01
1.080000000000000293e+00 -1.584815520000000033e+00 -1.635400080000000145e+01
1.090020000000000211e+00 -1.405363760000000184e+00 -1.997490413333333592e+01
1.099980000000000180e+00 -1.185327200000000136e+00 -2.233921280000000209e+01
1.110000000000000320e+00 -9.585962400000002104e-01 -2.201286080000000211e+01
1.120020000000000238e+00 -7.450448800000000205e-01 -2.055515520000000151e+01
1.129980000000000206e+00 -5.474764000000000852e-01 -1.856224626666666566e+01
1.140000000000000124e+00 -3.737985600000000574e-01 -1.540632480000000015e+01
1.150020000000000264e+00 -2.393666400000000472e-01 -1.173061106666666653e+01
1.159980000000000233e+00 -1.392016800000000221e-01 -1.098578933333333296e+01
1.170000000000000151e+00 -1.966480000000000311e-02 -6.875427733333333791e+00
1.180020000000000069e+00 -1.715440000000000367e-03 -9.751509333333334695e-01
1.189980000000000260e+00 -1.673600000000000239e-04 -8.479573333333333129e-02
1.200000000000000178e+00 0.000000000000000000e+00 -1.499266666666666629e-02
