0.000000000000000000e+00 3.823652491438984725e+03 6.041430112110194023e+04
1.000000200000000262e-02 3.219509480227616223e+03 5.570841314693011373e+04
1.999999800000000494e-02 2.709484228499824439e+03 4.702455702506483067e+04
3.000000000000000583e-02 2.279018339728272167e+03 3.968435340162755165e+04
4.000000200000000672e-02 1.915797160467552203e+03 3.348068577922109398e+04
4.999999800000000383e-02 1.609404624140224314e+03 2.823830109317617098e+04
6.000000000000001166e-02 1.351031138604168291e+03 2.380891271410305853e+04
7.000000200000000561e-02 1.133226369859976103e+03 2.006705565904251853e+04
7.999999800000001660e-02 9.496900254237360741e+02 1.690657849907216223e+04
9.000000000000001055e-02 7.950947998776960048e+02 1.423767418726276082e+04
1.000000020000000045e-01 6.649365416797360240e+02 1.198436704362949422e+04
1.099999980000000155e-01 5.554074590056640091e+02 1.008238584201588128e+04
1.200000000000000233e-01 4.632888248390000285e+02 8.477363700459240135e+03
1.300000020000000311e-01 3.858601849952240741e+02 7.123314582079120555e+03
1.399999980000000144e-01 3.208225331957440289e+02 5.981343920974200046e+03
1.500000000000000222e-01 2.662333065778320247e+02 5.018557411271120145e+03
1.600000020000000300e-01 2.204513849686480285e+02 4.207137520216173471e+03
1.699999980000000133e-01 1.820905561736480252e+02 3.523561960230893419e+03
1.800000000000000211e-01 1.499801457666800104e+02 2.947942311738066564e+03
1.900000020000000289e-01 1.231317099395840131e+02 2.463464337647506454e+03
1.999999980000000122e-01 1.007108590110800179e+02 2.055914365399586586e+03
2.100000000000000200e-01 8.201342263061600590e+01 2.412101299936719897e+03
2.200000020000000278e-01 5.246883301485600271e+01 2.543713049317000241e+03
2.299999980000000388e-01 3.113916164218400340e+01 1.169995702058226698e+03
2.400000000000000466e-01 2.906891897355200527e+01 5.402251338253599897e+02
2.500000020000000545e-01 2.033465896902400161e+01 5.794508074911999529e+02
2.599999980000000654e-01 1.747990282372800408e+01 1.794586391375466974e+02
2.700000000000000733e-01 1.674548618655200372e+01 1.244680795981599886e+02
2.800000020000000256e-01 1.499054123092800239e+01 1.812628988956400065e+02
2.899999980000000366e-01 1.312022820738400064e+01 1.787853688250133644e+02
3.000000000000000444e-01 1.141483385331200040e+01 1.603774026072800041e+02
3.100000020000000522e-01 9.912680152728000849e+00 1.424851426873333367e+02
3.199999980000000632e-01 8.565131000960001018e+00 1.308118364447600186e+02
3.300000000000000711e-01 7.296443425088000367e+00 1.241750542181066663e+02
3.400000020000000789e-01 6.081629916040000694e+00 1.182521681559999962e+02
3.499999980000000344e-01 4.931400061968000514e+00 1.108858818757999956e+02
3.600000000000000422e-01 3.863912280616000672e+00 1.025860539565066603e+02
3.700000020000000500e-01 2.879678982280000188e+00 9.424968832278668174e+01
3.799999980000000610e-01 1.978918513184000361e+00 8.638747817796000561e+01
3.900000000000000688e-01 1.151929419975999958e+00 7.942664731303999304e+01
4.000000020000000767e-01 3.903855677600000518e-01 7.322486312595999891e+01
4.099999980000000321e-01 -3.125678412880000812e-01 6.732985051621334094e+01
4.200000000000000400e-01 -9.562114436800002171e-01 6.136775993478666891e+01
4.300000020000000478e-01 -1.539923040959999989e+00 5.524889958733334083e+01
4.399999980000000588e-01 -2.061189434032000278e+00 4.894486184323999822e+01
4.500000000000000666e-01 -2.518820279080000279e+00 4.250110131589332951e+01
4.600000020000000744e-01 -2.911211463976000058e+00 3.614544473397333491e+01
4.699999980000000854e-01 -3.241729171528000109e+00 3.020568221498666972e+01
4.800000000000000933e-01 -3.515325107160000684e+00 2.483471145610666753e+01
4.900000020000001011e-01 -3.738423401208000652e+00 2.006389193481333422e+01
4.999999980000000566e-01 -3.916602944880000603e+00 1.588095439188000135e+01
5.100000000000000089e-01 -4.056042489464000589e+00 1.204592194393333493e+01
5.200000020000000722e-01 -4.157521384456000391e+00 8.104619312920000596e+00
5.299999980000000832e-01 -4.218134875304000886e+00 3.900985913840000485e+00
5.400000000000001465e-01 -4.235541101896000526e+00 -2.518590668133333099e-01
5.500000020000000989e-01 -4.213097694944000438e+00 -3.794562561506666487e+00
5.599999980000001099e-01 -4.159649852200000275e+00 -6.264427676626666219e+00
5.700000000000000622e-01 -4.087809141272000346e+00 -7.678492092519999979e+00
5.800000020000000145e-01 -4.006080010768000577e+00 -8.637299812800000254e+00
5.899999980000001365e-01 -3.915063145016000057e+00 -9.833440846706666960e+00
6.000000000000000888e-01 -3.809411191184000511e+00 -1.143710582365333295e+01
6.100000020000000411e-01 -3.686321028264000432e+00 -1.300408302701333341e+01
6.199999980000001631e-01 -3.549329529528000293e+00 -1.398110729056000068e+01
6.300000000000001155e-01 -3.406698881616000207e+00 -1.418974452164000155e+01
6.400000020000000678e-01 -3.265534642024000345e+00 -1.386251283564000047e+01
6.499999980000001898e-01 -3.129448627832000618e+00 -1.353426811258666795e+01
6.600000000000001421e-01 -2.994849280888000287e+00 -1.381465797999999978e+01
6.700000020000000944e-01 -2.853155468232000391e+00 -1.488994650997333302e+01
6.799999980000001054e-01 -2.697050348736000469e+00 -1.637273883005333275e+01
6.900000000000000577e-01 -2.525700691352000593e+00 -1.776674888765333193e+01
7.000000020000000100e-01 -2.341715370704000154e+00 -1.867310760872000230e+01
7.099999980000001321e-01 -2.152238537504000071e+00 -1.880696749224000186e+01
7.200000000000000844e-01 -1.965576021696000319e+00 -1.815248985279999872e+01
7.300000020000000367e-01 -1.789188740448000248e+00 -1.693524319573333159e+01
7.399999980000001587e-01 -1.626871159176000114e+00 -1.546612770221333477e+01
7.500000000000001110e-01 -1.479866185288000180e+00 -1.411109231589333390e+01
7.600000020000000633e-01 -1.344649309232000212e+00 -1.319231060149333246e+01
7.699999980000001853e-01 -1.216019973816000244e+00 -1.278506272574666625e+01
7.800000000000001377e-01 -1.088948057088000132e+00 -1.275918472758666589e+01
7.900000020000000900e-01 -9.608362782880001118e-01 -1.282803482549333474e+01
7.999999980000002120e-01 -8.323873611360000924e-01 -1.260978908025333212e+01
8.100000000000001643e-01 -7.086404984960000819e-01 -1.184853750414666784e+01
8.200000020000001166e-01 -5.954166092400000609e-01 -1.057810093817333374e+01
8.299999980000001276e-01 -4.970784798719999897e-01 -9.003530444253334153e+00
8.400000000000000799e-01 -4.153460021680000502e-01 -7.393098551613333846e+00
8.500000020000000323e-01 -3.492165098160000536e-01 -6.022921792293334242e+00
8.599999980000001543e-01 -2.948875668800000627e-01 -5.084665552266666388e+00
8.700000000000001066e-01 -2.475231973760000093e-01 -4.554336341840000024e+00
8.800000020000000589e-01 -2.038008366960000484e-01 -4.269882896920000448e+00
8.899999980000001809e-01 -1.621255398560000338e-01 -4.061293293706667029e+00
9.000000000000001332e-01 -1.225749702640000216e-01 -3.765127005773333480e+00
9.100000020000000855e-01 -8.682299988000001523e-02 -3.269115960533333531e+00
9.199999980000002076e-01 -5.719265244800000175e-02 -2.531007671373333601e+00
9.300000000000001599e-01 -3.620284659200000144e-02 -1.581833513466666563e+00
9.400000020000001122e-01 -2.555598078400000278e-02 -5.696168379333333975e-01
9.499999980000002342e-01 -2.481050913600000088e-02 2.658789953199999778e-01
9.600000000000001865e-01 -3.087356445600000429e-02 7.551528173199999472e-01
9.700000020000001388e-01 -3.991356506400000476e-02 9.059220090933333136e-01
9.799999980000001498e-01 -4.899200408000000534e-02 8.370167381733333301e-01
9.900000000000001021e-01 -5.665389968800000481e-02 6.769229096666666834e-01
1.000000002000000165e+00 -6.253046157600000710e-02 5.280844456133333420e-01
1.009999998000000065e+00 -6.721558762400001164e-02 4.382364764933333601e-01
1.020000000000000018e+00 -7.129519264000001855e-02 4.303979268266666658e-01
1.030000002000000192e+00 -7.582354839200000640e-02 5.047811904000000238e-01
1.039999998000000092e+00 -8.139081644800000293e-02 6.194557951866667134e-01
1.050000000000000266e+00 -8.821266527200001539e-02 7.062353302799999621e-01
1.060000002000000219e+00 -9.551551928800000590e-02 7.130401251200000345e-01
1.069999998000000119e+00 -1.024734652640000160e-01 6.205656360533333693e-01
1.080000000000000293e+00 -1.079268322879999992e-01 4.268567844800000288e-01
1.090000002000000245e+00 -1.110106034640000044e-01 1.470749847599999993e-01
1.099999998000000145e+00 -1.108683349120000161e-01 -1.631536644133333436e-01
1.110000000000000320e+00 -1.077475269680000236e-01 -4.284448704933333518e-01
1.120000002000000272e+00 -1.022994359680000076e-01 -6.165117305599999709e-01
1.129999998000000172e+00 -9.541729570400001026e-02 -7.559477075866667395e-01
1.140000000000000124e+00 -8.718048084000001863e-02 -9.056328807466667019e-01
1.150000002000000077e+00 -7.730463836800001431e-02 -1.094972039426666655e+00
1.159999998000000199e+00 -6.528103991200000233e-02 -3.554855113786666632e+00
1.170000000000000151e+00 -6.207533024000001093e-03 -3.227649298853333626e+00
1.180000002000000103e+00 -7.280536560000000794e-04 -3.067314806666666671e-01
1.189999998000000225e+00 -7.290620000000001019e-05 -3.640276648000000115e-02
1.200000000000000178e+00 0.000000000000000000e+00 -7.290452640000000262e-03
