0.000000000000000000e+00 3.181241832534601781e+04 4.475405466256501968e+05
1.000000000000000194e-02 2.733701285908951468e+04 4.162114433465930633e+05
2.000000000000000389e-02 2.348818945841415552e+04 3.579286695581654203e+05
3.000000000000000583e-02 2.017843946792620409e+04 3.077864646872483427e+05
4.000000000000000777e-02 1.733246016466918809e+04 2.646493051845110022e+05
5.000000000000000278e-02 1.488545336423598565e+04 2.275399530065862637e+05
6.000000000000001166e-02 1.278166110453746114e+04 1.956173993162868428e+05
7.000000000000000666e-02 1.097310537791024763e+04 1.681578810557642137e+05
8.000000000000001554e-02 9.418503483422176942e+03 1.445385423221434176e+05
9.000000000000001055e-02 8.082334531467379747e+03 1.242233721050756139e+05
1.000000000000000056e-01 6.934036041320663571e+03 1.067511012694380042e+05
1.100000000000000144e-01 5.947312506078618753e+03 9.172478584100115404e+04
1.200000000000000233e-01 5.099540324500640963e+03 7.880284167402908497e+04
1.300000000000000322e-01 4.371255672598037563e+03 6.769132830478897085e+04
1.400000000000000133e-01 3.745713758404861437e+03 5.813730796139487938e+04
1.500000000000000222e-01 3.208509513370139757e+03 4.992312994337385317e+04
1.600000000000000311e-01 2.747251159537384410e+03 4.286151145028349856e+04
1.700000000000000122e-01 2.351279284364469731e+03 3.679130389807437314e+04
1.800000000000000211e-01 2.011425081575896911e+03 3.157384921953117009e+04
1.900000000000000300e-01 1.719802299973846402e+03 2.708984394951509603e+04
2.000000000000000111e-01 1.469628202585594863e+03 2.323664034681872727e+04
2.100000000000000200e-01 1.255069493037471830e+03 1.992592366039916669e+04
2.200000000000000289e-01 1.071109729377611529e+03 1.708171313074427235e+04
2.300000000000000100e-01 9.134352304225863008e+02 1.463864161842724570e+04
2.400000000000000466e-01 7.783368970090666608e+02 1.254047503610781496e+04
2.500000000000000555e-01 6.626257297004299289e+02 1.073883816903192201e+04
2.600000000000000644e-01 5.635601336284282752e+02 9.192118124400289162e+03
2.700000000000000733e-01 4.787833672124241957e+02 7.864520656783466620e+03
2.800000000000000266e-01 4.062697204927588928e+02 6.725258065394718869e+03
2.900000000000000355e-01 3.442782059045297842e+02 5.747850327240941624e+03
3.000000000000000444e-01 2.913127139479400398e+02 4.909523684882863563e+03
3.099999999999999978e-01 2.460877322068725164e+02 4.190693106349002846e+03
3.200000000000000622e-01 2.074988518209599988e+02 3.574516927239092183e+03
3.300000000000000711e-01 1.745973936620906670e+02 3.046513613895459912e+03
3.400000000000000244e-01 1.465685795430507881e+02 2.594231988439794804e+03
3.500000000000000888e-01 1.227127538932947601e+02 2.206967463080595280e+03
3.600000000000000422e-01 1.024292302814388762e+02 1.875517869602549581e+03
3.700000000000000511e-01 8.520239650124375430e+01 1.591973363767124965e+03
3.800000000000000600e-01 7.058976300609637633e+01 1.349535653643428077e+03
3.900000000000000688e-01 5.821168342837519560e+01 1.142362462995769420e+03
4.000000000000000222e-01 4.774251374618098964e+01 1.493752601035385396e+03
4.100000000000000866e-01 2.833663140766748967e+01 1.521706073004209884e+03
4.200000000000000400e-01 1.730839228609678671e+01 7.194404088454105022e+02
4.300000000000000488e-01 1.394782323075927799e+01 5.125074512569123044e+02
4.400000000000000577e-01 7.058243260958539267e+00 3.462281957939108565e+02
4.500000000000000666e-01 7.023259314881060256e+00 6.326259473206697237e+01
4.600000000000000200e-01 5.792991366317199464e+00 1.254787622450828906e+02
4.700000000000000844e-01 4.513684069979402302e+00 1.183682610516421079e+02
4.800000000000000933e-01 3.425626145284357715e+00 9.747407400557770529e+01
4.900000000000000466e-01 2.564202589867848214e+00 7.644399219452020589e+01
5.000000000000001110e-01 1.896746301393953393e+00 6.007135221650926837e+01
5.100000000000000089e-01 1.362775545537662891e+00 4.942943551792904344e+01
5.200000000000001288e-01 9.081575910353724135e-01 4.295521517120412369e+01
5.300000000000000266e-01 5.036712421135803863e-01 3.855046453526957606e+01
5.400000000000001465e-01 1.371483003299808212e-01 3.552580142294961973e+01
5.500000000000000444e-01 -2.068447863454121183e-01 3.378786006772264727e+01
5.600000000000000533e-01 -5.386089010244722308e-01 3.270035906515315816e+01
5.700000000000000622e-01 -8.608519676484752692e-01 3.146553822073509110e+01
5.800000000000000711e-01 -1.167919665439173915e+00 2.953851475453519271e+01
5.900000000000000799e-01 -1.451622262739179048e+00 2.666671137448140882e+01
6.000000000000000888e-01 -1.701253892928802136e+00 2.281139670447252854e+01
6.100000000000000977e-01 -1.907850196828629663e+00 1.814873586569406783e+01
6.199999999999999956e-01 -2.064228610242683448e+00 1.332805727896745296e+01
6.300000000000001155e-01 -2.174411342407978953e+00 9.094643045169311435e+00
6.400000000000001243e-01 -2.246121471146069748e+00 5.702946963932332025e+00
6.500000000000000222e-01 -2.288470281686625363e+00 3.001122328263357009e+00
6.600000000000001421e-01 -2.306143917711337199e+00 8.709800754030115888e-01
6.700000000000001510e-01 -2.305889883194685464e+00 -8.366384860202498164e-01
6.800000000000000488e-01 -2.289411147990931816e+00 -2.078788920058872058e+00
6.900000000000000577e-01 -2.264314104793508253e+00 -2.659182617268441629e+00
7.000000000000001776e-01 -2.236227495645563224e+00 -2.613427796141445825e+00
7.100000000000000755e-01 -2.212045548870679390e+00 -2.254905714058953237e+00
7.200000000000000844e-01 -2.191129381364384177e+00 -1.739039583179235127e+00
7.300000000000000933e-01 -2.177264757207094448e+00 -1.122845828234327881e+00
7.400000000000001021e-01 -2.168672464799697774e+00 -6.969791449965977437e-01
7.500000000000001110e-01 -2.163325174307162424e+00 -8.972543616032884195e-01
7.600000000000001199e-01 -2.150727377567631660e+00 -1.859047367266037032e+00
7.700000000000000178e-01 -2.126144226961841799e+00 -3.401324890055097860e+00
7.800000000000001377e-01 -2.082700879766529845e+00 -5.280413309029536428e+00
7.900000000000001465e-01 -2.020535960781251195e+00 -7.068118288440914831e+00
8.000000000000000444e-01 -1.941338513997711512e+00 -8.402388737412195496e+00
8.100000000000001643e-01 -1.852488186033007134e+00 -9.197879000708574893e+00
8.200000000000001732e-01 -1.757380933983540006e+00 -9.439179181753395653e+00
8.300000000000000711e-01 -1.663704602397939381e+00 -9.170191305141543126e+00
8.400000000000000799e-01 -1.573977107880709214e+00 -8.734634295581102492e+00
8.500000000000001998e-01 -1.489011916486317366e+00 -8.507260774671875581e+00
8.600000000000000977e-01 -1.403831892387271685e+00 -8.587729449727730113e+00
8.700000000000001066e-01 -1.317257327491762720e+00 -8.902321973795038090e+00
8.800000000000001155e-01 -1.225785452911370976e+00 -9.332143076057093367e+00
8.900000000000001243e-01 -1.130614465970620763e+00 -9.598135242294551617e+00
9.000000000000001332e-01 -1.033822748065479802e+00 -9.393156182870551874e+00
9.100000000000001421e-01 -9.427513423132097836e-01 -8.702450087769770803e+00
9.200000000000000400e-01 -8.597737463100844080e-01 -7.826031605489915499e+00
9.300000000000001599e-01 -7.862307102034113981e-01 -6.990534290078094237e+00
9.400000000000001688e-01 -7.199630605085225454e-01 -6.227300616482592588e+00
9.500000000000000666e-01 -6.616846978737596086e-01 -5.517675584266428679e+00
9.600000000000001865e-01 -6.096095488231939585e-01 -4.927107437683472035e+00
9.700000000000001954e-01 -5.631425491200900968e-01 -4.536389643822785089e+00
9.800000000000000933e-01 -5.188817559467382434e-01 -4.440036018873297685e+00
9.900000000000001021e-01 -4.743418287426241498e-01 -4.593522753464577946e+00
1.000000000000000222e+00 -4.270113008774466534e-01 -4.804056248065000645e+00
1.010000000000000231e+00 -3.782607037813241480e-01 -4.912667832388939004e+00
1.020000000000000018e+00 -3.287579442296678645e-01 -4.890636737932033462e+00
1.030000000000000027e+00 -2.804479690226834299e-01 -4.753387162144582234e+00
1.040000000000000258e+00 -2.336902009867762031e-01 -4.570655979912952915e+00
1.050000000000000266e+00 -1.890348494244243893e-01 -4.370384921622636476e+00
1.060000000000000053e+00 -1.462825025543234847e-01 -4.114375924115938332e+00
1.070000000000000062e+00 -1.067473309421056171e-01 -3.756353732968846337e+00
1.080000000000000293e+00 -7.115542789494654075e-02 -3.313915935184033934e+00
1.090000000000000080e+00 -4.046901223842493817e-02 -2.809299584555664975e+00
1.100000000000000089e+00 -1.496943620383323764e-02 -2.260230173038956014e+00
1.110000000000000098e+00 4.735591222354189680e-03 -1.664360709554150830e+00
1.120000000000000107e+00 1.831777798724978229e-02 -1.054275783695888702e+00
1.130000000000000115e+00 2.582110689627196976e-02 -4.885626292948994642e-01
1.140000000000000124e+00 2.808903057314777324e-02 -3.440868734904630605e-02
1.150000000000000133e+00 2.650928064325289504e-02 2.790284671286151763e-01
1.160000000000000142e+00 2.250846123057546888e-02 1.026473497216906949e+00
1.170000000000000151e+00 5.979810698914756265e-03 1.088114212310397733e+00
1.180000000000000160e+00 7.461769843675125028e-04 2.950669241067129800e-01
1.190000000000000169e+00 7.847221678049538644e-05 3.730884921837562124e-02
1.200000000000000178e+00 0.000000000000000000e+00 7.847221678049538102e-03
