0.000000000000000000e+00 1.054965596765194249e+02 3.216614175921656056e+02
1.000000000000000194e-02 1.022799455005977620e+02 3.216614175921656056e+02
2.000000000000000389e-02 9.906333132467611335e+01 3.216614175921656056e+02
3.000000000000000583e-02 9.584671714875445048e+01 3.216614175921656056e+02
4.000000000000000777e-02 9.263010297283280181e+01 3.216614175921656056e+02
5.000000000000000278e-02 8.941348879691113893e+01 3.216614175921656056e+02
6.000000000000001166e-02 8.619687462098949027e+01 3.216614175921656056e+02
7.000000000000000666e-02 8.298026044506782739e+01 3.216614175921656056e+02
8.000000000000001554e-02 7.976364626914616451e+01 3.216614175921656056e+02
9.000000000000001055e-02 7.654703209322451585e+01 3.216614175921656056e+02
1.000000000000000056e-01 7.333041791730285297e+01 3.216614175921656056e+02
1.100000000000000144e-01 7.011380374138120430e+01 3.216614175921656056e+02
1.200000000000000233e-01 6.689718956545954143e+01 3.216614175921656056e+02
1.300000000000000322e-01 6.368057538953788566e+01 3.216614175921656056e+02
1.400000000000000133e-01 6.046396121361622988e+01 3.216614175921656056e+02
1.500000000000000222e-01 5.724734703769457411e+01 3.216614175921656056e+02
1.600000000000000311e-01 5.403073286177291834e+01 3.216614175921656056e+02
1.700000000000000122e-01 5.081411868585126257e+01 3.216614175921656056e+02
1.800000000000000211e-01 4.759750450992960680e+01 3.216614175921656056e+02
1.900000000000000300e-01 4.438089033400795103e+01 3.216614175921656056e+02
2.000000000000000111e-01 4.116427615808629525e+01 3.216614175921656056e+02
2.100000000000000200e-01 3.794766198216463948e+01 3.216614175921656056e+02
2.200000000000000289e-01 3.473104780624298371e+01 3.216614175921656056e+02
2.300000000000000100e-01 3.151443363032132439e+01 3.216614175921661740e+02
2.400000000000000466e-01 2.829781945439965796e+01 3.216614175921660603e+02
2.500000000000000555e-01 2.508120527847800574e+01 3.216614175921653214e+02
2.600000000000000644e-01 2.186459110255634997e+01 3.216614175921654351e+02
2.700000000000000733e-01 1.864797692663469419e+01 3.216614175921656056e+02
2.800000000000000266e-01 1.543136275071303842e+01 3.216614175921656056e+02
2.900000000000000355e-01 1.221474857479138265e+01 3.216614175921656056e+02
3.000000000000000444e-01 8.998134398869725104e+00 3.216614175921650371e+02
3.099999999999999978e-01 5.781520222948079990e+00 2.475184674342131643e+02
3.200000000000000622e-01 4.047765050185462066e+00 1.582643130581081721e+02
3.300000000000000711e-01 2.616233961785916495e+00 1.296054251606246055e+02
3.400000000000000244e-01 1.455656546972969423e+00 1.042744131278218447e+02
3.500000000000000888e-01 5.307456992294798948e-01 8.148161191631413658e+01
3.600000000000000422e-01 -1.739756913533135052e-01 6.077529855753467558e+01
3.700000000000000511e-01 -6.847602719212138034e-01 4.256189273025466946e+01
3.800000000000000600e-01 -1.025213545958407080e+00 2.741542208109122569e+01
3.900000000000000688e-01 -1.233068713543038264e+00 1.609592833866348727e+01
4.000000000000000222e-01 -1.347132112731676878e+00 8.586895286590932486e+00
4.100000000000000866e-01 -1.404806619274856949e+00 4.060358155464956376e+00
4.200000000000000400e-01 -1.428339275840975864e+00 9.826232031308481663e-01
4.300000000000000488e-01 -1.424459083337473952e+00 -2.119996038803692251e+00
4.400000000000000577e-01 -1.385939355064901957e+00 -6.034795785051856321e+00
4.500000000000000666e-01 -1.303763167636436737e+00 -1.022329227148315489e+01
4.600000000000000200e-01 -1.181473509635238894e+00 -1.356272398245054056e+01
4.700000000000000844e-01 -1.032508687987425899e+00 -1.529171376328263676e+01
4.800000000000000933e-01 -8.756392343695861280e-01 -1.548397924827426131e+01
4.900000000000000466e-01 -7.228291030219406998e-01 -1.465876689712117198e+01
5.000000000000001110e-01 -5.824638964271626751e-01 -1.333705856377903132e+01
5.100000000000000089e-01 -4.560879317463600868e-01 -1.162677673740458850e+01
5.200000000000001288e-01 -3.499283616790709317e-01 -9.449124833080732699e+00
5.300000000000000266e-01 -2.671054350847454351e-01 -6.820921331268888110e+00
5.400000000000001465e-01 -2.135099350536931451e-01 -4.234980410980507592e+00
5.500000000000000444e-01 -1.824058268651352621e-01 -2.331375049171042768e+00
5.600000000000000533e-01 -1.668824340702722842e-01 -1.173846139146904388e+00
5.700000000000000622e-01 -1.589289040821971755e-01 -3.852385283542668626e-01
5.800000000000000711e-01 -1.591776635031869613e-01 3.563208588363984686e-01
5.900000000000000799e-01 -1.660553212589251648e-01 9.120330655797896924e-01
6.000000000000000888e-01 -1.774183248147827574e-01 1.107310833001893924e+00
6.100000000000000977e-01 -1.882015379189630466e-01 1.008312822079820092e+00
6.199999999999999956e-01 -1.975845812563791493e-01 1.162113515187289670e+00
6.300000000000001155e-01 -2.114438082227088345e-01 1.934427507371174304e+00
6.400000000000001243e-01 -2.362731314038026553e-01 3.013514742084051345e+00
6.500000000000000222e-01 -2.717141030643898669e-01 3.663578093121143020e+00
6.600000000000001421e-01 -3.095446932662255235e-01 3.332223434886699032e+00
6.700000000000001510e-01 -3.383585717621238609e-01 1.816225901001343068e+00
6.800000000000000488e-01 -3.458692112862523649e-01 -3.893615308212753368e-01
6.900000000000000577e-01 -3.305713411456983608e-01 -2.316491228451363682e+00
7.000000000000001776e-01 -2.995393867172250757e-01 -3.040853309027048645e+00
7.100000000000000755e-01 -2.697542749651573590e-01 -2.248692623548231406e+00
7.200000000000000844e-01 -2.545655342462604942e-01 -6.271186713267452584e-01
7.300000000000000933e-01 -2.572119015386224450e-01 8.152682051982463873e-01
7.400000000000001021e-01 -2.708708983502253753e-01 1.522841339242726466e+00
7.500000000000001110e-01 -2.876687283234770076e-01 1.496591199840455078e+00
7.600000000000001199e-01 -3.008027223470344791e-01 1.074529156713325495e+00
7.700000000000000178e-01 -3.091593114577435020e-01 6.216832590453893470e-01
7.800000000000001377e-01 -3.132363875279423060e-01 2.725604702989884998e-01
7.900000000000001465e-01 -3.146105208637232642e-01 4.278305529708252564e-02
8.000000000000000444e-01 -3.140920486338839579e-01 -1.084813441958812213e-01
8.100000000000001643e-01 -3.124408939798056228e-01 -2.490352508996755143e-01
8.200000000000001732e-01 -3.091113436158904326e-01 -4.399096077451710718e-01
8.300000000000000711e-01 -3.036427018249022169e-01 -6.019866656790446857e-01
8.400000000000000799e-01 -2.970716103023095522e-01 -6.527857353581574262e-01
8.500000000000001998e-01 -2.905869871177390595e-01 -6.254354639239605440e-01
8.600000000000000977e-01 -2.845629010238303058e-01 -6.462468543410553323e-01
8.700000000000001066e-01 -2.776620500309179840e-01 -8.159228045230108028e-01
8.800000000000001155e-01 -2.682444449333700742e-01 -1.074813164460570514e+00
8.900000000000001243e-01 -2.561657867417065360e-01 -1.381652609589620440e+00
9.000000000000001332e-01 -2.406113927415776954e-01 -1.764824317995139058e+00
9.100000000000001421e-01 -2.208693003818037737e-01 -2.183592254610704053e+00
9.200000000000000400e-01 -1.969395476493636110e-01 -2.556693250612556589e+00
9.300000000000001599e-01 -1.697354353695526286e-01 -2.808909842004999824e+00
9.400000000000001688e-01 -1.407613508092636079e-01 -2.817417147492754737e+00
9.500000000000000666e-01 -1.133870924196975355e-01 -2.559619863874682988e+00
9.600000000000001865e-01 -8.956895353176992647e-02 -2.090333900831149005e+00
9.700000000000001954e-01 -7.158041440307454095e-02 -1.554147176178095835e+00
9.800000000000000933e-01 -5.848601000820801560e-02 -1.140041116050424685e+00
9.900000000000001021e-01 -4.877959208206604502e-02 -9.553296770219684708e-01
1.000000000000000222e+00 -3.937941646776864368e-02 -9.581347401945912168e-01
1.010000000000000231e+00 -2.961689727817422291e-02 -1.013432521349025617e+00
1.020000000000000018e+00 -1.911076604078813107e-02 -1.009513752808030906e+00
1.030000000000000027e+00 -9.426622222013602767e-03 -9.127225402215648487e-01
1.040000000000000258e+00 -8.563152363568320722e-04 -7.627135736681509570e-01
1.050000000000000266e+00 5.827649251349416824e-03 -5.954825197007059812e-01
1.060000000000000053e+00 1.105333515765728747e-02 -4.329640724243113414e-01
1.070000000000000062e+00 1.448693069983564459e-02 -2.552586792265507110e-01
1.080000000000000293e+00 1.615850874218830238e-02 -6.186993491357000580e-02
1.090000000000000080e+00 1.572432939810704602e-02 1.338529990569847505e-01
1.100000000000000089e+00 1.348144876104860786e-02 3.016621285945060293e-01
1.110000000000000098e+00 9.691086826216922800e-03 4.145183993922816335e-01
1.120000000000000107e+00 5.191080773202973696e-03 4.420308603524545354e-01
1.130000000000000115e+00 8.504696191678311201e-04 3.979965646592273920e-01
1.140000000000000124e+00 -2.768850519981574509e-03 3.192399186909576358e-01
1.150000000000000133e+00 -5.534328754651322152e-03 2.207139230261101481e-01
1.160000000000000142e+00 -7.183128980503778425e-03 -1.650783016858241581e-01
1.170000000000000151e+00 -2.232762720934838852e-03 -3.426215824342080940e-01
1.180000000000000160e+00 -3.306973318196150470e-04 -1.098694483378661463e-01
1.190000000000000169e+00 -3.537375417751607360e-05 -1.653486659098075268e-02
1.200000000000000178e+00 0.000000000000000000e+00 -3.537375417751607333e-03
