0.000000000000000000e+00 6.931993029375209517e+03 1.278142899322961021e+05
1.000000200000000262e-02 5.753334133470144479e+03 1.079174892483610747e+05
1.999999800000000494e-02 4.773643244406592203e+03 8.969384661232045619e+04
3.000000000000000583e-02 3.959457201223456650e+03 7.453566286854252394e+04
4.000000200000000672e-02 3.282929987036160583e+03 6.192832128977090179e+04
4.999999800000000383e-02 2.720890775430688336e+03 5.144350669723220199e+04
6.000000000000001166e-02 2.254059853093608581e+03 4.272474052082945855e+04
7.000000200000000561e-02 1.866395965011728322e+03 3.547533962755133689e+04
7.999999800000001660e-02 1.544553060539792341e+03 2.944839284812918777e+04
9.000000000000001055e-02 1.277428108052352172e+03 2.443841715812333132e+04
1.000000020000000045e-01 1.055784717378720188e+03 2.027441210053445684e+04
1.099999980000000155e-01 8.719398660413842208e+02 1.681407818112051973e+04
1.200000000000000233e-01 7.195031537567280111e+02 1.393900421421708234e+04
1.300000020000000311e-01 5.931597817566240565e+02 1.155066126894761328e+04
1.399999980000000144e-01 4.884899283787520403e+02 9.567068064520959524e+03
1.500000000000000222e-01 4.018184204653680354e+02 7.920015305774946683e+03
1.600000020000000300e-01 3.300896222614400699e+02 6.552755299491639562e+03
1.699999980000000133e-01 2.707633144742800368e+02 5.418078883522866818e+03
1.800000000000000211e-01 2.217280445916800318e+02 4.476714763875106655e+03
1.900000020000000289e-01 1.812290191983120451e+02 3.695997229153733315e+03
1.999999980000000122e-01 1.478081000100000040e+02 3.048757264659479915e+03
2.100000000000000200e-01 1.202538739047040082e+02 2.512399624567133287e+03
2.200000020000000278e-01 9.756010751796000591e+01 2.068134694008426777e+03
2.299999980000000388e-01 7.889118002648801564e+01 1.700339195768306809e+03
2.400000000000000466e-01 6.355332360412801052e+01 1.396024143396066620e+03
2.500000020000000545e-01 5.097069715508001053e+01 1.144392062327413441e+03
2.599999980000000654e-01 4.066548235646400400e+01 9.364685128006533432e+02
2.700000000000000733e-01 3.224132690088000430e+01 1.222836423139186763e+03
2.800000020000000256e-01 1.620875389270400291e+01 1.338421264371146663e+03
2.899999980000000366e-01 5.472901613736000925e+00 6.687256700453067424e+02
3.000000000000000444e-01 2.834240491240000548e+00 2.859211152599199863e+02
3.100000020000000522e-01 -2.455206931360000566e-01 1.660473931978800124e+02
3.199999980000000632e-01 -4.867073731360000433e-01 2.411866804184000301e+01
3.300000000000000711e-01 -7.278940531360000854e-01 2.411866804184000301e+01
3.400000020000000789e-01 -9.690807331360000720e-01 1.482442575335999990e+01
3.499999980000000344e-01 -1.024382569040000135e+00 9.470281069026666998e+00
3.600000000000000422e-01 -1.158486354656000028e+00 1.194530071873333377e+01
3.700000020000000500e-01 -1.263288579928000255e+00 7.785463806866666836e+00
3.799999980000000610e-01 -1.314195630096000045e+00 3.674268196200000336e+00
3.900000000000000688e-01 -1.336773945944000230e+00 1.891651775000000146e+00
4.000000020000000767e-01 -1.352028667688000230e+00 1.538771360093333262e+00
4.099999980000000321e-01 -1.367549374680000263e+00 1.751145502880000260e+00
4.200000000000000400e-01 -1.387051576072000136e+00 1.924457298666666816e+00
4.300000020000000478e-01 -1.406038517864000248e+00 1.196019007546666790e+00
4.399999980000000588e-01 -1.410971955944000156e+00 -1.801291984133333302e-01
4.500000000000000666e-01 -1.402435934872000134e+00 -7.840887616133334070e-01
4.600000020000000744e-01 -1.395290181688000342e+00 -2.984080193466666642e-01
4.699999980000000854e-01 -1.396467772672000285e+00 2.475794136000000062e-02
4.800000000000000933e-01 -1.395785341352000275e+00 -6.648396431866666623e-01
4.900000020000001011e-01 -1.383170983016000166e+00 -1.727590412706666578e+00
4.999999980000000566e-01 -1.361233530448000328e+00 -2.527420205173333212e+00
5.100000000000000089e-01 -1.332622576960000194e+00 -3.312656930866666460e+00
5.200000020000000722e-01 -1.294980392528000124e+00 -4.087039077466666726e+00
5.299999980000000832e-01 -1.250881798200000228e+00 -4.363199192840000684e+00
5.400000000000001465e-01 -1.207716407416000282e+00 -4.206565232480000027e+00
5.500000020000000989e-01 -1.166750491040000171e+00 -4.107700813093333458e+00
5.599999980000001099e-01 -1.125562391712000121e+00 -3.952000512333333049e+00
5.700000000000000622e-01 -1.087710480096000021e+00 -3.238298087906666733e+00
5.800000020000000145e-01 -1.060796431488000069e+00 -2.222662714786666882e+00
5.899999980000001365e-01 -1.043257229008000220e+00 -1.899414050346666549e+00
6.000000000000000888e-01 -1.022808150760000201e+00 -2.628102900306666712e+00
6.100000020000000411e-01 -9.906951683519999996e-01 -3.509004721893333123e+00
6.199999980000001631e-01 -9.526280568800000736e-01 -3.669189259520000412e+00
6.300000000000001155e-01 -9.173113856720001014e-01 -3.292947766520000208e+00
6.400000020000000678e-01 -8.867691019680001840e-01 -2.980058002693333652e+00
6.499999980000001898e-01 -8.577102219920001991e-01 -2.996010555666666519e+00
6.600000000000001421e-01 -8.268488873680001072e-01 -3.148807146480000263e+00
6.700000020000000944e-01 -7.947340807360000481e-01 -3.052487052360000064e+00
6.799999980000001054e-01 -7.657991475760000943e-01 -2.726710819573333389e+00
6.900000000000000577e-01 -7.401998665760001206e-01 -2.641825583506666852e+00
7.000000020000000100e-01 -7.129626374400001021e-01 -2.848837253880000198e+00
7.099999980000001321e-01 -6.832231210800000509e-01 -2.867806805573333673e+00
7.200000000000000844e-01 -6.556064993760001292e-01 -2.557069577253333392e+00
7.300000020000000367e-01 -6.320817292560001466e-01 -2.225162082973333177e+00
7.399999980000001587e-01 -6.111032578560000594e-01 -2.055012672933333118e+00
7.500000000000001110e-01 -5.909814730080000800e-01 -2.068474762666666411e+00
7.600000020000000633e-01 -5.697337653920000466e-01 -2.280145993453333464e+00
7.699999980000001853e-01 -5.453785549520000497e-01 -2.517307295866666461e+00
7.800000000000001377e-01 -5.193876180800001130e-01 -2.474396673026666882e+00
7.900000020000000900e-01 -4.958906213520000161e-01 -2.194590076133333234e+00
7.999999980000002120e-01 -4.754958179520000217e-01 -2.034688251386666646e+00
8.100000000000001643e-01 -4.551968574400000467e-01 -2.083560530306666436e+00
8.200000020000001166e-01 -4.338246046960000379e-01 -2.100076919119999719e+00
8.299999980000001276e-01 -4.131953173840000604e-01 -1.981157458053333320e+00
8.400000000000000799e-01 -3.942014552560000329e-01 -1.862052227386666647e+00
8.500000020000000323e-01 -3.759542739520000398e-01 -1.873098294213333181e+00
8.599999980000001543e-01 -3.567394882560000480e-01 -1.997746425320000130e+00
8.700000000000001066e-01 -3.359993458640000430e-01 -2.042338151466666751e+00
8.800000020000000589e-01 -3.158927280160000461e-01 -1.871651397280000184e+00
8.899999980000001809e-01 -2.985663154079999937e-01 -1.633510955186666669e+00
9.000000000000001332e-01 -2.832225079360000120e-01 -1.488870612133333271e+00
9.100000020000000855e-01 -2.687889045600000415e-01 -1.393521150226666672e+00
9.199999980000002076e-01 -2.553520847920000558e-01 -1.339933970519999962e+00
9.300000000000001599e-01 -2.419902255680000391e-01 -1.427542237466666641e+00
9.400000020000001122e-01 -2.268012386480000031e-01 -1.562042628626666874e+00
9.499999980000002342e-01 -2.107493728560000390e-01 -1.516844689693333414e+00
9.600000000000001865e-01 -1.964643475040000198e-01 -1.319029465266666756e+00
9.700000020000001388e-01 -1.843687842480000172e-01 -1.148134836013333437e+00
9.799999980000001498e-01 -1.735016517600000141e-01 -9.977270860533333785e-01
9.900000000000001021e-01 -1.644142422479999976e-01 -8.223116169066667647e-01
1.000000002000000165e+00 -1.570554188640000126e-01 -7.629005183999999495e-01
1.009999998000000065e+00 -1.491562318800000175e-01 -9.214451163066667005e-01
1.020000000000000018e+00 -1.386265138880000136e-01 -1.144445566119999924e+00
1.030000002000000192e+00 -1.262673209760000193e-01 -1.201111040146666697e+00
1.039999998000000092e+00 -1.146042954560000104e-01 -1.064359545413333219e+00
1.050000000000000266e+00 -1.049801289520000264e-01 -8.916549247333334094e-01
1.060000002000000219e+00 -9.677119626400002006e-02 -7.982285477733334078e-01
1.069999998000000119e+00 -8.901555813600001144e-02 -7.853173165066666961e-01
1.080000000000000293e+00 -8.106484937600000329e-02 -8.291119278933334336e-01
1.090000002000000245e+00 -7.243332013600001229e-02 -8.853661426133334622e-01
1.099999998000000145e+00 -6.335752540800000665e-02 -8.774996508000000306e-01
1.110000000000000320e+00 -5.488332712000000557e-02 -7.912094066133333881e-01
1.120000002000000272e+00 -4.753334034400000935e-02 -7.024111891466666702e-01
1.129999998000000172e+00 -4.083510361600000554e-02 -6.589102527200000337e-01
1.140000000000000124e+00 -3.435513361600000398e-02 -6.372711486400000069e-01
1.150000002000000077e+00 -2.808968148000000331e-02 -6.175364340000000229e-01
1.159999998000000199e+00 -2.200440493600000144e-02 -1.230775586200000049e+00
1.170000000000000151e+00 -3.474167664000000610e-03 -1.074226365786666637e+00
1.180000002000000103e+00 -5.198787360000000799e-04 -1.693334114933333356e-01
1.189999998000000225e+00 -8.749999200000000397e-05 -2.599388101333333784e-02
1.200000000000000178e+00 0.000000000000000000e+00 8.493889586666667629e-03
