0.000000000000000000e+00 7.466364274866079143e+01 2.580643174697092377e+02
1.000000000000000194e-02 7.208299957396368995e+01 2.580643174697098630e+02
2.000000000000000389e-02 6.950235639926658848e+01 2.580643174697098630e+02
3.000000000000000583e-02 6.692171322456950122e+01 2.580643174697092377e+02
4.000000000000000777e-02 6.434107004987239975e+01 2.580643174697098630e+02
5.000000000000000278e-02 6.176042687517529828e+01 2.580643174697104314e+02
6.000000000000001166e-02 5.917978370047819681e+01 2.580643174697092377e+02
7.000000000000000666e-02 5.659914052578111665e+01 2.580643174697092377e+02
8.000000000000001554e-02 5.401849735108400807e+01 2.580643174697098630e+02
9.000000000000001055e-02 5.143785417638691371e+01 2.580643174697098630e+02
1.000000000000000056e-01 4.885721100168981224e+01 2.580643174697098630e+02
1.100000000000000144e-01 4.627656782699271787e+01 2.580643174697098630e+02
1.200000000000000233e-01 4.369592465229561640e+01 2.580643174697098630e+02
1.300000000000000322e-01 4.111528147759852203e+01 2.580643174697092377e+02
1.400000000000000133e-01 3.853463830290142766e+01 2.580643174697098630e+02
1.500000000000000222e-01 3.595399512820432619e+01 2.580643174697098630e+02
1.600000000000000311e-01 3.337335195350723183e+01 2.580643174697092377e+02
1.700000000000000122e-01 3.079270877881014101e+01 2.580643174697098630e+02
1.800000000000000211e-01 2.821206560411303599e+01 2.580643174697098630e+02
1.900000000000000300e-01 2.563142242941594162e+01 2.580643174697094082e+02
2.000000000000000111e-01 2.305077925471884726e+01 2.580643174697095787e+02
2.100000000000000200e-01 2.047013608002174934e+01 2.580643174697096924e+02
2.200000000000000289e-01 1.788949290532465142e+01 2.580643174697096924e+02
2.300000000000000100e-01 1.530884973062755705e+01 2.580643174697100335e+02
2.400000000000000466e-01 1.272820655593045203e+01 2.580643174697100903e+02
2.500000000000000555e-01 1.014756338123335411e+01 2.580643174697096924e+02
2.600000000000000644e-01 7.566920206536257076e+00 2.580643174697096356e+02
2.700000000000000733e-01 4.986277031839161822e+00 2.580643174697096356e+02
2.800000000000000266e-01 2.405633857142065235e+00 1.844240074026440368e+02
2.900000000000000355e-01 1.297796883786280553e+00 9.157002458950752555e+01
3.000000000000000444e-01 5.742333653519146042e-01 6.197609429993863017e+01
3.099999999999999978e-01 5.827499778750779708e-02 4.434788704823365890e+01
3.200000000000000622e-01 -3.127243756127586760e-01 3.140356769542955107e+01
3.300000000000000711e-01 -5.697963561210832584e-01 2.100755876821992629e+01
3.400000000000000244e-01 -7.328755509771571752e-01 1.242905899845456297e+01
3.500000000000000888e-01 -8.183775360901744955e-01 5.434274637758840676e+00
3.600000000000000422e-01 -8.415610437323340909e-01 -4.968256875745872408e-02
3.700000000000000511e-01 -8.173838847150253217e-01 -4.052098127146598117e+00
3.800000000000000600e-01 -7.605190811894020353e-01 -6.650348336836681362e+00
3.900000000000000688e-01 -6.843769179782916989e-01 -8.020204287399625542e+00
4.000000000000000222e-01 -6.001149954414095600e-01 -8.343195032100959807e+00
4.100000000000000866e-01 -5.175130173362725294e-01 -7.956515947546648704e+00
4.200000000000000400e-01 -4.409846764904765681e-01 -7.376105341850679231e+00
4.300000000000000488e-01 -3.699909104992589182e-01 -6.950545529728023197e+00
4.400000000000000577e-01 -3.019737658959161242e-01 -6.742834799455032169e+00
4.500000000000000666e-01 -2.351342145101582570e-01 -6.616451498282699184e+00
4.600000000000000200e-01 -1.696447359302621083e-01 -6.361246491291655758e+00
4.700000000000000844e-01 -1.079092846843251186e-01 -5.908761438316084913e+00
4.800000000000000933e-01 -5.146950716394040753e-02 -5.281354878986373791e+00
4.900000000000000466e-01 -2.282187104597649743e-03 -4.542446568699281428e+00
5.000000000000001110e-01 3.937942421004522048e-02 -3.733939710680334034e+00
5.100000000000000089e-01 7.239660710900903962e-02 -2.901350125011734615e+00
5.200000000000001288e-01 9.740642671027990862e-02 -2.107969529200699910e+00
5.300000000000000266e-01 1.145559976930230345e-01 -1.372090219405146305e+00
5.400000000000001465e-01 1.248482310983828475e-01 -7.225687854859698112e-01
5.500000000000000444e-01 1.290073734027424313e-01 -2.231843109791262769e-01
5.600000000000000533e-01 1.293119173179653747e-01 7.769634135428189758e-02
5.700000000000000622e-01 1.274534465756567980e-01 2.366324757310238058e-01
5.800000000000000711e-01 1.245792678033448980e-01 3.704794742633167326e-01
5.900000000000000799e-01 1.200438570903904628e-01 5.275206525055676776e-01
6.000000000000000888e-01 1.140288547532335439e-01 6.679399208727497816e-01
6.100000000000000977e-01 1.066850586729354705e-01 7.097621764797266142e-01
6.199999999999999956e-01 9.983361122363899887e-02 5.910108556176310035e-01
6.300000000000001155e-01 9.486484156058284933e-02 3.607753229345280754e-01
6.400000000000001243e-01 9.261810476494844457e-02 8.399887145665768662e-02
6.500000000000000222e-01 9.318486413144969061e-02 -1.958206319120830152e-01
6.600000000000001421e-01 9.653451740319010654e-02 -4.236261314566192593e-01
6.700000000000001510e-01 1.016573867605820858e-01 -5.296964885548129942e-01
6.800000000000000488e-01 1.071284471742863648e-01 -5.068262062686920144e-01
6.900000000000000577e-01 1.117939108859559161e-01 -4.215978458622438585e-01
7.000000000000001776e-01 1.155604040915312464e-01 -3.544043313848632137e-01
7.100000000000000755e-01 1.188819975136531926e-01 -3.228463481281811376e-01
7.200000000000000844e-01 1.220173310540948602e-01 -3.095195368442679174e-01
7.300000000000000933e-01 1.250723882505385409e-01 -3.050069524041057467e-01
7.400000000000001021e-01 1.281174701021769724e-01 -3.030571545535016287e-01
7.500000000000001110e-01 1.311335313416085724e-01 -2.972394746565704682e-01
7.600000000000001199e-01 1.340622595953084029e-01 -2.745475605536612518e-01
7.700000000000000178e-01 1.366244825526818085e-01 -2.254147171736237409e-01
7.800000000000001377e-01 1.385705539387808716e-01 -1.653218275274627447e-01
7.900000000000001465e-01 1.399309191032310495e-01 -1.156748905312637438e-01
8.000000000000000444e-01 1.408840517494061306e-01 -8.192360689919465921e-02
8.100000000000001643e-01 1.415693912412149535e-01 -4.883033761758131391e-02
8.200000000000001732e-01 1.418606585017577748e-01 -7.937507655758374581e-03
8.300000000000000711e-01 1.417281413943301260e-01 3.536253117880983760e-02
8.400000000000000799e-01 1.411534078781815638e-01 8.745337999253607886e-02
8.500000000000001998e-01 1.399790737944794083e-01 1.566881376042053020e-01
8.600000000000000977e-01 1.380196451260974622e-01 2.293232911351843761e-01
8.700000000000001066e-01 1.353926079717757136e-01 2.766655726185128228e-01
8.800000000000001155e-01 1.324863336737271968e-01 2.919044025282127031e-01
8.900000000000001243e-01 1.295545199212114473e-01 2.903333182314590255e-01
9.000000000000001332e-01 1.266796673090980208e-01 2.819022739066083805e-01
9.100000000000001421e-01 1.239164744430792942e-01 2.836347014986845827e-01
9.200000000000000400e-01 1.210069732791243385e-01 3.090056870163662706e-01
9.300000000000001599e-01 1.177363607027519660e-01 3.531580065647522693e-01
9.400000000000001688e-01 1.139438131478292815e-01 4.063245805499824947e-01
9.500000000000000666e-01 1.096098690917523127e-01 4.529091958866902634e-01
9.600000000000001865e-01 1.048856292300954784e-01 4.813381839531912787e-01
9.700000000000001954e-01 9.998310541268848328e-02 4.836807445092061730e-01
9.800000000000000933e-01 9.521201433991136054e-02 4.642826814009205494e-01
9.900000000000001021e-01 9.069745178467007729e-02 4.369671524982496891e-01
1.000000000000000222e+00 8.647267128994635954e-02 4.099987665012652660e-01
1.010000000000000231e+00 8.249747645464476642e-02 3.933686991224797924e-01
1.020000000000000018e+00 7.860529730749676869e-02 3.983787492653549367e-01
1.030000000000000027e+00 7.452990146933767546e-02 4.237393313901798853e-01
1.040000000000000258e+00 7.013051067969316987e-02 4.537958050030201362e-01
1.050000000000000266e+00 6.545398536927726774e-02 4.743939329870518473e-01
1.060000000000000053e+00 6.064263201995213209e-02 4.821193824010544526e-01
1.070000000000000062e+00 5.581159772125617730e-02 4.758360276637629838e-01
1.080000000000000293e+00 5.112591146667687381e-02 4.574953978758763973e-01
1.090000000000000080e+00 4.666168976373864796e-02 4.361708299639668884e-01
1.100000000000000089e+00 4.240249486739753465e-02 4.190842076989393927e-01
1.110000000000000098e+00 3.828000560975985955e-02 4.111645839005600989e-01
1.120000000000000107e+00 3.417920318938633129e-02 4.132551529271806245e-01
1.130000000000000115e+00 3.001490255121624928e-02 4.221397807643658129e-01
1.140000000000000124e+00 2.573640757409901419e-02 4.307171392048873559e-01
1.150000000000000133e+00 2.140055976711850022e-02 4.337907177684235949e-01
1.160000000000000142e+00 1.706059321873053952e-02 8.144705178699541692e-01
1.170000000000000151e+00 5.111149409719416108e-03 8.242175456026331615e-01
1.180000000000000160e+00 5.762423066778733392e-04 2.530947762162632508e-01
1.190000000000000169e+00 4.925388539414999564e-05 2.881211533389366197e-02
1.200000000000000178e+00 0.000000000000000000e+00 4.925388539414998941e-03
