0.000000000000000000e+00 5.648789530400000558e+02 1.913600934400000142e+03
1.002000000000000113e-02 5.457429688000000851e+02 1.913600934400000142e+03
1.998000000000000470e-02 5.266069427200000064e+02 1.913600934400000142e+03
3.000000000000000583e-02 5.074709166400000981e+02 1.913600934400000142e+03
4.002000000000000002e-02 4.883349324000000706e+02 1.913600934400000142e+03
4.998000000000000359e-02 4.691989063200000487e+02 1.913600934400000142e+03
6.000000000000001166e-02 4.500629220800000780e+02 1.913600934400000142e+03
7.002000000000001279e-02 4.309268960000000561e+02 1.913600934400000142e+03
7.998000000000000942e-02 4.117908699200000342e+02 1.913600934400000142e+03
9.000000000000001055e-02 3.926548856800000635e+02 1.913600934400000142e+03
1.000200000000000117e-01 3.735188596000000416e+02 1.913600934400000142e+03
1.099800000000000083e-01 3.543828753600000709e+02 1.913600934400000142e+03
1.200000000000000233e-01 3.352468492800000490e+02 1.913600934400000142e+03
1.300200000000000244e-01 3.161108232000000271e+02 1.913600934400000142e+03
1.399800000000000211e-01 2.969748389599999996e+02 1.913600934400000142e+03
1.500000000000000222e-01 2.778388128800000345e+02 1.913600934400000142e+03
1.600200000000000233e-01 2.587028286400000638e+02 1.913600934400000142e+03
1.699800000000000200e-01 2.395668025600000135e+02 1.913600934400000142e+03
1.800000000000000211e-01 2.204307764800000484e+02 1.913600934400000142e+03
1.900200000000000222e-01 2.012947922400000209e+02 1.913600934400000142e+03
1.999800000000000189e-01 1.821587661599999990e+02 1.913600934400000142e+03
2.100000000000000200e-01 1.630227819200000283e+02 1.913600934400000142e+03
2.200200000000000489e-01 1.438867558400000348e+02 1.913600934400000142e+03
2.299800000000000177e-01 1.247507716000000073e+02 1.913600934400000142e+03
2.400000000000000466e-01 1.056147455200000138e+02 1.913600934400000142e+03
2.500200000000000200e-01 8.647871944000000610e+01 1.913600934400000142e+03
2.599800000000000444e-01 6.734273520000000701e+01 1.913600934400000142e+03
2.700000000000000733e-01 4.820670912000000641e+01 1.913600934400000142e+03
2.800200000000000466e-01 2.907072488000000376e+01 1.913600934400000142e+03
2.899800000000000710e-01 9.934698800000001384e+00 1.173498334666666779e+03
3.000000000000000444e-01 5.600744240000000929e+00 3.829525941333333208e+02
3.100200000000000733e-01 2.275635760000000563e+00 2.948713050666666504e+02
3.199800000000000422e-01 -2.966874400000000245e-01 2.300124711999999931e+02
3.300000000000000711e-01 -2.324588560000000470e+00 1.810594620000000248e+02
3.400200000000000444e-01 -3.917855760000000132e+00 1.411893589333333523e+02
3.499800000000000688e-01 -5.148412000000000432e+00 1.071394787999999920e+02
3.600000000000000422e-01 -6.060649520000001012e+00 7.735567480000000273e+01
3.700200000000000711e-01 -6.695487840000001079e+00 4.978750800000000254e+01
3.799800000000000400e-01 -7.056399680000001062e+00 2.568083413333333098e+01
3.900000000000000688e-01 -7.209115680000000914e+00 3.447964666666666567e+00
4.000200000000000422e-01 -7.125393840000000978e+00 -1.810542320000000061e+01
4.099800000000000666e-01 -6.847032320000000283e+00 -3.399506973333333804e+01
4.200000000000000400e-01 -6.445452000000000403e+00 -4.574471800000000599e+01
4.300200000000000689e-01 -5.932117040000000507e+00 -4.895698400000000561e+01
4.399800000000000377e-01 -5.466312320000001002e+00 -4.224006013333333698e+01
4.500000000000000666e-01 -5.087325600000000669e+00 -3.025799066666666803e+01
4.600200000000000955e-01 -4.861180400000000290e+00 -1.888859826666666564e+01
4.699800000000000644e-01 -4.709552240000000722e+00 -1.612931999999999988e+01
4.800000000000000933e-01 -4.538594000000000683e+00 -1.485013173333333469e+01
4.900200000000000666e-01 -4.412530080000000687e+00 -7.299685333333333581e+00
4.999800000000000910e-01 -4.392572400000000599e+00 -3.283045333333333371e+00
5.100000000000000089e-01 -4.346883120000001099e+00 -5.396523200000000742e+00
5.200200000000000378e-01 -4.284667040000000426e+00 -9.697466000000000363e+00
5.299800000000001177e-01 -4.152912880000000584e+00 -7.761389733333333929e+00
5.400000000000001465e-01 -4.129440640000000329e+00 -4.280231999999999815e+00
5.500200000000000644e-01 -4.067308240000000019e+00 -6.489941866666667281e+00
5.599800000000001443e-01 -3.999652960000000590e+00 -9.208426133333333041e+00
5.700000000000000622e-01 -3.883170400000000910e+00 -1.751080706666666842e+01
5.800200000000000911e-01 -3.649410320000000763e+00 -2.096232813333333311e+01
5.899800000000000599e-01 -3.463891760000000541e+00 -1.913908040000000099e+01
6.000000000000000888e-01 -3.266616160000000324e+00 -2.330906400000000289e+01
6.100200000000000067e-01 -2.997710480000000288e+00 -2.729425426666666965e+01
6.199800000000001976e-01 -2.720771519999999999e+00 -2.504375040000000396e+01
6.300000000000001155e-01 -2.496843840000000370e+00 -1.885861293333333322e+01
6.400200000000000333e-01 -2.343583920000000376e+00 -1.412699706666666799e+01
6.499800000000000022e-01 -2.214298320000000153e+00 -1.000910426666666808e+01
6.600000000000001421e-01 -2.143379520000000316e+00 -3.552216000000000484e+00
6.700200000000000600e-01 -2.143254000000000214e+00 4.089162666666666945e-01
6.799800000000001399e-01 -2.151580160000000408e+00 3.064222133333333264e+00
6.900000000000000577e-01 -2.204549600000000442e+00 5.163892800000000172e+00
7.000200000000001976e-01 -2.254841280000000392e+00 4.055132799999999982e+00
7.099800000000001665e-01 -2.285677360000000213e+00 5.715483466666666068e+00
7.200000000000000844e-01 -2.369148160000000392e+00 7.673107333333334168e+00
7.300200000000000022e-01 -2.439104640000000490e+00 6.491545733333333956e+00
7.399800000000001932e-01 -2.498977680000000312e+00 5.543730266666667461e+00
7.500000000000001110e-01 -2.549980640000000243e+00 5.819107199999999480e+00
7.600200000000000289e-01 -2.615376560000000072e+00 5.009782133333333221e+00
7.699800000000002198e-01 -2.650187440000000283e+00 3.113872266666666722e+00
7.800000000000001377e-01 -2.677634480000000483e+00 1.764950666666666779e+00
7.900200000000000555e-01 -2.685500400000000454e+00 -4.815086666666666959e-01
7.999800000000000244e-01 -2.668011279999999985e+00 -2.804465466666666629e+00
8.100000000000001643e-01 -2.629392960000000112e+00 -2.732012533333333604e+00
8.200200000000000822e-01 -2.613368240000000231e+00 -2.086839733333333502e+00
8.299800000000001621e-01 -2.587678480000000558e+00 -3.078168800000000260e+00
8.400000000000000799e-01 -2.551821600000000245e+00 -3.741890666666666476e+00
8.500200000000002198e-01 -2.512826720000000069e+00 -1.463214533333333511e+00
8.599800000000001887e-01 -2.522575440000000224e+00 -5.685358666666666672e-01
8.700000000000001066e-01 -2.501446240000000376e+00 -1.342018000000000155e+00
8.800200000000000244e-01 -2.495714160000000348e+00 -1.666766133333333455e+00
8.899800000000002154e-01 -2.468141600000000491e+00 -3.066314133333333469e+00
9.000000000000001332e-01 -2.434376720000000383e+00 -4.018941200000000435e+00
9.100200000000000511e-01 -2.387725120000000256e+00 -4.719621733333332791e+00
9.199800000000002420e-01 -2.339985680000000290e+00 -5.627410266666667660e+00
9.300000000000001599e-01 -2.275175520000000340e+00 -7.137555333333333252e+00
9.400200000000000777e-01 -2.197227600000000169e+00 -6.450682000000000471e+00
9.499800000000000466e-01 -2.146182800000000501e+00 -5.901253066666667380e+00
9.600000000000001865e-01 -2.079238800000000165e+00 -8.564996666666667480e+00
9.700200000000001044e-01 -1.974889840000000341e+00 -1.009383026666666616e+01
9.799800000000001843e-01 -1.877360800000000163e+00 -1.041690480000000107e+01
9.900000000000001021e-01 -1.766526640000000370e+00 -1.161666680000000085e+01
1.000020000000000131e+00 -1.645023280000000199e+00 -1.186889226666666630e+01
1.009980000000000100e+00 -1.529168320000000136e+00 -1.124568546666666613e+01
1.020000000000000018e+00 -1.420091440000000205e+00 -1.136632413333333425e+01
1.030020000000000158e+00 -1.301851600000000220e+00 -1.067568520000000021e+01
1.039980000000000127e+00 -1.206581920000000085e+00 -8.515764933333333175e+00
1.050000000000000266e+00 -1.131520960000000242e+00 -9.082906133333333187e+00
1.060020000000000184e+00 -1.024912640000000152e+00 -1.024410560000000103e+01
1.069980000000000153e+00 -9.266304800000001451e-01 -9.794255866666667032e+00
1.080000000000000293e+00 -8.290596000000001187e-01 -1.047234279999999984e+01
1.090020000000000211e+00 -7.171794400000001124e-01 -1.129108186666666747e+01
1.099980000000000180e+00 -6.032072800000000123e-01 -1.032576333333333274e+01
1.110000000000000320e+00 -5.106990399999999930e-01 -9.629476000000000369e+00
1.120020000000000238e+00 -4.106177600000000538e-01 -9.713853333333332785e+00
1.129980000000000206e+00 -3.163940800000000220e-01 -9.031582399999999566e+00
1.140000000000000124e+00 -2.299944800000000011e-01 -8.776497866666668202e+00
1.150020000000000264e+00 -1.408752800000000194e-01 -8.261656666666667093e+00
1.159980000000000233e+00 -6.476832000000000422e-02 -7.239366000000001300e+00
1.170000000000000151e+00 3.932960000000000969e-03 -3.316517333333333539e+00
1.180020000000000069e+00 1.548080000000000289e-03 1.891865333333333232e-01
1.189980000000000260e+00 1.255200000000000044e-04 7.824079999999999924e-02
1.200000000000000178e+00 0.000000000000000000e+00 1.324933333333333345e-02
