0.000000000000000000e+00 1.662478171480768287e+04 2.564538834677813866e+05
1.000000000000000194e-02 1.406024288012986653e+04 2.367194031972996600e+05
2.000000000000000389e-02 1.189039365086168800e+04 2.002839879461742239e+05
3.000000000000000583e-02 1.005456312120638177e+04 1.694496434559604677e+05
4.000000000000000777e-02 8.501400781742479012e+03 1.433558978481442027e+05
5.000000000000000278e-02 7.187445164243498766e+03 1.212744257884242834e+05
6.000000000000001166e-02 6.075912265973992362e+03 1.025887577084837249e+05
7.000000000000000666e-02 5.135670010073823505e+03 8.677710434235370485e+04
8.000000000000001554e-02 4.340370179126917719e+03 7.339781829492704128e+04
9.000000000000001055e-02 3.667713644175283207e+03 6.207708778722930583e+04
1.000000000000000056e-01 3.098828423382331948e+03 5.249851987759224721e+04
1.100000000000000144e-01 2.617743246623438154e+03 4.439432307038747967e+04
1.200000000000000233e-01 2.210941961974582227e+03 3.753784375937410368e+04
1.300000000000000322e-01 1.866986371435955789e+03 3.173724865100699390e+04
1.400000000000000133e-01 1.576196988954442304e+03 2.683017722383471482e+04
1.500000000000000222e-01 1.330382826959261365e+03 2.267921529192051821e+04
1.600000000000000311e-01 1.122612683116031803e+03 1.916806360511106323e+04
1.700000000000000122e-01 9.470215548570402007e+02 1.619829477361668069e+04
1.800000000000000211e-01 7.986467876436981896e+02 1.368660818761998235e+04
1.900000000000000300e-01 6.732893911046404583e+02 1.156250647068413309e+04
2.000000000000000111e-01 5.673966582300155324e+02 9.766328744722088231e+03
2.100000000000000200e-01 4.779628162101986959e+02 8.247585921059517204e+03
2.200000000000000289e-01 4.024449398088251542e+02 6.963551643365884956e+03
2.300000000000000100e-01 3.386917833428810241e+02 5.878069628133018341e+03
2.400000000000000466e-01 2.848835472461647669e+02 4.960544175203712257e+03
2.500000000000000555e-01 2.394808998388067778e+02 4.185085722402464853e+03
2.600000000000000644e-01 2.011818327981154653e+02 3.529787636646686678e+03
2.700000000000000733e-01 1.688851471058730169e+02 2.976114089262700872e+03
2.800000000000000266e-01 1.416595510128614706e+02 2.508381957379926916e+03
2.900000000000000355e-01 1.187175079582744814e+02 2.113322312384173529e+03
3.000000000000000444e-01 9.939310476517798065e+01 1.779709273407696401e+03
3.099999999999999978e-01 8.312332249012055740e+01 1.498045880453674044e+03
3.200000000000000622e-01 6.943218715610450431e+01 1.260298230252221401e+03
3.300000000000000711e-01 5.791735788507612170e+01 1.059670462557043948e+03
3.400000000000000244e-01 4.823877790496361939e+01 8.904143227602643265e+02
3.500000000000000888e-01 4.010907142987083063e+01 1.252489015548362659e+03
3.600000000000000422e-01 2.318899759399636196e+01 1.234644257875492031e+03
3.700000000000000511e-01 1.541618627236098682e+01 6.272759593038850880e+02
3.800000000000000600e-01 1.064347840791866062e+01 2.725931712561819609e+02
3.900000000000000688e-01 9.964322847237347958e+00 1.645917375820482960e+02
4.000000000000000222e-01 7.351643656277693673e+00 1.408105095169626964e+02
4.100000000000000866e-01 7.148112656898093498e+00 4.090055842829678312e+01
4.200000000000000400e-01 6.533632487711757975e+00 6.646163170122837016e+01
4.300000000000000488e-01 5.818880022873526237e+00 7.039418767961917922e+01
4.400000000000000577e-01 5.125748734119374816e+00 6.632509598707196119e+01
4.500000000000000666e-01 4.492378103132086409e+00 6.035306464714368957e+01
4.600000000000000200e-01 3.918687441176500919e+00 5.509007818427645020e+01
4.700000000000000844e-01 3.390576539446557458e+00 5.091158578299246074e+01
4.800000000000000933e-01 2.900455725516651651e+00 4.716091618585431888e+01
4.900000000000000466e-01 2.447358215729471098e+00 4.336885709413856915e+01
5.000000000000001110e-01 2.033078583633880054e+00 3.958079746525041998e+01
5.100000000000000089e-01 1.655742266424462539e+00 3.592910638349042785e+01
5.200000000000001288e-01 1.314496455964071719e+00 3.243121831579916403e+01
5.300000000000000266e-01 1.007117900108479125e+00 2.914877147207711516e+01
5.400000000000001465e-01 7.315210265225292607e-01 2.609594502302881480e+01
5.500000000000000444e-01 4.851989996479028622e-01 2.322339870595455835e+01
5.600000000000000533e-01 2.670530524034380182e-01 2.049066720316223567e+01
5.700000000000000622e-01 7.538565558465815108e-02 1.792315936779959173e+01
5.800000000000000711e-01 -9.141013495255385923e-02 1.557829659195155791e+01
5.900000000000000799e-01 -2.361802762543730172e-01 1.348394594444195782e+01
6.000000000000000888e-01 -3.610890538413930040e-01 1.160614646946922157e+01
6.100000000000000977e-01 -4.683032056437574364e-01 9.906055949231683755e+00
6.199999999999999956e-01 -5.592101728260266968e-01 8.345565119497912576e+00
6.300000000000001155e-01 -6.352145080337157079e-01 6.923491387045580758e+00
6.400000000000001243e-01 -6.976800005669383520e-01 5.671252871683629238e+00
6.500000000000000222e-01 -7.486395654673883016e-01 4.577427549437634191e+00
6.600000000000001421e-01 -7.892285515556910491e-01 3.592874995586829989e+00
6.700000000000001510e-01 -8.204970653791249235e-01 2.724746113700537542e+00
6.800000000000000488e-01 -8.437234738297018088e-01 1.975746165344989924e+00
6.900000000000000577e-01 -8.600119886860246865e-01 1.288723949023710569e+00
7.000000000000001776e-01 -8.694979528101760557e-01 6.190198930827085499e-01
7.100000000000000755e-01 -8.723923865476789219e-01 -3.294114328515082568e-02
7.200000000000000844e-01 -8.688391299444729876e-01 -6.427645841809591643e-01
7.300000000000000933e-01 -8.595370948640597142e-01 -1.162307568693430326e+00
7.400000000000001021e-01 -8.455929785706043367e-01 -1.551738840859792523e+00
7.500000000000001110e-01 -8.285023180468638060e-01 -1.824360125728821558e+00
7.600000000000001199e-01 -8.091057760560279588e-01 -2.041613466308586311e+00
7.700000000000000178e-01 -7.876700487206921286e-01 -2.243420044045707051e+00
7.800000000000001377e-01 -7.642373751751138089e-01 -2.433052922811219876e+00
7.900000000000001465e-01 -7.390089902644677577e-01 -2.611536996941502764e+00
8.000000000000000444e-01 -7.120066352362837137e-01 -2.753268079839492621e+00
8.100000000000001643e-01 -6.839436286676778831e-01 -2.785277978288765777e+00
8.200000000000001732e-01 -6.563010756705084381e-01 -2.685280708956613971e+00
8.300000000000000711e-01 -6.302380144885455504e-01 -2.524590505084411074e+00
8.400000000000000799e-01 -6.058092655688201988e-01 -2.380432210080634547e+00
8.500000000000001998e-01 -5.826293702869328461e-01 -2.286027660404994499e+00
8.600000000000000977e-01 -5.600887123607203311e-01 -2.246372894721131441e+00
8.700000000000001066e-01 -5.377019123925103061e-01 -2.236258666983858667e+00
8.800000000000001155e-01 -5.153635390210431488e-01 -2.226126163010663461e+00
8.900000000000001243e-01 -4.931793891322969747e-01 -2.209783609149965411e+00
9.000000000000001332e-01 -4.711678668380438473e-01 -2.188784304723173868e+00
9.100000000000001421e-01 -4.494037030378335018e-01 -2.158404801480525048e+00
9.200000000000000400e-01 -4.279997708084333219e-01 -2.131222422335312672e+00
9.300000000000001599e-01 -4.067792545911272373e-01 -2.138472591122671851e+00
9.400000000000001688e-01 -3.852303189859798693e-01 -2.187814770853366397e+00
9.500000000000000666e-01 -3.630229591740599115e-01 -2.249699566353565494e+00
9.600000000000001865e-01 -3.402363276589085994e-01 -2.290256565500878860e+00
9.700000000000001954e-01 -3.172178278640423454e-01 -2.284787568576514882e+00
9.800000000000000933e-01 -2.945405762873782862e-01 -2.218035037258844877e+00
9.900000000000001021e-01 -2.728571271188654501e-01 -2.095440656659133705e+00
1.000000000000000222e+00 -2.526317631541956099e-01 -1.950783819927472518e+00
1.010000000000000231e+00 -2.338414507203159798e-01 -1.821241286095316214e+00
1.020000000000000018e+00 -2.162069374322892756e-01 -1.721390054953543691e+00
1.030000000000000027e+00 -1.994136496212450815e-01 -1.646597112226032333e+00
1.040000000000000258e+00 -1.832749951877686301e-01 -1.583148167827844510e+00
1.050000000000000266e+00 -1.677506862646881980e-01 -1.516424290092132532e+00
1.060000000000000053e+00 -1.529465093859259661e-01 -1.441914719130660494e+00
1.070000000000000062e+00 -1.389123918820749926e-01 -1.365742897534918621e+00
1.080000000000000293e+00 -1.256316514352275870e-01 -1.294797643936513643e+00
1.090000000000000080e+00 -1.130164390033447236e-01 -1.231038041877695388e+00
1.100000000000000089e+00 -1.010108905976736804e-01 -1.172234082426509172e+00
1.110000000000000098e+00 -8.957175735481454071e-02 -1.113402475251014101e+00
1.120000000000000107e+00 -7.874284109265340670e-02 -1.049083634320792546e+00
1.130000000000000115e+00 -6.859008466839867924e-02 -9.846414588800513901e-01
1.140000000000000124e+00 -5.905001191505237362e-02 -9.375492509552020293e-01
1.150000000000000133e+00 -4.983909964929463671e-02 -9.241266509921970407e-01
1.160000000000000142e+00 -4.056747889520843225e-02 -2.175760280478580722e+00
1.170000000000000151e+00 -6.323894039723025259e-03 -1.996519232959279133e+00
1.180000000000000160e+00 -6.370942360228511615e-04 -3.132313973059299705e-01
1.190000000000000169e+00 -5.926609360442562055e-05 -3.185471180114255590e-02
1.200000000000000178e+00 0.000000000000000000e+00 -5.926609360442561432e-03
