0.000000000000000000e+00 2.632386808866384058e+02 6.188086876540805861e+02
1.000000000000000194e-02 2.570505940100975977e+02 6.188086876540781986e+02
2.000000000000000389e-02 2.508625071335568180e+02 6.188086876540758112e+02
3.000000000000000583e-02 2.446744202570160667e+02 6.188086876540758112e+02
4.000000000000000777e-02 2.384863333804753154e+02 6.188086876540781986e+02
5.000000000000000278e-02 2.322982465039345072e+02 6.188086876540781986e+02
6.000000000000001166e-02 2.261101596273937560e+02 6.188086876540781986e+02
7.000000000000000666e-02 2.199220727508529478e+02 6.188086876540781986e+02
8.000000000000001554e-02 2.137339858743121965e+02 6.188086876540781986e+02
9.000000000000001055e-02 2.075458989977713884e+02 6.188086876540758112e+02
1.000000000000000056e-01 2.013578121212306655e+02 6.188086876540758112e+02
1.100000000000000144e-01 1.951697252446898574e+02 6.188086876540781986e+02
1.200000000000000233e-01 1.889816383681491061e+02 6.188086876540781986e+02
1.300000000000000322e-01 1.827935514916082980e+02 6.188086876540781986e+02
1.400000000000000133e-01 1.766054646150675467e+02 6.188086876540758112e+02
1.500000000000000222e-01 1.704173777385267670e+02 6.188086876540781986e+02
1.600000000000000311e-01 1.642292908619859588e+02 6.188086876540781986e+02
1.700000000000000122e-01 1.580412039854452075e+02 6.188086876540758112e+02
1.800000000000000211e-01 1.518531171089044562e+02 6.188086876540781986e+02
1.900000000000000300e-01 1.456650302323636481e+02 6.188086876540781986e+02
2.000000000000000111e-01 1.394769433558228968e+02 6.188086876540758112e+02
2.100000000000000200e-01 1.332888564792821171e+02 6.188086876540781986e+02
2.200000000000000289e-01 1.271007696027413232e+02 6.188086876540781986e+02
2.300000000000000100e-01 1.209126827262005577e+02 6.188086876540781986e+02
2.400000000000000466e-01 1.147245958496597638e+02 6.188086876540781986e+02
2.500000000000000555e-01 1.085365089731189983e+02 6.188086876540770618e+02
2.600000000000000644e-01 1.023484220965782185e+02 6.188086876540776302e+02
2.700000000000000733e-01 9.616033522003743883e+01 6.188086876540770618e+02
2.800000000000000266e-01 8.997224834349667333e+01 6.188086876540770618e+02
2.900000000000000355e-01 8.378416146695590783e+01 6.188086876540770618e+02
3.000000000000000444e-01 7.759607459041512811e+01 6.188086876540764933e+02
3.099999999999999978e-01 7.140798771387437682e+01 6.188086876540781986e+02
3.200000000000000622e-01 6.521990083733356869e+01 6.188086876540794492e+02
3.300000000000000711e-01 5.903181396079278187e+01 6.188086876540770618e+02
3.400000000000000244e-01 5.284372708425202347e+01 6.188086876540776302e+02
3.500000000000000888e-01 4.665564020771122955e+01 6.188086876540772892e+02
3.600000000000000422e-01 4.046755333117047826e+01 6.188086876540772892e+02
3.700000000000000511e-01 3.427946645462968434e+01 6.188086876540772892e+02
3.800000000000000600e-01 2.809137957808892949e+01 5.109448295130540032e+02
3.900000000000000688e-01 2.406056986436860257e+01 4.128374423302872742e+02
4.000000000000000222e-01 1.983463073148318401e+01 3.988287304659757524e+02
4.100000000000000866e-01 1.608399525504908922e+01 3.432739113806512705e+02
4.200000000000000400e-01 1.296915250387015917e+01 2.882296328231605003e+02
4.300000000000000488e-01 1.031940259858587794e+01 2.443941910635021202e+02
4.400000000000000577e-01 8.081268682600116549e+00 2.072426682194225691e+02
4.500000000000000666e-01 6.174549234197425740e+00 1.756178301953562766e+02
4.600000000000000200e-01 4.568912078692989986e+00 1.485300006489790690e+02
4.700000000000000844e-01 3.203949221217844201e+00 1.259075708789997918e+02
4.800000000000000933e-01 2.050760661112994043e+00 1.062263816550553059e+02
4.900000000000000466e-01 1.079421588116738162e+00 8.867005873187440557e+01
5.000000000000001110e-01 2.773594864755060119e-01 7.300983282685861298e+01
5.100000000000000089e-01 -3.807750684204342928e-01 5.930865517507974971e+01
5.200000000000001288e-01 -9.088136170260890934e-01 4.722048969129234308e+01
5.300000000000000266e-01 -1.325184862246281181e+00 3.670807860750949914e+01
5.400000000000001465e-01 -1.642975189176279160e+00 2.762836896525524111e+01
5.500000000000000444e-01 -1.877752241551385870e+00 1.981193659908125326e+01
5.600000000000000533e-01 -2.039213921157904341e+00 1.288210402822619294e+01
5.700000000000000622e-01 -2.135394322115909738e+00 6.562223515772247495e+00
5.800000000000000711e-01 -2.170458391473349291e+00 6.593251626590195258e-01
5.900000000000000799e-01 -2.148580825369090341e+00 -4.757441237439163473e+00
6.000000000000000888e-01 -2.075309566724566235e+00 -9.395096200544676535e+00
6.100000000000000977e-01 -1.960678901358196669e+00 -1.270402938973437479e+01
6.199999999999999956e-01 -1.821228978929878561e+00 -1.445285357720648634e+01
6.300000000000001155e-01 -1.671621829814066817e+00 -1.476691443389270830e+01
6.400000000000001243e-01 -1.525890690252024395e+00 -1.397242628571251721e+01
6.500000000000000222e-01 -1.392173304099816544e+00 -1.264359538636875868e+01
6.600000000000001421e-01 -1.273018782524649062e+00 -1.141224826958100635e+01
6.700000000000001510e-01 -1.163928338708196231e+00 -1.050296316575778199e+01
6.800000000000000488e-01 -1.062959519209493608e+00 -9.658680499861723945e+00
6.900000000000000577e-01 -9.707547287109618006e-01 -8.678686219923276823e+00
7.000000000000001776e-01 -8.893857948110279743e-01 -7.515885467477857240e+00
7.100000000000000755e-01 -8.204370193614046736e-01 -6.228465216870602283e+00
7.200000000000000844e-01 -7.648164904736158842e-01 -5.041564154963587896e+00
7.300000000000000933e-01 -7.196057362621328668e-01 -4.304282045404817403e+00
7.400000000000001021e-01 -6.787308495655195451e-01 -4.118971641335198441e+00
7.500000000000001110e-01 -6.372263034354289646e-01 -4.303730864833037906e+00
7.600000000000001199e-01 -5.926562322688587736e-01 -4.573993037769768399e+00
7.700000000000000178e-01 -5.457464426800335833e-01 -4.703440811255297227e+00
7.800000000000001377e-01 -4.985874160437528402e-01 -4.584321113008487103e+00
7.900000000000001465e-01 -4.540600204198638190e-01 -4.337602255406624252e+00
8.000000000000000444e-01 -4.118353709356203374e-01 -4.100940594371813575e+00
8.100000000000001643e-01 -3.720412085324275586e-01 -3.844682529023777828e+00
8.200000000000001732e-01 -3.349417203551447453e-01 -3.641212390751512817e+00
8.300000000000000711e-01 -2.992169607173972845e-01 -3.555612055760658752e+00
8.400000000000000799e-01 -2.638294792399315525e-01 -3.448880611860905887e+00
8.500000000000001998e-01 -2.302393484801791568e-01 -3.190813791864576032e+00
8.600000000000000977e-01 -2.000132034026400607e-01 -2.838792015138399627e+00
8.700000000000001066e-01 -1.734635081774111576e-01 -2.497593784354787960e+00
8.800000000000001155e-01 -1.500613277155442848e-01 -2.169333793172615099e+00
8.900000000000001243e-01 -1.300768323139588623e-01 -1.844326874675370265e+00
9.000000000000001332e-01 -1.131747902220368723e-01 -1.537491200927652235e+00
9.100000000000001421e-01 -9.932700829540580534e-02 -1.249795015716542945e+00
9.200000000000000400e-01 -8.817888990770601787e-02 -1.003715583545483847e+00
9.300000000000001599e-01 -7.925269662449613284e-02 -8.369484609940551767e-01
9.400000000000001688e-01 -7.143992068782491212e-02 -7.164934482078543221e-01
9.500000000000000666e-01 -6.492282766033903585e-02 -6.216960535007938216e-01
9.600000000000001865e-01 -5.900599961780903652e-02 -6.118714710531520939e-01
9.700000000000001954e-01 -5.268539823927599619e-02 -6.927758356069814161e-01
9.800000000000000933e-01 -4.515048290566940625e-02 -7.460677738700753903e-01
9.900000000000001021e-01 -3.776404276187448478e-02 -6.814351067655998184e-01
1.000000000000000222e+00 -3.152178077035740211e-02 -5.542287428909660196e-01
1.010000000000000231e+00 -2.667946790405516591e-02 -4.404818481143206177e-01
1.020000000000000018e+00 -2.271214380807099267e-02 -3.863404722466612928e-01
1.030000000000000027e+00 -1.895265845912193908e-02 -3.595137208826494346e-01
1.040000000000000258e+00 -1.552186939041800239e-02 -3.012332569529410642e-01
1.050000000000000266e+00 -1.292799332006311884e-02 -2.155910756080940960e-01
1.060000000000000053e+00 -1.121004787825611963e-02 -1.476520715704368325e-01
1.070000000000000062e+00 -9.974951888654380247e-03 -1.012011192535992171e-01
1.080000000000000293e+00 -9.186025493184136331e-03 -7.397180589530687189e-02
1.090000000000000080e+00 -8.495515770748243364e-03 -7.392204396810196643e-02
1.100000000000000089e+00 -7.707584613822096413e-03 -6.925228318065436428e-02
1.110000000000000098e+00 -7.110470107135156460e-03 -2.180456593623163880e-02
1.120000000000000107e+00 -7.271493295097463359e-03 5.725062814666475458e-02
1.130000000000000115e+00 -8.255482670068451864e-03 1.159979605746254278e-01
1.140000000000000124e+00 -9.591452506589971672e-03 1.116013232335531929e-01
1.150000000000000133e+00 -1.048750913473951545e-02 3.525658184679440754e-02
1.160000000000000142e+00 -1.029658414352586059e-02 -4.159450795488315866e-01
1.170000000000000151e+00 -2.168607543762882291e-03 -5.003963713919318268e-01
1.180000000000000160e+00 -2.886567156872226836e-04 -1.068562312839591161e-01
1.190000000000000169e+00 -3.148291808369970871e-05 -1.443283578436113483e-02
1.200000000000000178e+00 0.000000000000000000e+00 -3.148291808369970898e-03
