0.000000000000000000e+00 1.524795901316409470e+02 3.902837402622803893e+02
1.000000000000000194e-02 1.485767527290181533e+02 3.902837402622791956e+02
2.000000000000000389e-02 1.446739153263953597e+02 3.902837402622803893e+02
3.000000000000000583e-02 1.407710779237725376e+02 3.902837402622803893e+02
4.000000000000000777e-02 1.368682405211497723e+02 3.902837402622791956e+02
5.000000000000000278e-02 1.329654031185269503e+02 3.902837402622791956e+02
6.000000000000001166e-02 1.290625657159041850e+02 3.902837402622791956e+02
7.000000000000000666e-02 1.251597283132813629e+02 3.902837402622803893e+02
8.000000000000001554e-02 1.212568909106585693e+02 3.902837402622803893e+02
9.000000000000001055e-02 1.173540535080357614e+02 3.902837402622791956e+02
1.000000000000000056e-01 1.134512161054129820e+02 3.902837402622791956e+02
1.100000000000000144e-01 1.095483787027901741e+02 3.902837402622798209e+02
1.200000000000000233e-01 1.056455413001673804e+02 3.902837402622798209e+02
1.300000000000000322e-01 1.017427038975445868e+02 3.902837402622798209e+02
1.400000000000000133e-01 9.783986649492179311e+01 3.902837402622791956e+02
1.500000000000000222e-01 9.393702909229899944e+01 3.902837402622798209e+02
1.600000000000000311e-01 9.003419168967619157e+01 3.902837402622798209e+02
1.700000000000000122e-01 8.613135428705339791e+01 3.902837402622791956e+02
1.800000000000000211e-01 8.222851688443060425e+01 3.902837402622798209e+02
1.900000000000000300e-01 7.832567948180779638e+01 3.902837402622798209e+02
2.000000000000000111e-01 7.442284207918500272e+01 3.902837402622791956e+02
2.100000000000000200e-01 7.052000467656222327e+01 3.902837402622798209e+02
2.200000000000000289e-01 6.661716727393941540e+01 3.902837402622798209e+02
2.300000000000000100e-01 6.271432987131662173e+01 3.902837402622803893e+02
2.400000000000000466e-01 5.881149246869380676e+01 3.902837402622803893e+02
2.500000000000000555e-01 5.490865506607101310e+01 3.902837402622791956e+02
2.600000000000000644e-01 5.100581766344821943e+01 3.902837402622798209e+02
2.700000000000000733e-01 4.710298026082541867e+01 3.902837402622798209e+02
2.800000000000000266e-01 4.320014285820262501e+01 3.902837402622791956e+02
2.900000000000000355e-01 3.929730545557983135e+01 3.902837402622795366e+02
3.000000000000000444e-01 3.539446805295703058e+01 3.902837402622791956e+02
3.099999999999999978e-01 3.149163065033424758e+01 3.902837402622795366e+02
3.200000000000000622e-01 2.758879324771144326e+01 3.902837402622807303e+02
3.300000000000000711e-01 2.368595584508863183e+01 3.902837402622797072e+02
3.400000000000000244e-01 1.978311844246584883e+01 3.902837402622797072e+02
3.500000000000000888e-01 1.588028103984303741e+01 3.902837402622797072e+02
3.600000000000000422e-01 1.197744363722025440e+01 3.144636368531989774e+02
3.700000000000000511e-01 9.591008302779057360e+00 2.072999535131815492e+02
3.800000000000000600e-01 7.831444566956623277e+00 1.569445642287689680e+02
3.900000000000000688e-01 6.452117018203678001e+00 1.265185751371225109e+02
4.000000000000000222e-01 5.301073064214172348e+00 1.095660160430461474e+02
4.100000000000000866e-01 4.260796697342755124e+00 9.806871969844864623e+01
4.200000000000000400e-01 3.339698670245199619e+00 8.658871859072159793e+01
4.300000000000000488e-01 2.529022325528322845e+00 7.633561471016834332e+01
4.400000000000000577e-01 1.812986376041832770e+00 6.607533228746095233e+01
4.500000000000000666e-01 1.207515679779103790e+00 5.589067152939129102e+01
4.600000000000000200e-01 6.951729454540066522e-01 4.654792602539406232e+01
4.700000000000000844e-01 2.765571592712223192e-01 3.780672529716996166e+01
4.800000000000000933e-01 -6.096156048939264244e-02 2.994014260547444195e+01
4.900000000000000466e-01 -3.222456928382665398e-01 2.282429342975827424e+01
5.000000000000001110e-01 -5.174474290845582081e-01 1.707858810882396838e+01
5.100000000000000089e-01 -6.638174550147459829e-01 1.238364656773640071e+01
5.200000000000001288e-01 -7.651203604392862179e-01 7.993669515661380842e+00
5.300000000000000266e-01 -8.236908453279736531e-01 4.139611124673146847e+00
5.400000000000001465e-01 -8.479125829327491815e-01 8.245721734941262593e-01
5.500000000000000444e-01 -8.401822887978561694e-01 -1.933511730759447378e+00
5.600000000000000533e-01 -8.092423483175602561e-01 -3.901795574408112088e+00
5.700000000000000622e-01 -7.621463773096939232e-01 -5.210404723440796637e+00
5.800000000000000711e-01 -7.050342538487442967e-01 -6.027206323296392831e+00
5.900000000000000799e-01 -6.416022508437660976e-01 -6.654321071691215117e+00
6.000000000000000888e-01 -5.719478324149199766e-01 -6.811498286785389489e+00
6.100000000000000977e-01 -5.053722851080582057e-01 -6.294582815285926891e+00
6.199999999999999956e-01 -4.460561761092014521e-01 -5.650354497560572398e+00
6.300000000000001155e-01 -3.923651951568467577e-01 -4.824579326495826770e+00
6.400000000000001243e-01 -3.495645895792848790e-01 -3.597463265198275639e+00
6.500000000000000222e-01 -3.204159298528812538e-01 -2.671041239927768540e+00
6.600000000000001421e-01 -2.961437647807295126e-01 -2.131397280688126283e+00
6.700000000000001510e-01 -2.777879842391187126e-01 -2.003569615038996332e+00
6.800000000000000488e-01 -2.560723724799495726e-01 -2.327194173908614605e+00
6.900000000000000577e-01 -2.312441007609464250e-01 -2.995084178831072919e+00
7.000000000000001776e-01 -1.961706889033281165e-01 -3.795806864119506407e+00
7.100000000000000755e-01 -1.553279634785562913e-01 -4.114112558582876389e+00
7.200000000000000844e-01 -1.138884377316705943e-01 -3.945130185676437140e+00
7.300000000000000933e-01 -7.642535976502755346e-02 -3.184962543507122934e+00
7.400000000000001021e-01 -5.018918686152813030e-02 -1.941963044488543622e+00
7.500000000000001110e-01 -3.758609887525667798e-02 -8.888152673710543183e-01
7.600000000000001199e-01 -3.241288151410703922e-02 1.823664660610134752e-03
7.700000000000000178e-01 -3.762257216846888463e-02 5.811517750863508525e-01
7.800000000000001377e-01 -4.403591701583405710e-02 6.038710544493145482e-01
7.900000000000001465e-01 -4.969999325745517310e-02 2.470534320177832643e-01
8.000000000000000444e-01 -4.897698565618972127e-02 -2.564186156585295806e-01
8.100000000000001643e-01 -4.457162094428458732e-02 -4.585436549707431753e-01
8.200000000000001732e-01 -3.980611255677485999e-02 -4.844180260385322900e-01
8.300000000000000711e-01 -3.488326042351393846e-02 -2.921703920149892886e-01
8.400000000000000799e-01 -3.396270471647507699e-02 7.463808167113776537e-02
8.500000000000001998e-01 -3.637602205693669238e-02 4.439992581031780849e-01
8.600000000000000977e-01 -4.284268987853863397e-02 7.236834105942901996e-01
8.700000000000001066e-01 -5.084969026882250193e-02 6.120733370778755900e-01
8.800000000000001155e-01 -5.508415662009615021e-02 3.030778639855488121e-01
8.900000000000001243e-01 -5.691124754853347373e-02 3.737495115369596915e-02
9.000000000000001332e-01 -5.583165564317006668e-02 -1.641227223796497270e-01
9.100000000000001421e-01 -5.362879310094047919e-02 -3.670342281471917767e-01
9.200000000000000400e-01 -4.849097108022623615e-02 -7.160777233884900728e-01
9.300000000000001599e-01 -3.930723863317067690e-02 -9.922246526110504172e-01
9.400000000000001688e-01 -2.864647802800522267e-02 -1.133955075042272664e+00
9.500000000000000666e-01 -1.662813713232522139e-02 -1.190113362413500742e+00
9.600000000000001865e-01 -4.844210779735205058e-03 -1.210259799122181512e+00
9.700000000000001954e-01 7.577058850118409926e-03 -1.241761616323682649e+00
9.800000000000000933e-01 1.999102154673845083e-02 -1.164398923314476697e+00
9.900000000000001021e-01 3.086503731640794987e-02 -1.006724069273749578e+00
1.000000000000000222e+00 4.012550293221344572e-02 -8.224475896224738847e-01
1.010000000000000231e+00 4.731398910885743075e-02 -6.083147401806233701e-01
1.020000000000000018e+00 5.229179773582590812e-02 -3.877888034652724469e-01
1.030000000000000027e+00 5.506976517816287997e-02 -1.781115537914737257e-01
1.040000000000000258e+00 5.585402881165538874e-02 -8.762738785811147874e-03
1.050000000000000266e+00 5.524501995387910008e-02 1.311206004867079000e-01
1.060000000000000053e+00 5.323161680192122630e-02 2.429132540275723007e-01
1.070000000000000062e+00 5.038675487332765213e-02 3.183456746952530447e-01
1.080000000000000293e+00 4.686470330801616874e-02 3.802847376531107160e-01
1.090000000000000080e+00 4.278106012026543920e-02 4.231176490350375685e-01
1.100000000000000089e+00 3.840235032731541265e-02 4.641875846963822161e-01
1.110000000000000098e+00 3.349730842633779487e-02 4.968690760373255522e-01
1.120000000000000107e+00 2.846496880656890216e-02 4.914872760571141197e-01
1.130000000000000115e+00 2.366756290519551192e-02 4.560338936572068125e-01
1.140000000000000124e+00 1.934429093342476813e-02 4.110302057862458280e-01
1.150000000000000133e+00 1.544695878947059502e-02 3.691673027294217202e-01
1.160000000000000142e+00 1.196094487883633123e-02 5.654203171004291706e-01
1.170000000000000151e+00 4.138552447462010356e-03 5.703078050322429871e-01
1.180000000000000160e+00 5.547887781914696663e-04 2.045949235362242713e-01
1.190000000000000169e+00 4.665397673752402015e-05 2.773943890957348071e-02
1.200000000000000178e+00 0.000000000000000000e+00 4.665397673752401039e-03
