0.000000000000000000e+00 1.765673027509564861e+02 4.852039297361374679e+02
1.000000000000000194e-02 1.717152634535950995e+02 4.852039297361362742e+02
2.000000000000000389e-02 1.668632241562337697e+02 4.852039297361362742e+02
3.000000000000000583e-02 1.620111848588723831e+02 4.852039297361362742e+02
4.000000000000000777e-02 1.571591455615110249e+02 4.852039297361350805e+02
5.000000000000000278e-02 1.523071062641496951e+02 4.852039297361362742e+02
6.000000000000001166e-02 1.474550669667883085e+02 4.852039297361374679e+02
7.000000000000000666e-02 1.426030276694269219e+02 4.852039297361362742e+02
8.000000000000001554e-02 1.377509883720655921e+02 4.852039297361362742e+02
9.000000000000001055e-02 1.328989490747042055e+02 4.852039297361362742e+02
1.000000000000000056e-01 1.280469097773428473e+02 4.852039297361362742e+02
1.100000000000000144e-01 1.231948704799814749e+02 4.852039297361374679e+02
1.200000000000000233e-01 1.183428311826201025e+02 4.852039297361362742e+02
1.300000000000000322e-01 1.134907918852587585e+02 4.852039297361350805e+02
1.400000000000000133e-01 1.086387525878974003e+02 4.852039297361362742e+02
1.500000000000000222e-01 1.037867132905360279e+02 4.852039297361368995e+02
1.600000000000000311e-01 9.893467399317466970e+01 4.852039297361362742e+02
1.700000000000000122e-01 9.408263469581329730e+01 4.852039297361362742e+02
1.800000000000000211e-01 8.923059539845193910e+01 4.852039297361362742e+02
1.900000000000000300e-01 8.437855610109058091e+01 4.852039297361362742e+02
2.000000000000000111e-01 7.952651680372920850e+01 4.852039297361362742e+02
2.100000000000000200e-01 7.467447750636785031e+01 4.852039297361362742e+02
2.200000000000000289e-01 6.982243820900649212e+01 4.852039297361357058e+02
2.300000000000000100e-01 6.497039891164513392e+01 4.852039297361368995e+02
2.400000000000000466e-01 6.011835961428374731e+01 4.852039297361374679e+02
2.500000000000000555e-01 5.526632031692238911e+01 4.852039297361357058e+02
2.600000000000000644e-01 5.041428101956103802e+01 4.852039297361357058e+02
2.700000000000000733e-01 4.556224172219967272e+01 4.852039297361362742e+02
2.800000000000000266e-01 4.071020242483830742e+01 4.852039297361362742e+02
2.900000000000000355e-01 3.585816312747694923e+01 4.852039297361362742e+02
3.000000000000000444e-01 3.100612383011558393e+01 4.852039297361353647e+02
3.099999999999999978e-01 2.615408453275423994e+01 4.852039297361361037e+02
3.200000000000000622e-01 2.130204523539286043e+01 4.852039297361377521e+02
3.300000000000000711e-01 1.645000593803148448e+01 4.852039297361361605e+02
3.400000000000000244e-01 1.159796664067013694e+01 4.852039297361361605e+02
3.500000000000000888e-01 6.745927343308759205e+00 3.194593294609755390e+02
3.600000000000000422e-01 5.208780051450625947e+00 1.315707197108733340e+02
3.700000000000000511e-01 4.114512949091292171e+00 9.777251929803885844e+01
3.800000000000000600e-01 3.253329665489848477e+00 7.829550136106904290e+01
3.900000000000000688e-01 2.548602921869910887e+00 6.403495269547273949e+01
4.000000000000000222e-01 1.972630611580393545e+00 5.221772294255740121e+01
4.100000000000000866e-01 1.504248463018762694e+00 4.235759347029023303e+01
4.200000000000000400e-01 1.125478742174588875e+00 3.423740248145416842e+01
4.300000000000000488e-01 8.195004133896793830e-01 2.756875314226931550e+01
4.400000000000000577e-01 5.741036793292024765e-01 2.202336041137370870e+01
4.500000000000000666e-01 3.790332051622052334e-01 1.740915139224191677e+01
4.600000000000000200e-01 2.259206514843641600e-01 1.359617026598026435e+01
4.700000000000000844e-01 1.071097998425999537e-01 1.040161161947856705e+01
4.800000000000000933e-01 1.788841909479279776e-02 7.644287679825068516e+00
4.900000000000000466e-01 -4.577595375390144244e-02 5.213235905936299375e+00
5.000000000000001110e-01 -8.637629902393319237e-02 3.058282679344516364e+00
5.100000000000000089e-01 -1.069416073407917639e-01 1.179790534701911753e+00
5.200000000000001288e-01 -1.099721097179714308e-01 -3.948640819613851716e-01
5.300000000000000266e-01 -9.904432570156405935e-02 -1.614127921847950065e+00
5.400000000000001465e-01 -7.768955128101243113e-02 -2.427144682785459917e+00
5.500000000000000444e-01 -5.050143204585486739e-02 -2.827849939625552533e+00
5.600000000000000533e-01 -2.113255248850136672e-02 -2.883940688587575796e+00
5.700000000000000622e-01 7.177381725896657058e-03 -2.719508179757032185e+00
5.800000000000000711e-01 3.325761110663928016e-02 -2.454290657083731286e+00
5.900000000000000799e-01 5.626319486757128813e-02 -2.170673998547744787e+00
6.000000000000000888e-01 7.667109107759417785e-02 -1.913667065989560712e+00
6.100000000000000977e-01 9.453653618736250486e-02 -1.677888833570882143e+00
6.199999999999999956e-01 1.102288677490118329e-01 -1.414401139446891609e+00
6.300000000000001155e-01 1.228245589763003326e-01 -1.093200468529034408e+00
6.400000000000001243e-01 1.320928771195925278e-01 -7.509813290258190444e-01
6.500000000000000222e-01 1.378441855568167118e-01 -4.551762968539697640e-01
6.600000000000001421e-01 1.411964030566719153e-01 -2.391485248309696554e-01
6.700000000000001510e-01 1.426271560534361216e-01 -9.748963729888926455e-02
6.800000000000000488e-01 1.431461958026497006e-01 -2.691379683785999344e-02
6.900000000000000577e-01 1.431654319901932981e-01 9.813822590448143326e-03
7.000000000000001776e-01 1.429499193508407262e-01 5.120295492034231816e-02
7.100000000000000755e-01 1.421413728917864661e-01 1.148550786121942946e-01
7.200000000000000844e-01 1.406528177785968392e-01 1.852302613701299894e-01
7.300000000000000933e-01 1.384367676643838696e-01 2.401620990871110028e-01
7.400000000000001021e-01 1.358495757968546380e-01 2.592450116529884663e-01
7.500000000000001110e-01 1.332518674313240836e-01 2.269625672860855481e-01
7.600000000000001199e-01 1.313103244511329148e-01 1.557259199889252654e-01
7.700000000000000178e-01 1.301373490315455850e-01 7.413500171372405800e-02
7.800000000000001377e-01 1.298276244168584392e-01 -1.358026128864224351e-02
7.900000000000001465e-01 1.304089542573184379e-01 -9.156502694392106012e-02
8.000000000000000444e-01 1.316589249557368613e-01 -1.403624058615289827e-01
8.100000000000001643e-01 1.332162023745490087e-01 -1.428446250093164671e-01
8.200000000000001732e-01 1.345158174559231978e-01 -1.042607867390777654e-01
8.300000000000000711e-01 1.353014181093305790e-01 -4.624061529210749671e-02
8.400000000000000799e-01 1.354406297617653243e-01 2.084254807542720422e-03
8.500000000000001998e-01 1.352597330131797282e-01 1.638621287499486545e-02
8.600000000000000977e-01 1.351129055042654403e-01 2.773013977041136752e-03
8.700000000000001066e-01 1.352042727336388861e-01 -7.687968483112173415e-03
8.800000000000001155e-01 1.352666648739276889e-01 1.315855391771211455e-02
8.900000000000001243e-01 1.349411016552846398e-01 7.512538620003184064e-02
9.000000000000001332e-01 1.337641571499270376e-01 1.725603607826189101e-01
9.100000000000001421e-01 1.314898944396322711e-01 2.804757173155281724e-01
9.200000000000000400e-01 1.281546428036164920e-01 3.556869156717719638e-01
9.300000000000001599e-01 1.243761561261968324e-01 3.770384054001271190e-01
9.400000000000001688e-01 1.206138746956139374e-01 3.660010451276231591e-01
9.500000000000000666e-01 1.170561352236443725e-01 3.553381987616039406e-01
9.600000000000001865e-01 1.135071107203818597e-01 3.635941098867748744e-01
9.700000000000001954e-01 1.097842530259088706e-01 3.922179832141136080e-01
9.800000000000000933e-01 1.056627510560995825e-01 4.366092029165524191e-01
9.900000000000001021e-01 1.010520689675778183e-01 4.855306597205847896e-01
1.000000000000000222e+00 9.595213786168789449e-02 5.232999272608237495e-01
1.010000000000000231e+00 9.058607042236134499e-02 5.372071305618354442e-01
1.020000000000000018e+00 8.520799525045118228e-02 5.284477741887568802e-01
1.030000000000000027e+00 8.001711493858620905e-02 5.089464891968328297e-01
1.040000000000000258e+00 7.502906546651452735e-02 4.966713675859156796e-01
1.050000000000000266e+00 7.008368758686789324e-02 4.986335297510019471e-01
1.060000000000000053e+00 6.505639487149449118e-02 5.080105601392284065e-01
1.070000000000000062e+00 5.992347638408332400e-02 5.163665188136077333e-01
1.080000000000000293e+00 5.472906449522232930e-02 5.197353677000861039e-01
1.090000000000000080e+00 4.952876903008160414e-02 5.141150270787302468e-01
1.100000000000000089e+00 4.444676395364772353e-02 4.979236801192868378e-01
1.110000000000000098e+00 3.957029542769587016e-02 4.778259116150509467e-01
1.120000000000000107e+00 3.489024572134670488e-02 4.618729408888125332e-01
1.130000000000000115e+00 3.033283660991961672e-02 4.515989279374483245e-01
1.140000000000000124e+00 2.585826716259773811e-02 4.452257595646607058e-01
1.150000000000000133e+00 2.142832141862640108e-02 4.414552982110880874e-01
1.160000000000000142e+00 1.702916119837597636e-02 8.061487508475849717e-01
1.170000000000000151e+00 5.305346401674700292e-03 8.202197455056456921e-01
1.180000000000000160e+00 6.247662882630608972e-04 2.626833595072448624e-01
1.190000000000000169e+00 5.167921152980345693e-05 3.123831441315304269e-02
1.200000000000000178e+00 0.000000000000000000e+00 5.167921152980345205e-03
