0.000000000000000000e+00 1.746854522188430394e+02 4.557512439703770610e+02
1.000000000000000194e-02 1.701279397791392682e+02 4.557512439703746736e+02
2.000000000000000389e-02 1.655704273394355539e+02 4.557512439703734799e+02
3.000000000000000583e-02 1.610129148997318111e+02 4.557512439703734799e+02
4.000000000000000777e-02 1.564554024600280684e+02 4.557512439703746736e+02
5.000000000000000278e-02 1.518978900203242972e+02 4.557512439703746736e+02
6.000000000000001166e-02 1.473403775806205829e+02 4.557512439703734799e+02
7.000000000000000666e-02 1.427828651409168401e+02 4.557512439703746736e+02
8.000000000000001554e-02 1.382253527012130974e+02 4.557512439703746736e+02
9.000000000000001055e-02 1.336678402615093546e+02 4.557512439703734799e+02
1.000000000000000056e-01 1.291103278218056118e+02 4.557512439703746736e+02
1.100000000000000144e-01 1.245528153821018549e+02 4.557512439703746736e+02
1.200000000000000233e-01 1.199953029423981263e+02 4.557512439703734799e+02
1.300000000000000322e-01 1.154377905026943836e+02 4.557512439703746736e+02
1.400000000000000133e-01 1.108802780629906266e+02 4.557512439703746736e+02
1.500000000000000222e-01 1.063227656232868839e+02 4.557512439703741052e+02
1.600000000000000311e-01 1.017652531835831553e+02 4.557512439703741052e+02
1.700000000000000122e-01 9.720774074387939834e+01 4.557512439703741052e+02
1.800000000000000211e-01 9.265022830417566979e+01 4.557512439703741052e+02
1.900000000000000300e-01 8.809271586447191282e+01 4.557512439703741052e+02
2.000000000000000111e-01 8.353520342476818428e+01 4.557512439703741052e+02
2.100000000000000200e-01 7.897769098506444152e+01 4.557512439703746736e+02
2.200000000000000289e-01 7.442017854536068455e+01 4.557512439703741052e+02
2.300000000000000100e-01 6.986266610565695601e+01 4.557512439703746736e+02
2.400000000000000466e-01 6.530515366595319904e+01 4.557512439703752989e+02
2.500000000000000555e-01 6.074764122624944918e+01 4.557512439703741052e+02
2.600000000000000644e-01 5.619012878654571352e+01 4.557512439703741052e+02
2.700000000000000733e-01 5.163261634684196366e+01 4.557512439703743894e+02
2.800000000000000266e-01 4.707510390713822801e+01 4.557512439703741052e+02
2.900000000000000355e-01 4.251759146743448525e+01 4.557512439703741052e+02
3.000000000000000444e-01 3.796007902773074250e+01 4.557512439703734799e+02
3.099999999999999978e-01 3.340256658802701395e+01 4.557512439703743894e+02
3.200000000000000622e-01 2.884505414832325343e+01 4.557512439703755263e+02
3.300000000000000711e-01 2.428754170861950001e+01 4.557512439703741052e+02
3.400000000000000244e-01 1.973002926891577147e+01 4.557512439703742189e+02
3.500000000000000888e-01 1.517251682921201628e+01 4.557512439703742189e+02
3.600000000000000422e-01 1.061500438950828773e+01 4.557512439703742189e+02
3.700000000000000511e-01 6.057491949804529874e+00 3.221790069607016562e+02
3.800000000000000600e-01 4.171424250294254676e+00 1.759367735330208973e+02
3.900000000000000688e-01 2.538756479144112177e+00 1.523760430317416592e+02
4.000000000000000222e-01 1.123903389659420826e+00 1.283692659933252855e+02
4.100000000000000866e-01 -2.862884072239316874e-02 1.014966800271320011e+02
4.200000000000000400e-01 -9.060302108832192225e-01 7.781001857717880910e+01
4.300000000000000488e-01 -1.584829212265969733e+00 5.991562331928587071e+01
4.400000000000000577e-01 -2.104342677268936868e+00 4.701672919725874777e+01
4.500000000000000666e-01 -2.525163796211144618e+00 3.833998095088671221e+01
4.600000000000000200e-01 -2.871142296286671058e+00 3.025553940906913297e+01
4.700000000000000844e-01 -3.130274584392527260e+00 2.289339084234135413e+01
4.800000000000000933e-01 -3.329010113133498372e+00 1.712039542353714339e+01
4.900000000000000466e-01 -3.472682492863270465e+00 1.347873216861947832e+01
5.000000000000001110e-01 -3.598584756505887938e+00 1.089627925290715638e+01
5.100000000000000089e-01 -3.690608077921413432e+00 6.433924895769085772e+00
5.200000000000001288e-01 -3.727263254421269600e+00 2.356674955612502398e+00
5.300000000000000266e-01 -3.737741577033663276e+00 -7.830509337628698274e-01
5.400000000000001465e-01 -3.711602235746012113e+00 -2.930420523067225780e+00
5.500000000000000444e-01 -3.679133166572318814e+00 -3.405355475891306494e+00
5.600000000000000533e-01 -3.643495126228185832e+00 -5.555741757668442027e+00
5.700000000000000622e-01 -3.568018331418949973e+00 -1.005592055757779946e+01
5.800000000000000711e-01 -3.442376715076629790e+00 -1.250882356597858269e+01
5.900000000000000799e-01 -3.317841860099378426e+00 -1.259230254354486433e+01
6.000000000000000888e-01 -3.190530664205732503e+00 -1.315765089161980761e+01
6.100000000000000977e-01 -3.054688842266982007e+00 -1.411624107427065766e+01
6.199999999999999956e-01 -2.908205842720319456e+00 -1.402863385726028334e+01
6.300000000000001155e-01 -2.774116165121776501e+00 -1.383096956061628546e+01
6.400000000000001243e-01 -2.631586451507993640e+00 -1.311139168825593515e+01
6.500000000000000222e-01 -2.511888331356658011e+00 -1.268216811827661950e+01
6.600000000000001421e-01 -2.377943089142461552e+00 -1.325092962025173549e+01
6.700000000000001510e-01 -2.246869738951623230e+00 -1.333318420415010230e+01
6.800000000000000488e-01 -2.111279405059459435e+00 -1.085842213062154293e+01
6.900000000000000577e-01 -2.029701296339192051e+00 -9.124695567941621732e+00
7.000000000000001776e-01 -1.928785493700626796e+00 -9.367078775639711807e+00
7.100000000000000755e-01 -1.842359720826397984e+00 -8.900794783913912767e+00
7.200000000000000844e-01 -1.750769598022348550e+00 -8.165386081805040774e+00
7.300000000000000933e-01 -1.679051999190297240e+00 -8.420170156419409579e+00
7.400000000000001021e-01 -1.582366194893960465e+00 -1.033434445684394021e+01
7.500000000000001110e-01 -1.472365110053418302e+00 -1.262576719992075169e+01
7.600000000000001199e-01 -1.329850850895545333e+00 -1.302057568087776040e+01
7.700000000000000178e-01 -1.211953596435863201e+00 -1.272599642415653953e+01
7.800000000000001377e-01 -1.075330922412414569e+00 -1.178015042883905572e+01
7.900000000000001465e-01 -9.763505878590820197e-01 -1.090339241520011448e+01
8.000000000000000444e-01 -8.572630741084122930e-01 -1.073887288693114073e+01
8.100000000000001643e-01 -7.615731301204592407e-01 -8.229577802207048265e+00
8.200000000000001732e-01 -6.926715180642712966e-01 -4.859661381493972421e+00
8.300000000000000711e-01 -6.643799024905797657e-01 -2.659135649883728192e+00
8.400000000000000799e-01 -6.394888050665966661e-01 -1.239812954428645364e+00
8.500000000000001998e-01 -6.395836434020067962e-01 1.897279978483586427e-01
8.600000000000000977e-01 -6.432833650235638689e-01 4.845929004756079905e-01
8.700000000000001066e-01 -6.492755014115190182e-01 6.228779537393854815e-01
8.800000000000001155e-01 -6.557409240983516074e-01 1.699927229892527425e+00
8.900000000000001243e-01 -6.832740460093695845e-01 2.462124964239164715e+00
9.000000000000001332e-01 -7.049834233831349106e-01 2.658815528983093479e+00
9.100000000000001421e-01 -7.364503565890314629e-01 3.343306730745163158e+00
9.200000000000000400e-01 -7.718495579980381160e-01 3.937168509277330752e+00
9.300000000000001599e-01 -8.151937267745780202e-01 4.432922066174611153e+00
9.400000000000001688e-01 -8.605079993215304368e-01 4.451809073922359694e+00
9.500000000000000666e-01 -9.042299082530252941e-01 3.276781862772762732e+00
9.600000000000001865e-01 -9.260436365769856293e-01 2.460118414035699086e+00
9.700000000000001954e-01 -9.534322765337391870e-01 2.096289246684362340e+00
9.800000000000000933e-01 -9.679694215106728894e-01 1.011165700412952173e+00
9.900000000000001021e-01 -9.736555905419982393e-01 -4.452031816993997498e-02
1.000000000000000222e+00 -9.670790151472741236e-01 -5.026195237849492292e-01
1.010000000000000231e+00 -9.636032000662992925e-01 -9.475383782782932363e-01
1.020000000000000018e+00 -9.481282475817082167e-01 -1.444321999346948937e+00
1.030000000000000027e+00 -9.347167600793603315e-01 -1.885105813045308887e+00
1.040000000000000258e+00 -9.104261313208020789e-01 -2.746698041902770893e+00
1.050000000000000266e+00 -8.797827992413048692e-01 -3.358693650986212642e+00
1.060000000000000053e+00 -8.432522583010777506e-01 -3.227009844516318449e+00
1.070000000000000062e+00 -8.152426023509785624e-01 -3.572863858274984317e+00
1.080000000000000293e+00 -7.717949811355780954e-01 -5.445623675802671038e+00
1.090000000000000080e+00 -7.063301288349250751e-01 -7.417479496489032265e+00
1.100000000000000089e+00 -6.234453912057974501e-01 -8.827957907276394067e+00
1.110000000000000098e+00 -5.297709706893971582e-01 -9.846958839967408395e+00
1.120000000000000107e+00 -4.265062144064492577e-01 -9.736228111056648871e+00
1.130000000000000115e+00 -3.350464084682641674e-01 -8.966429764875991637e+00
1.140000000000000124e+00 -2.471776191089294084e-01 -8.127485416306189592e+00
1.150000000000000133e+00 -1.724967001421403856e-01 -6.815570959893973324e+00
1.160000000000000142e+00 -1.108661999110499424e-01 -7.811221229913673625e+00
1.170000000000000151e+00 -1.627227554386689173e-02 -5.478739226788341021e+00
1.180000000000000160e+00 -1.291415375283117917e-03 -8.071023788161176826e-01
1.190000000000000169e+00 -1.302279675445370416e-04 -6.457076876415589195e-02
1.200000000000000178e+00 0.000000000000000000e+00 -1.302279675445370231e-02
