0.000000000000000000e+00 2.507143363694909510e+02 8.402163187194153124e+02
1.000000000000000194e-02 2.423121731822968172e+02 8.402163187194105376e+02
2.000000000000000389e-02 2.339100099951027403e+02 8.402163187194105376e+02
3.000000000000000583e-02 2.255078468079085781e+02 8.402163187194105376e+02
4.000000000000000777e-02 2.171056836207145295e+02 8.402163187194081502e+02
5.000000000000000278e-02 2.087035204335204241e+02 8.402163187194105376e+02
6.000000000000001166e-02 2.003013572463263188e+02 8.402163187194117882e+02
7.000000000000000666e-02 1.918991940591321850e+02 8.402163187194105376e+02
8.000000000000001554e-02 1.834970308719381080e+02 8.402163187194105376e+02
9.000000000000001055e-02 1.750948676847439742e+02 8.402163187194105376e+02
1.000000000000000056e-01 1.666927044975498973e+02 8.402163187194105376e+02
1.100000000000000144e-01 1.582905413103557635e+02 8.402163187194117882e+02
1.200000000000000233e-01 1.498883781231616581e+02 8.402163187194105376e+02
1.300000000000000322e-01 1.414862149359675527e+02 8.402163187194105376e+02
1.400000000000000133e-01 1.330840517487734473e+02 8.402163187194105376e+02
1.500000000000000222e-01 1.246818885615793420e+02 8.402163187194105376e+02
1.600000000000000311e-01 1.162797253743852366e+02 8.402163187194094007e+02
1.700000000000000122e-01 1.078775621871911454e+02 8.402163187194099692e+02
1.800000000000000211e-01 9.947539899999702584e+01 8.402163187194112197e+02
1.900000000000000300e-01 9.107323581280292046e+01 8.402163187194105376e+02
2.000000000000000111e-01 8.267107262560881509e+01 8.402163187194105376e+02
2.100000000000000200e-01 7.426890943841470971e+01 8.402163187194099692e+02
2.200000000000000289e-01 6.586674625122061855e+01 8.402163187194099692e+02
2.300000000000000100e-01 5.746458306402651317e+01 8.402163187194120155e+02
2.400000000000000466e-01 4.906241987683237937e+01 8.402163187194120155e+02
2.500000000000000555e-01 4.066025668963827400e+01 8.402163187194101965e+02
2.600000000000000644e-01 3.225809350244416862e+01 8.402163187194101965e+02
2.700000000000000733e-01 2.385593031525006325e+01 8.402163187194105376e+02
2.800000000000000266e-01 1.545376712805595787e+01 8.512330328053350286e+02
2.900000000000000355e-01 6.831269659143364592e+00 5.677019325227641957e+02
3.000000000000000444e-01 4.099728477600673493e+00 2.397150846307812060e+02
3.099999999999999978e-01 2.036967966527740259e+00 1.831129540704366718e+02
3.200000000000000622e-01 4.374693961919401963e-01 1.454035303576051490e+02
3.300000000000000711e-01 -8.711026406243629339e-01 1.189018539970963104e+02
3.400000000000000244e-01 -1.940567683749986116e+00 9.835728140560870258e+01
3.500000000000000888e-01 -2.838248268736537128e+00 8.121606838874892276e+01
3.600000000000000422e-01 -3.564889051524964714e+00 6.722439181172025258e+01
3.700000000000000511e-01 -4.182736104970942392e+00 5.743565899766275606e+01
3.800000000000000600e-01 -4.713602231478220439e+00 4.933224449683601165e+01
3.900000000000000688e-01 -5.169380994907662341e+00 4.244875931241898570e+01
4.000000000000000222e-01 -5.562577417726600082e+00 3.515276772852005394e+01
4.100000000000000866e-01 -5.872436349478063811e+00 2.649943921208978992e+01
4.200000000000000400e-01 -6.092566201968395490e+00 1.873057841512271438e+01
4.300000000000000488e-01 -6.247047917780518489e+00 1.225783944439551831e+01
4.400000000000000577e-01 -6.337722990856305749e+00 6.331949334590841971e+00
4.500000000000000666e-01 -6.373686904472334547e+00 -8.289279315800502923e-01
4.600000000000000200e-01 -6.321144432224705234e+00 -8.778373769694342243e+00
4.700000000000000844e-01 -6.198119429078448483e+00 -1.489253909748473781e+01
4.800000000000000933e-01 -6.023293650275010513e+00 -1.807287170688908162e+01
4.900000000000000466e-01 -5.836661994940666176e+00 -1.868174135755591792e+01
5.000000000000001110e-01 -5.649658823123892226e+00 -1.921268225203315794e+01
5.100000000000000089e-01 -5.452408349900003337e+00 -2.005298532132934497e+01
5.200000000000001288e-01 -5.248599116697304723e+00 -2.003673309472688047e+01
5.300000000000000266e-01 -5.051673688005466012e+00 -1.897980548953186997e+01
5.400000000000001465e-01 -4.869003006906667430e+00 -1.796755271737634985e+01
5.500000000000000444e-01 -4.692322633657938447e+00 -1.785852310924767750e+01
5.600000000000000533e-01 -4.511832544721714022e+00 -1.813893781103450209e+01
5.700000000000000622e-01 -4.329543877437248334e+00 -1.840930638981283707e+01
5.800000000000000711e-01 -4.143646416925457210e+00 -1.825502570552280091e+01
5.900000000000000799e-01 -3.964443363326792369e+00 -1.835410177654150132e+01
6.000000000000000888e-01 -3.776564381394627024e+00 -1.825538653202281481e+01
6.100000000000000977e-01 -3.599335632686336162e+00 -1.816633987653577620e+01
6.199999999999999956e-01 -3.413237583863911517e+00 -1.910793063664314673e+01
6.300000000000001155e-01 -3.217177019953473049e+00 -1.933383023273817614e+01
6.400000000000001243e-01 -3.026560979209147906e+00 -1.877267918948138359e+01
6.500000000000000222e-01 -2.841723436163845484e+00 -1.825303726709425334e+01
6.600000000000001421e-01 -2.661500233867263088e+00 -1.770366698407692141e+01
6.700000000000001510e-01 -2.487650096482306949e+00 -1.602367063587556117e+01
6.800000000000000488e-01 -2.341026821149751580e+00 -1.438649606603530096e+01
6.900000000000000577e-01 -2.199920175161600877e+00 -1.334891478921401919e+01
7.000000000000001776e-01 -2.074048525365471463e+00 -1.143792293283580896e+01
7.100000000000000755e-01 -1.971161716504884920e+00 -9.906964411722574582e+00
7.200000000000000844e-01 -1.875909237131019758e+00 -9.097048394573750585e+00
7.300000000000000933e-01 -1.789220748613409961e+00 -8.543458665886223713e+00
7.400000000000001021e-01 -1.705040063813295426e+00 -6.985578546760676133e+00
7.500000000000001110e-01 -1.649509177678196270e+00 -4.996610229608614340e+00
7.600000000000001199e-01 -1.605107859221122979e+00 -3.885126624428687947e+00
7.700000000000000178e-01 -1.571806645189622653e+00 -2.356430747883069721e+00
7.800000000000001377e-01 -1.557979244263461682e+00 -1.418931964964749382e+00
7.900000000000001465e-01 -1.543428005890327581e+00 -1.492427107053840407e+00
8.000000000000000444e-01 -1.528130702122384887e+00 -1.117289838610348918e+00
8.100000000000001643e-01 -1.521082209118120643e+00 -5.398156184086883025e-01
8.200000000000001732e-01 -1.517334389754211088e+00 -2.621739906782868390e-01
8.300000000000000711e-01 -1.515838729304554766e+00 1.236734527426721214e-01
8.400000000000000799e-01 -1.519807858809064438e+00 7.597513383552387811e-01
8.500000000000001998e-01 -1.531033756071659591e+00 1.063361800860024076e+00
8.600000000000000977e-01 -1.541075094826265035e+00 1.023715752422946101e+00
8.700000000000001066e-01 -1.551508071120118570e+00 1.212195187992507028e+00
8.800000000000001155e-01 -1.565318998586115118e+00 1.206071670709010446e+00
8.900000000000001243e-01 -1.575629504534298730e+00 6.881196497444289628e-01
9.000000000000001332e-01 -1.579081391581003802e+00 2.002005991380693406e-01
9.100000000000001421e-01 -1.579633516517060077e+00 -2.899335719424228630e-01
9.200000000000000400e-01 -1.573282720142155311e+00 -7.272551744458601863e-01
9.300000000000001599e-01 -1.565088413028143055e+00 -1.057618601355628130e+00
9.400000000000001688e-01 -1.552130348115042802e+00 -1.726718822300827849e+00
9.500000000000000666e-01 -1.530554036582126409e+00 -2.511320075345043090e+00
9.600000000000001865e-01 -1.501903946608141860e+00 -2.851081113731019023e+00
9.700000000000001954e-01 -1.473532414307505922e+00 -2.930047399541239717e+00
9.800000000000000933e-01 -1.443302998617317146e+00 -3.466734656789115299e+00
9.900000000000001021e-01 -1.404197721171723590e+00 -4.514841668592479706e+00
1.000000000000000222e+00 -1.353006165245467463e+00 -5.558672781798875029e+00
1.010000000000000231e+00 -1.293024265535746231e+00 -6.042070944614342132e+00
1.020000000000000018e+00 -1.232164746353180629e+00 -6.150471958865371569e+00
1.030000000000000027e+00 -1.170014826358438675e+00 -6.846824995104822342e+00
1.040000000000000258e+00 -1.095228246451084075e+00 -7.490081464829644098e+00
1.050000000000000266e+00 -1.020213197061845989e+00 -7.650403192957705656e+00
1.060000000000000053e+00 -9.422201825919300777e-01 -7.699083036363508548e+00
1.070000000000000062e+00 -8.662315363345757246e-01 -7.490580532023350280e+00
1.080000000000000293e+00 -7.924085719514629700e-01 -8.176997291618615549e+00
1.090000000000000080e+00 -7.026915905022034226e-01 -9.987444039247270311e+00
1.100000000000000089e+00 -5.926596911665176215e-01 -1.116961894593247706e+01
1.110000000000000098e+00 -4.792992115835538192e-01 -1.100642986088443109e+01
1.120000000000000107e+00 -3.725310939488289397e-01 -1.027757692670159351e+01
1.130000000000000115e+00 -2.737476730495219668e-01 -9.281127288096575612e+00
1.140000000000000124e+00 -1.869085481868974496e-01 -7.703156126736630860e+00
1.150000000000000133e+00 -1.196845505147893229e-01 -5.865307903445699189e+00
1.160000000000000142e+00 -6.960239011798344255e-02 -5.492902067863155935e+00
1.170000000000000151e+00 -9.826509157526213192e-03 -3.437726588795473770e+00
1.180000000000000160e+00 -8.478583420739662117e-04 -4.875704217367671234e-01
1.190000000000000169e+00 -7.510072279087005257e-05 -4.239291710369830907e-02
1.200000000000000178e+00 0.000000000000000000e+00 -7.510072279087004823e-03
