0.000000000000000000e+00 2.997587786548338613e+02 1.119991855335417995e+03
1.000000000000000194e-02 2.885588601014796950e+02 1.119991855335422770e+03
2.000000000000000389e-02 2.773589415481254150e+02 1.119991855335422770e+03
3.000000000000000583e-02 2.661590229947711919e+02 1.119991855335417995e+03
4.000000000000000777e-02 2.549591044414170256e+02 1.119991855335417995e+03
5.000000000000000278e-02 2.437591858880628592e+02 1.119991855335422770e+03
6.000000000000001166e-02 2.325592673347085793e+02 1.119991855335422770e+03
7.000000000000000666e-02 2.213593487813544129e+02 1.119991855335421633e+03
8.000000000000001554e-02 2.101594302280001614e+02 1.119991855335421633e+03
9.000000000000001055e-02 1.989595116746459667e+02 1.119991855335421633e+03
1.000000000000000056e-01 1.877595931212917151e+02 1.119991855335422770e+03
1.100000000000000144e-01 1.765596745679375204e+02 1.119991855335421633e+03
1.200000000000000233e-01 1.653597560145832972e+02 1.119991855335421633e+03
1.300000000000000322e-01 1.541598374612290741e+02 1.119991855335420269e+03
1.400000000000000133e-01 1.429599189078748793e+02 1.119991855335420269e+03
1.500000000000000222e-01 1.317600003545206846e+02 1.119991855335421633e+03
1.600000000000000311e-01 1.205600818011664472e+02 1.119991855335421633e+03
1.700000000000000122e-01 1.093601632478122383e+02 1.119991855335420951e+03
1.800000000000000211e-01 9.816024469445802936e+01 1.119991855335420951e+03
1.900000000000000300e-01 8.696032614110382042e+01 1.119991855335420951e+03
2.000000000000000111e-01 7.576040758774961148e+01 1.119991855335420951e+03
2.100000000000000200e-01 6.456048903439540254e+01 1.119991855335420951e+03
2.200000000000000289e-01 5.336057048104118650e+01 1.119991855335421633e+03
2.300000000000000100e-01 4.216065192768697045e+01 1.119991855335422997e+03
2.400000000000000466e-01 3.096073337433272599e+01 1.119991855335422770e+03
2.500000000000000555e-01 1.976081482097851705e+01 1.119991855335420951e+03
2.600000000000000644e-01 8.560896267624304556e+00 7.135861281713272319e+02
2.700000000000000733e-01 5.489092257551971166e+00 2.438088080930214403e+02
2.800000000000000266e-01 3.684720105763875431e+00 1.511870259624446362e+02
2.900000000000000355e-01 2.465351738303078744e+00 1.044857808490226603e+02
3.000000000000000444e-01 1.595004488783421603e+00 7.640001943088829250e+01
3.099999999999999978e-01 9.373513496853130844e-01 5.939740354832694180e+01
3.200000000000000622e-01 4.070564178168826763e-01 4.947783595667826972e+01
3.300000000000000711e-01 -5.220536944825248521e-02 4.390037641134336610e+01
3.400000000000000244e-01 -4.709511104099847745e-01 4.034439036589660077e+01
3.500000000000000888e-01 -8.590931767661845742e-01 3.679075649427640826e+01
3.600000000000000422e-01 -1.206766240295513049e+00 3.149946788477178927e+01
3.700000000000000511e-01 -1.489082534461620311e+00 2.351297298582962370e+01
3.800000000000000600e-01 -1.677025700012105602e+00 1.315364725877210006e+01
3.900000000000000688e-01 -1.752155479637062419e+00 1.949385303666432145e+00
4.000000000000000222e-01 -1.716013406085434179e+00 -8.024048553458559496e+00
4.100000000000000866e-01 -1.591674508567891166e+00 -1.500270567008137057e+01
4.200000000000000400e-01 -1.415959292683806714e+00 -1.770453059964192022e+01
4.300000000000000488e-01 -1.237583896575052744e+00 -1.558587426060076986e+01
4.400000000000000577e-01 -1.104241807471791237e+00 -9.617860938315187624e+00
4.500000000000000666e-01 -1.045226677808749116e+00 -2.746718507096092665e+00
4.600000000000000200e-01 -1.049307437329869419e+00 1.949037145004304916e+00
4.700000000000000844e-01 -1.084207420708835246e+00 3.698660590170115281e+00
4.800000000000000933e-01 -1.123280649133271858e+00 3.690907441807198985e+00
4.900000000000000466e-01 -1.158025569544979039e+00 3.098271667716573585e+00
5.000000000000001110e-01 -1.185246082487603214e+00 2.230759089771755743e+00
5.100000000000000089e-01 -1.202640751340414260e+00 9.297850375501266473e-01
5.200000000000001288e-01 -1.203841783238605689e+00 -1.035032256978661414e+00
5.300000000000000266e-01 -1.181940106200841001e+00 -3.623166105378613722e+00
5.400000000000001465e-01 -1.131378461131033575e+00 -6.565138726377041323e+00
5.500000000000000444e-01 -1.050637331673300201e+00 -9.382218059297395385e+00
5.600000000000000533e-01 -9.437340999450856138e-01 -1.153356456934450947e+01
5.700000000000000622e-01 -8.199660402864100694e-01 -1.272007914181490662e+01
5.800000000000000711e-01 -6.893325171087874015e-01 -1.285387960659365625e+01
5.900000000000000799e-01 -5.628884481545368690e-01 -1.197078606286607183e+01
6.000000000000000888e-01 -4.499167958514659893e-01 -1.026540262124169622e+01
6.100000000000000977e-01 -3.575803957297030156e-01 -7.942491896055330791e+00
6.199999999999999956e-01 -2.910669579303593602e-01 -5.324628393659017966e+00
6.300000000000001155e-01 -2.510878278565226163e-01 -2.757992940670495940e+00
6.400000000000001243e-01 -2.359070991169494313e-01 -6.094567791673726198e-01
6.500000000000000222e-01 -2.388986922731751728e-01 9.656250002290582835e-01
6.600000000000001421e-01 -2.552195991215305826e-01 1.989675787668239382e+00
6.700000000000001510e-01 -2.786922080265399893e-01 2.442310971337644077e+00
6.800000000000000488e-01 -3.040658185482834619e-01 2.388479394175980985e+00
6.900000000000000577e-01 -3.264617959100595823e-01 1.904277873023043632e+00
7.000000000000001776e-01 -3.421513760087443456e-01 1.225231348290551248e+00
7.100000000000000755e-01 -3.509664228758705984e-01 6.128275874348264596e-01
7.200000000000000844e-01 -3.544079277574408993e-01 2.464883297302915555e-01
7.300000000000000933e-01 -3.558961894704764650e-01 2.745646816581149285e-01
7.400000000000001021e-01 -3.598992213906031523e-01 6.152983055501913823e-01
7.500000000000001110e-01 -3.682021555814802838e-01 1.068093100361414916e+00
7.600000000000001199e-01 -3.812610833978314906e-01 1.466198255593452959e+00
7.700000000000000178e-01 -3.975261206933493052e-01 1.749959546524668674e+00
7.800000000000001377e-01 -4.162602743283248530e-01 1.898438517076584731e+00
7.900000000000001465e-01 -4.354948910348810376e-01 1.884674120326836233e+00
8.000000000000000444e-01 -4.539537567348616021e-01 1.796235444555564387e+00
8.100000000000001643e-01 -4.714195999259923053e-01 1.634400849956997082e+00
8.200000000000001732e-01 -4.866417737340015259e-01 1.226103294260909582e+00
8.300000000000000711e-01 -4.959416658112105192e-01 5.351501490275951678e-01
8.400000000000000799e-01 -4.973447767145534049e-01 -2.843003359793792595e-01
8.500000000000001998e-01 -4.902556590916229418e-01 -9.967125349354716279e-01
8.600000000000000977e-01 -4.774105260158439945e-01 -1.513933664034320170e+00
8.700000000000001066e-01 -4.599769858109365450e-01 -1.783799793028396641e+00
8.800000000000001155e-01 -4.417345301552760839e-01 -1.810249417003690686e+00
8.900000000000001243e-01 -4.237719974708626935e-01 -1.694021121161757737e+00
9.000000000000001332e-01 -4.078541077320408936e-01 -1.492865671113666748e+00
9.100000000000001421e-01 -3.939146840485893697e-01 -1.191573781629654771e+00
9.200000000000000400e-01 -3.840226320994478137e-01 -8.464720666879973487e-01
9.300000000000001599e-01 -3.769852427148294161e-01 -5.726824792153389909e-01
9.400000000000001688e-01 -3.725689825151410339e-01 -4.297730970670371464e-01
9.500000000000000666e-01 -3.683897807734886620e-01 -4.986585123884483273e-01
9.600000000000001865e-01 -3.625958122673720307e-01 -8.698838433682712923e-01
9.700000000000001954e-01 -3.509921039061232317e-01 -1.489222400665572321e+00
9.800000000000000933e-01 -3.328113642540606043e-01 -2.034534400952875632e+00
9.900000000000001021e-01 -3.103014158870657235e-01 -2.218166174937311386e+00
1.000000000000000222e+00 -2.884480407553143833e-01 -2.024225075065924084e+00
1.010000000000000231e+00 -2.698169143857472307e-01 -1.662450167985813465e+00
1.020000000000000018e+00 -2.551990373955981273e-01 -1.322022968203014237e+00
1.030000000000000027e+00 -2.433764550216869771e-01 -1.148254789983873314e+00
1.040000000000000258e+00 -2.322339415959206455e-01 -1.216862039503823878e+00
1.050000000000000266e+00 -2.190392142316104906e-01 -1.483781370416731971e+00
1.060000000000000053e+00 -2.025583141875859916e-01 -1.781550137874654549e+00
1.070000000000000062e+00 -1.834082114741173997e-01 -1.987736095164852834e+00
1.080000000000000293e+00 -1.628035922842889227e-01 -2.271958039821643016e+00
1.090000000000000080e+00 -1.379690506776845293e-01 -2.755632766231222774e+00
1.100000000000000089e+00 -1.076909369596644739e-01 -3.092050421033232244e+00
1.110000000000000098e+00 -7.612804225701988448e-02 -3.050849902491934440e+00
1.120000000000000107e+00 -4.667393890982577537e-02 -2.677505523752971683e+00
1.130000000000000115e+00 -2.257793178196045719e-02 -2.102078584097403446e+00
1.140000000000000124e+00 -4.632367227877699431e-03 -1.499350271668052903e+00
1.150000000000000133e+00 7.409073651400603991e-03 -9.366573664280359868e-01
1.160000000000000142e+00 1.410078010068302468e-02 -8.099806066386404380e-02
1.170000000000000151e+00 9.029034864677884867e-03 6.326954812477513235e-01
1.180000000000000160e+00 1.446870475727995899e-03 4.448329612537253452e-01
1.190000000000000169e+00 1.323756396033770491e-04 7.234352378639978542e-02
1.200000000000000178e+00 0.000000000000000000e+00 1.323756396033770426e-02
