0.000000000000000000e+00 9.702770743838144085e+01 2.973725822994429677e+02
1.000000000000000194e-02 9.405398161538700208e+01 2.973725822994435362e+02
2.000000000000000389e-02 9.108025579239256331e+01 2.973725822994435362e+02
3.000000000000000583e-02 8.810652996939813875e+01 2.973725822994429677e+02
4.000000000000000777e-02 8.513280414640369997e+01 2.973725822994429677e+02
5.000000000000000278e-02 8.215907832340927541e+01 2.973725822994435362e+02
6.000000000000001166e-02 7.918535250041483664e+01 2.973725822994441614e+02
7.000000000000000666e-02 7.621162667742039787e+01 2.973725822994429677e+02
8.000000000000001554e-02 7.323790085442597331e+01 2.973725822994429677e+02
9.000000000000001055e-02 7.026417503143153453e+01 2.973725822994435362e+02
1.000000000000000056e-01 6.729044920843710997e+01 2.973725822994435362e+02
1.100000000000000144e-01 6.431672338544265699e+01 2.973725822994435362e+02
1.200000000000000233e-01 6.134299756244823243e+01 2.973725822994435362e+02
1.300000000000000322e-01 5.836927173945379366e+01 2.973725822994435362e+02
1.400000000000000133e-01 5.539554591645936199e+01 2.973725822994429677e+02
1.500000000000000222e-01 5.242182009346493032e+01 2.973725822994432519e+02
1.600000000000000311e-01 4.944809427047049155e+01 2.973725822994432519e+02
1.700000000000000122e-01 4.647436844747606699e+01 2.973725822994432519e+02
1.800000000000000211e-01 4.350064262448162822e+01 2.973725822994432519e+02
1.900000000000000300e-01 4.052691680148719655e+01 2.973725822994432519e+02
2.000000000000000111e-01 3.755319097849276488e+01 2.973725822994435362e+02
2.100000000000000200e-01 3.457946515549832611e+01 2.973725822994432519e+02
2.200000000000000289e-01 3.160573933250389800e+01 2.973725822994429677e+02
2.300000000000000100e-01 2.863201350950946988e+01 2.973725822994437067e+02
2.400000000000000466e-01 2.565828768651502401e+01 2.973725822994438772e+02
2.500000000000000555e-01 2.268456186352059234e+01 2.973725822994434225e+02
2.600000000000000644e-01 1.971083604052615357e+01 2.973725822994432519e+02
2.700000000000000733e-01 1.673711021753172545e+01 2.973725822994432519e+02
2.800000000000000266e-01 1.376338439453729023e+01 2.973725822994434225e+02
2.900000000000000355e-01 1.078965857154285679e+01 2.973725822994432519e+02
3.000000000000000444e-01 7.815932748548424236e+00 2.973725822994427404e+02
3.099999999999999978e-01 4.842206925554000563e+00 2.357956969185523803e+02
3.200000000000000622e-01 3.100018810177376682e+00 1.459931922738564651e+02
3.300000000000000711e-01 1.922343080076871047e+00 1.003314951624337112e+02
3.400000000000000244e-01 1.093388906928702164e+00 7.357523045999099054e+01
3.500000000000000888e-01 4.508384708770511451e-01 5.711556749264692456e+01
3.600000000000000422e-01 -4.892244292423636454e-02 4.520775439717654365e+01
3.700000000000000511e-01 -4.533166170664797434e-01 3.757482160525380266e+01
3.800000000000000600e-01 -8.004188750293124155e-01 3.263780664267150655e+01
3.900000000000000688e-01 -1.106072749919909892e+00 2.873304973282613162e+01
4.000000000000000222e-01 -1.375079869685835066e+00 2.333536133105216237e+01
4.100000000000000866e-01 -1.572779976540953362e+00 1.743367577231921217e+01
4.200000000000000400e-01 -1.723753385132219318e+00 1.150554351846025014e+01
4.300000000000000488e-01 -1.802890846910158329e+00 4.583898006464733221e+00
4.400000000000000577e-01 -1.815431345261514062e+00 -1.772803445011929879e+00
4.500000000000000666e-01 -1.767434778009919771e+00 -7.501567539885928504e+00
4.600000000000000200e-01 -1.665399994463795386e+00 -1.241838490863410804e+01
4.700000000000000844e-01 -1.519067079837237433e+00 -1.588238550575775676e+01
4.800000000000000933e-01 -1.347752284348640250e+00 -1.711642027956142798e+01
4.900000000000000466e-01 -1.176738674246009086e+00 -1.662865041185438741e+01
5.000000000000001110e-01 -1.015179276111552564e+00 -1.614601472740794463e+01
5.100000000000000089e-01 -8.538183796978500162e-01 -1.513580207751520135e+01
5.200000000000001288e-01 -7.124632345612484929e-01 -1.374780386628759743e+01
5.300000000000000266e-01 -5.788623023720981253e-01 -1.252730906899678942e+01
5.400000000000001465e-01 -4.619170531813126535e-01 -1.109320158823149072e+01
5.500000000000000444e-01 -3.569982706074682488e-01 -9.715865581809699947e+00
5.600000000000000533e-01 -2.675997415451186745e-01 -8.230672790615823686e+00
5.700000000000000622e-01 -1.923848147951517651e-01 -6.734895353765601556e+00
5.800000000000000711e-01 -1.329018344698066345e-01 -5.296998480879116400e+00
5.900000000000000799e-01 -8.644484517756945152e-02 -4.248213267192904929e+00
6.000000000000000888e-01 -4.793756912594852176e-02 -3.156866799667136902e+00
6.100000000000000977e-01 -2.330750918422671084e-02 -1.558708237726254886e+00
6.199999999999999956e-01 -1.676340437142342238e-02 1.201299565049515211e-01
6.300000000000001155e-01 -2.571010831432574140e-02 1.334656845400008951e+00
6.400000000000001243e-01 -4.345654127942359668e-02 1.912721837741324871e+00
6.500000000000000222e-01 -6.396454506915223714e-02 1.989112060568724694e+00
6.600000000000001421e-01 -8.323878249079809388e-02 1.929131780794679951e+00
6.700000000000001510e-01 -1.025471806850458412e-01 1.472386477311051767e+00
6.800000000000000488e-01 -1.126865120370191264e-01 3.180332143321588645e-01
6.900000000000000577e-01 -1.089078449716890246e-01 -8.229810407981161813e-01
7.000000000000001776e-01 -9.622689122105680670e-02 -1.704621229634540436e+00
7.100000000000000755e-01 -7.481542037899820141e-02 -2.203599590764396599e+00
7.200000000000000844e-01 -5.215489940576886752e-02 -2.369095047603904103e+00
7.300000000000000933e-01 -2.743351942692011727e-02 -2.400428129972695501e+00
7.400000000000001021e-01 -4.146336806314951037e-03 -2.180258994674789896e+00
7.500000000000001110e-01 1.617166046657568870e-02 -1.632320472657505128e+00
7.600000000000001199e-01 2.850007264683515618e-02 -9.726438016039968826e-01
7.700000000000000178e-01 3.562453649865562899e-02 -4.696411277076767421e-01
7.800000000000001377e-01 3.789289520098868685e-02 7.703575500724740843e-02
7.900000000000001465e-01 3.408382139851067610e-02 6.933524370302048823e-01
8.000000000000000444e-01 2.402584646038459157e-02 1.080913851004246418e+00
8.100000000000001643e-01 1.246554437842575282e-02 1.494893308290133005e+00
8.200000000000001732e-01 -5.872019705418065130e-03 1.680092935415922195e+00
8.300000000000000711e-01 -2.113631432989269282e-02 1.538405552983999502e+00
8.400000000000000799e-01 -3.664013076509805428e-02 1.308272791983696726e+00
8.500000000000001998e-01 -4.730177016956662456e-02 8.308699941891262153e-01
8.600000000000000977e-01 -5.325753064888057858e-02 2.470641664091895451e-01
8.700000000000001066e-01 -5.224305349775041490e-02 -2.552716004927179649e-01
8.800000000000001155e-01 -4.815209863902621817e-02 -5.444551769513226169e-01
8.900000000000001243e-01 -4.135394995872396229e-02 -8.166390480123074669e-01
9.000000000000001332e-01 -3.181931767878007355e-02 -1.004860235388975953e+00
9.100000000000001421e-01 -2.125674525094444281e-02 -1.087607062802641744e+00
9.200000000000000400e-01 -1.006717642272723576e-02 -1.089243415860446929e+00
9.300000000000001599e-01 5.281230662644982544e-04 -9.654813216392946762e-01
9.400000000000001688e-01 9.242450010058661514e-03 -8.615807590431705520e-01
9.500000000000000666e-01 1.775973824712790902e-02 -8.430251417900951338e-01
9.600000000000001865e-01 2.610295284586056086e-02 -7.884246365619611563e-01
9.700000000000001954e-01 3.352823097836713645e-02 -7.176370839280500347e-01
9.800000000000000933e-01 4.045569452442156211e-02 -5.960859976607787436e-01
9.900000000000001021e-01 4.544995093158270966e-02 -4.429678643603586208e-01
1.000000000000000222e+00 4.931505181162873508e-02 -2.746435416196899570e-01
1.010000000000000231e+00 5.094282176397650630e-02 -8.971501007152296592e-02
1.020000000000000018e+00 5.110935201305919634e-02 8.347653995204198929e-02
1.030000000000000027e+00 4.927329096493567040e-02 2.449296777068147857e-01
1.040000000000000258e+00 4.621075845892289730e-02 3.815757537460670590e-01
1.050000000000000266e+00 4.164177589001432506e-02 5.031123288014522910e-01
1.060000000000000053e+00 3.614851188289385647e-02 5.615070456220594419e-01
1.070000000000000062e+00 3.041163497757313691e-02 5.443475313212364775e-01
1.080000000000000293e+00 2.526156125646912554e-02 4.938969129625803700e-01
1.090000000000000080e+00 2.053369671832152785e-02 4.015423349659129615e-01
1.100000000000000089e+00 1.723071455715086478e-02 2.773691147672809887e-01
1.110000000000000098e+00 1.498631442297590662e-02 1.768372628043989869e-01
1.120000000000000107e+00 1.369396930106288497e-02 9.114357090901055447e-02
1.130000000000000115e+00 1.316344300479569719e-02 3.319437973248049595e-02
1.140000000000000124e+00 1.303008170641327401e-02 2.263499198070665491e-02
1.150000000000000133e+00 1.271074316518156291e-02 6.735091537866232103e-02
1.160000000000000142e+00 1.168306339884002745e-02 4.226034202114432037e-01
1.170000000000000151e+00 4.258674760952698042e-03 5.546773190816712829e-01
1.180000000000000160e+00 5.895170172066004164e-04 2.102380819939499434e-01
1.190000000000000169e+00 5.391312107369834587e-05 2.947585086033001692e-02
1.200000000000000178e+00 0.000000000000000000e+00 5.391312107369834045e-03
