0.000000000000000000e+00 1.209479694673529480e+02 3.656534793695287817e+02
1.000000000000000194e-02 1.172914346736576618e+02 3.656534793695275880e+02
2.000000000000000389e-02 1.136348998799623899e+02 3.656534793695263943e+02
3.000000000000000583e-02 1.099783650862671323e+02 3.656534793695282133e+02
4.000000000000000777e-02 1.063218302925718319e+02 3.656534793695287817e+02
5.000000000000000278e-02 1.026652954988765458e+02 3.656534793695275880e+02
6.000000000000001166e-02 9.900876070518127392e+01 3.656534793695282133e+02
7.000000000000000666e-02 9.535222591148598781e+01 3.656534793695275880e+02
8.000000000000001554e-02 9.169569111779073012e+01 3.656534793695282133e+02
9.000000000000001055e-02 8.803915632409542980e+01 3.656534793695282133e+02
1.000000000000000056e-01 8.438262153040015789e+01 3.656534793695275880e+02
1.100000000000000144e-01 8.072608673670487178e+01 3.656534793695282133e+02
1.200000000000000233e-01 7.706955194300959988e+01 3.656534793695275880e+02
1.300000000000000322e-01 7.341301714931431377e+01 3.656534793695282133e+02
1.400000000000000133e-01 6.975648235561902766e+01 3.656534793695282133e+02
1.500000000000000222e-01 6.609994756192375576e+01 3.656534793695275880e+02
1.600000000000000311e-01 6.244341276822847675e+01 3.656534793695275880e+02
1.700000000000000122e-01 5.878687797453320485e+01 3.656534793695275880e+02
1.800000000000000211e-01 5.513034318083792584e+01 3.656534793695278722e+02
1.900000000000000300e-01 5.147380838714264684e+01 3.656534793695282133e+02
2.000000000000000111e-01 4.781727359344736072e+01 3.656534793695278722e+02
2.100000000000000200e-01 4.416073879975208882e+01 3.656534793695275880e+02
2.200000000000000289e-01 4.050420400605680982e+01 3.656534793695278722e+02
2.300000000000000100e-01 3.684766921236153081e+01 3.656534793695287817e+02
2.400000000000000466e-01 3.319113441866623759e+01 3.656534793695284407e+02
2.500000000000000555e-01 2.953459962497095859e+01 3.656534793695275880e+02
2.600000000000000644e-01 2.587806483127568313e+01 3.656534793695277585e+02
2.700000000000000733e-01 2.222153003758040413e+01 3.656534793695278722e+02
2.800000000000000266e-01 1.856499524388512512e+01 3.656534793695277585e+02
2.900000000000000355e-01 1.490846045018984967e+01 3.656534793695277585e+02
3.000000000000000444e-01 1.125192565649457066e+01 3.656534793695272469e+02
3.099999999999999978e-01 7.595390862799303200e+00 3.656534793695278722e+02
3.200000000000000622e-01 3.938856069104012203e+00 2.916291511800008607e+02
3.300000000000000711e-01 1.762807839199285853e+00 1.899186527183642568e+02
3.400000000000000244e-01 1.404830147367267523e-01 1.372765625520968911e+02
3.500000000000000888e-01 -9.827234118426519949e-01 9.708184109323723021e+01
3.600000000000000422e-01 -1.801153807128017981e+00 7.114997534227362053e+01
3.700000000000000511e-01 -2.405722918688124601e+00 4.917062308808090165e+01
3.800000000000000600e-01 -2.784566268889636209e+00 3.324797231400724939e+01
3.900000000000000688e-01 -3.070682364968269518e+00 2.239539173250989990e+01
4.000000000000000222e-01 -3.232474103539834331e+00 1.423393681064611727e+01
4.100000000000000866e-01 -3.355361101181192129e+00 9.114333745584817237e+00
4.200000000000000400e-01 -3.414760778451530587e+00 2.336773271713457056e+00
4.300000000000000488e-01 -3.402096566615461004e+00 -2.319990304390818991e+00
4.400000000000000577e-01 -3.368360972363714012e+00 -7.266882901420897767e+00
4.500000000000000666e-01 -3.256758908587042978e+00 -1.380144214980696482e+01
4.600000000000000200e-01 -3.092332129367574733e+00 -1.880200966070956881e+01
4.700000000000000844e-01 -2.880718715372851957e+00 -2.349886515404898546e+01
4.800000000000000933e-01 -2.622354826286595220e+00 -2.531155185767845239e+01
4.900000000000000466e-01 -2.374487678219282749e+00 -2.480248375393727400e+01
5.000000000000001110e-01 -2.126305151207849686e+00 -2.238517002832941216e+01
5.100000000000000089e-01 -1.926784277652694444e+00 -1.830561280261215984e+01
5.200000000000001288e-01 -1.760192895155606507e+00 -1.568863246543502221e+01
5.300000000000000266e-01 -1.613011628343993920e+00 -1.086607448108299678e+01
5.400000000000001465e-01 -1.542871405533946527e+00 -6.996157380555752425e+00
5.500000000000000444e-01 -1.473088480732878791e+00 -4.936179105342795914e+00
5.600000000000000533e-01 -1.444147823427090582e+00 -2.942725369951865844e+00
5.700000000000000622e-01 -1.414233973333841599e+00 -1.852822097364273057e+00
5.800000000000000711e-01 -1.407091381479805170e+00 -2.287099757912588238e+00
5.900000000000000799e-01 -1.368491978175589763e+00 -3.124529245930606880e+00
6.000000000000000888e-01 -1.344600796561193023e+00 -2.989787952957471351e+00
6.100000000000000977e-01 -1.308696219116440407e+00 -4.802674432142081784e+00
6.199999999999999956e-01 -1.248547307918351335e+00 -5.210519256699110535e+00
6.300000000000001155e-01 -1.204485833982458232e+00 -4.320809356473098717e+00
6.400000000000001243e-01 -1.162131120788889360e+00 -5.410170221214360531e+00
6.500000000000000222e-01 -1.096282429558171012e+00 -4.420244028411236314e+00
6.600000000000001421e-01 -1.073726240220664652e+00 -3.128099144359951289e+00
6.700000000000001510e-01 -1.033720446670971960e+00 -1.177277772860375826e+00
6.800000000000000488e-01 -1.050180684763457162e+00 -4.865672220660458569e-01
6.900000000000000577e-01 -1.023989102229651005e+00 -1.031419029892829631e+00
7.000000000000001776e-01 -1.029552304165600507e+00 -1.423876632115859131e-01
7.100000000000000755e-01 -1.021141348965419304e+00 -1.185552693774594157e+00
7.200000000000000844e-01 -1.005841250290108624e+00 -1.327669830342004476e+00
7.300000000000000933e-01 -9.945879523585792192e-01 -1.932364199223598922e+00
7.400000000000001021e-01 -9.671939663056365877e-01 -2.770833153800704718e+00
7.500000000000001110e-01 -9.391712892825651027e-01 -2.445562575636679892e+00
7.600000000000001199e-01 -9.182827147929030209e-01 -2.475946871963574214e+00
7.700000000000000178e-01 -8.896523518432936095e-01 -1.444300423250503451e+00
7.800000000000001377e-01 -8.893967063278929164e-01 -1.198397028331259939e+00
7.900000000000001465e-01 -8.656844112766683974e-01 -1.409234676613243753e+00
8.000000000000000444e-01 -8.612120127956280902e-01 -1.339383669544427002e+00
8.100000000000001643e-01 -8.388967378857797863e-01 -1.844087407310092797e+00
8.200000000000001732e-01 -8.243302646494262698e-01 -1.915083064348001685e+00
8.300000000000000711e-01 -8.005950765988197881e-01 -1.311677687183254726e+00
8.400000000000000799e-01 -7.980967109057611752e-01 3.851618993744195668e-02
8.500000000000001998e-01 -8.013654003975686502e-01 -9.279513398221329590e-01
8.600000000000000977e-01 -7.795376841093184517e-01 -2.980962078856832953e+00
8.700000000000001066e-01 -7.417461588204319334e-01 -3.134988214926931249e+00
8.800000000000001155e-01 -7.168379198107798222e-01 -3.081141904912636509e+00
8.900000000000001243e-01 -6.801233207221792920e-01 -4.015932827717477061e+00
9.000000000000001332e-01 -6.365192632564302677e-01 -4.394362970832840887e+00
9.100000000000001421e-01 -5.922360613055224210e-01 -4.542056640763430408e+00
9.200000000000000400e-01 -5.456781304411616462e-01 -4.966992982477188789e+00
9.300000000000001599e-01 -4.928962016559786385e-01 -4.612222452083665658e+00
9.400000000000001688e-01 -4.534336813994883641e-01 -4.541302795190849118e+00
9.500000000000000666e-01 -4.020701457521616562e-01 -5.202632958803258489e+00
9.600000000000001865e-01 -3.493810222234231544e-01 -5.768222769782636483e+00
9.700000000000001954e-01 -2.867056903565088910e-01 -5.257381081571816495e+00
9.800000000000000933e-01 -2.442334005919868378e-01 -4.834743713765572437e+00
9.900000000000001021e-01 -1.900108160811974645e-01 -4.511017601799369281e+00
1.000000000000000222e+00 -1.540130485559994267e-01 -3.946734426254736139e+00
1.010000000000000231e+00 -1.110761275561027300e-01 -4.232173052832792770e+00
1.020000000000000018e+00 -6.936958749934356294e-02 -4.223178569588895037e+00
1.030000000000000027e+00 -2.661255616432481666e-02 -3.651771451537550117e+00
1.040000000000000258e+00 3.665841531407431925e-03 -2.717487279360432773e+00
1.050000000000000266e+00 2.773718942288384490e-02 -1.449210959238457885e+00
1.060000000000000053e+00 3.265006071617659184e-02 -3.220163898694697879e-01
1.070000000000000062e+00 3.417751722027324163e-02 -8.982043613070391647e-03
1.080000000000000293e+00 3.282970158843799557e-02 8.660083060363391594e-01
1.090000000000000080e+00 1.685735109954645747e-02 1.054463205984905061e+00
1.100000000000000089e+00 1.174043746873989526e-02 -7.333632976927092692e-03
1.110000000000000098e+00 1.700402375908499977e-02 -8.568510381843417179e-01
1.120000000000000107e+00 2.887745823242672885e-02 -4.589971008991439727e-01
1.130000000000000115e+00 2.618396577706788228e-02 1.982558536075935407e-01
1.140000000000000124e+00 2.491234116027486040e-02 -9.370160079591099977e-02
1.150000000000000133e+00 2.805799779298610158e-02 9.962761978964383702e-02
1.160000000000000142e+00 2.291978876448198116e-02 9.437563633418325493e-01
1.170000000000000151e+00 9.182870526149446155e-03 1.081607586048335179e+00
1.180000000000000160e+00 1.287637043515276131e-03 4.535941587564738531e-01
1.190000000000000169e+00 1.109873510199692895e-04 6.438185217576379571e-02
1.200000000000000178e+00 0.000000000000000000e+00 1.109873510199692846e-02
