0.000000000000000000e+00 7.635404740761853759e+01 2.293409836257081622e+02
1.000000000000000194e-02 7.406063757136145398e+01 2.293409836257075654e+02
2.000000000000000389e-02 7.176722773510438458e+01 2.293409836257075654e+02
3.000000000000000583e-02 6.947381789884730097e+01 2.293409836257081622e+02
4.000000000000000777e-02 6.718040806259021736e+01 2.293409836257075654e+02
5.000000000000000278e-02 6.488699822633314795e+01 2.293409836257075654e+02
6.000000000000001166e-02 6.259358839007606434e+01 2.293409836257081622e+02
7.000000000000000666e-02 6.030017855381898784e+01 2.293409836257075654e+02
8.000000000000001554e-02 5.800676871756191133e+01 2.293409836257075654e+02
9.000000000000001055e-02 5.571335888130483482e+01 2.293409836257075654e+02
1.000000000000000056e-01 5.341994904504776542e+01 2.293409836257078780e+02
1.100000000000000144e-01 5.112653920879067471e+01 2.293409836257081622e+02
1.200000000000000233e-01 4.883312937253359820e+01 2.293409836257075654e+02
1.300000000000000322e-01 4.653971953627652169e+01 2.293409836257078780e+02
1.400000000000000133e-01 4.424630970001943808e+01 2.293409836257078780e+02
1.500000000000000222e-01 4.195289986376236868e+01 2.293409836257075654e+02
1.600000000000000311e-01 3.965949002750529218e+01 2.293409836257078780e+02
1.700000000000000122e-01 3.736608019124820856e+01 2.293409836257078780e+02
1.800000000000000211e-01 3.507267035499113206e+01 2.293409836257078780e+02
1.900000000000000300e-01 3.277926051873404845e+01 2.293409836257078780e+02
2.000000000000000111e-01 3.048585068247697549e+01 2.293409836257075654e+02
2.100000000000000200e-01 2.819244084621989899e+01 2.293409836257075654e+02
2.200000000000000289e-01 2.589903100996282248e+01 2.293409836257078780e+02
2.300000000000000100e-01 2.360562117370573887e+01 2.293409836257081622e+02
2.400000000000000466e-01 2.131221133744865881e+01 2.293409836257081622e+02
2.500000000000000555e-01 1.901880150119157520e+01 2.293409836257078780e+02
2.600000000000000644e-01 1.672539166493450224e+01 2.293409836257075654e+02
2.700000000000000733e-01 1.443198182867742574e+01 2.293409836257077359e+02
2.800000000000000266e-01 1.213857199242034568e+01 2.293409836257078780e+02
2.900000000000000355e-01 9.845162156163267397e+00 2.293409836257078211e+02
3.000000000000000444e-01 7.551752319906190003e+00 2.293409836257073380e+02
3.099999999999999978e-01 5.258342483649119714e+00 1.893303751116502553e+02
3.200000000000000622e-01 3.765144817673184985e+00 1.312529716249282785e+02
3.300000000000000711e-01 2.633283051150554499e+00 1.015085730546934144e+02
3.400000000000000244e-01 1.734973356579316839e+00 8.143948551406090530e+01
3.500000000000000888e-01 1.004493340869336393e+00 6.643626856177225193e+01
3.600000000000000422e-01 4.062479853438714650e-01 5.430512091403008412e+01
3.700000000000000511e-01 -8.160907741126519066e-02 4.402757373053841405e+01
3.800000000000000600e-01 -4.743034892668968605e-01 3.542311779115765091e+01
3.900000000000000688e-01 -7.900714332344183077e-01 2.854778273620009799e+01
4.000000000000000222e-01 -1.045259143990898920e+00 2.306286473214832711e+01
4.100000000000000866e-01 -1.251328727877384805e+00 1.828464940767971569e+01
4.200000000000000400e-01 -1.410952132144493110e+00 1.390941666070299298e+01
4.300000000000000488e-01 -1.529517061091444585e+00 1.002924362898456501e+01
4.400000000000000577e-01 -1.611537004724184596e+00 6.713934387937126935e+00
4.500000000000000666e-01 -1.663795748850187106e+00 3.928541664069095773e+00
4.600000000000000200e-01 -1.690107838005566521e+00 1.580644408714861893e+00
4.700000000000000844e-01 -1.695408637024484300e+00 -4.623502105541451579e-01
4.800000000000000933e-01 -1.680860833794483478e+00 -2.390068070493531760e+00
4.900000000000000466e-01 -1.647607275614613842e+00 -4.329014329134902361e+00
5.000000000000001110e-01 -1.594280547211785581e+00 -6.128898116825519438e+00
5.100000000000000089e-01 -1.525029313278103427e+00 -7.354362706895870794e+00
5.200000000000001288e-01 -1.447193293073868015e+00 -7.641832953073729229e+00
5.300000000000000266e-01 -1.372192654216628727e+00 -7.130081816978671050e+00
5.400000000000001465e-01 -1.304591656734294558e+00 -6.378952372501098367e+00
5.500000000000000444e-01 -1.244613606766606706e+00 -5.909059817877571064e+00
5.600000000000000533e-01 -1.186410460376743137e+00 -5.874089594550011562e+00
5.700000000000000622e-01 -1.127131814875606652e+00 -6.120758210352383877e+00
5.800000000000000711e-01 -1.063995296169695459e+00 -6.482408080834265007e+00
5.900000000000000799e-01 -9.974836532589212990e-01 -6.707727037327471997e+00
6.000000000000000888e-01 -9.298407554231461480e-01 -6.575804951051445357e+00
6.100000000000000977e-01 -8.659675542378924007e-01 -6.076690788082951045e+00
6.199999999999999956e-01 -8.083069396614870339e-01 -5.364528195669845623e+00
6.300000000000001155e-01 -7.586769903244954261e-01 -4.560309373072548134e+00
6.400000000000001243e-01 -7.171007522000361067e-01 -3.794632299173057000e+00
6.500000000000000222e-01 -6.827843443410342994e-01 -3.238048638697264003e+00
6.600000000000001421e-01 -6.523397794260907823e-01 -2.998434328696704121e+00
6.700000000000001510e-01 -6.228156577671002392e-01 -2.998040133977478039e+00
6.800000000000000488e-01 -5.923789767465412748e-01 -3.015327505569519229e+00
6.900000000000000577e-01 -5.625091076557098280e-01 -2.871606301135828154e+00
7.000000000000001776e-01 -5.349468507238246406e-01 -2.608935273165340796e+00
7.100000000000000755e-01 -5.103304021924029987e-01 -2.338880993743265524e+00
7.200000000000000844e-01 -4.881692308489593568e-01 -2.095062264182659284e+00
7.300000000000000933e-01 -4.684291569087498108e-01 -1.875440491943892951e+00
7.400000000000001021e-01 -4.506604210100815244e-01 -1.732010894219703223e+00
7.500000000000001110e-01 -4.337889390243557797e-01 -1.676399578247696365e+00
7.600000000000001199e-01 -4.171324294451275727e-01 -1.611810318608122961e+00
7.700000000000000178e-01 -4.015527326521933227e-01 -1.469651312470484417e+00
7.800000000000001377e-01 -3.877394031957178688e-01 -1.284735188443807408e+00
7.900000000000001465e-01 -3.758580288833171523e-01 -1.100656877040018022e+00
8.000000000000000444e-01 -3.657262656549175039e-01 -9.299740001103397047e-01
8.100000000000001643e-01 -3.572585488811103605e-01 -7.995316191357348945e-01
8.200000000000001732e-01 -3.497356332722028061e-01 -7.627661695232854644e-01
8.300000000000000711e-01 -3.420032254906446578e-01 -8.199900685747788520e-01
8.400000000000000799e-01 -3.333358319007072579e-01 -9.147189606636371151e-01
8.500000000000001998e-01 -3.237088462773718978e-01 -9.846937580617464159e-01
8.600000000000000977e-01 -3.136419567394723162e-01 -9.930544697591533465e-01
8.700000000000001066e-01 -3.038477568821888464e-01 -9.544064475447994189e-01
8.800000000000001155e-01 -2.945538277885763057e-01 -9.158233819327543657e-01
8.900000000000001243e-01 -2.855312892435337702e-01 -9.087204517616181976e-01
9.000000000000001332e-01 -2.763794187533439861e-01 -9.245940165574525471e-01
9.100000000000001421e-01 -2.670394089123847015e-01 -9.571600758072322801e-01
9.200000000000000400e-01 -2.572362172371993050e-01 -1.005847328918755057e+00
9.300000000000001599e-01 -2.469224623340096070e-01 -1.053140139255549279e+00
9.400000000000001688e-01 -2.361734144520883372e-01 -1.091341940205736938e+00
9.500000000000000666e-01 -2.250956235298948449e-01 -1.121664067258683950e+00
9.600000000000001865e-01 -2.137401331069146426e-01 -1.131845957813597314e+00
9.700000000000001954e-01 -2.024587043736228997e-01 -1.116573706449299319e+00
9.800000000000000933e-01 -1.914086589779286640e-01 -1.095425927644968489e+00
9.900000000000001021e-01 -1.805501858207235466e-01 -1.091723414740749520e+00
1.000000000000000222e+00 -1.695741906831136625e-01 -1.102608498562282158e+00
1.010000000000000231e+00 -1.584980158494778968e-01 -1.114242414370331780e+00
1.020000000000000018e+00 -1.472893423957070402e-01 -1.122770481184780289e+00
1.030000000000000027e+00 -1.360426062257822921e-01 -1.123397273461078871e+00
1.040000000000000258e+00 -1.248213969264854450e-01 -1.108887841842813859e+00
1.050000000000000266e+00 -1.138648493889260066e-01 -1.078860422776539041e+00
1.060000000000000053e+00 -1.032441884709546648e-01 -1.040434605602485796e+00
1.070000000000000062e+00 -9.305615727687628624e-02 -9.966304078497082442e-01
1.080000000000000293e+00 -8.331158031396050656e-02 -9.508286173448419198e-01
1.090000000000000080e+00 -7.403958492997944618e-02 -9.031552873294227402e-01
1.100000000000000089e+00 -6.524847456737205287e-02 -8.541124957644897764e-01
1.110000000000000098e+00 -5.695733501468965704e-02 -8.054794048062161593e-01
1.120000000000000107e+00 -4.913888647124772108e-02 -7.598965539211950393e-01
1.130000000000000115e+00 -4.175940393626575292e-02 -7.179133584940335933e-01
1.140000000000000124e+00 -3.478061930136704810e-02 -6.791589442503671581e-01
1.150000000000000133e+00 -2.817622505125840990e-02 -6.437267068634895395e-01
1.160000000000000142e+00 -2.190608516409725884e-02 -1.113201799737292275e+00
1.170000000000000151e+00 -5.912189056512563712e-03 -1.070840480016742813e+00
1.180000000000000160e+00 -4.892755637624001059e-04 -2.939274946235214681e-01
1.190000000000000169e+00 -3.363916404213325814e-05 -2.446377818812000768e-02
1.200000000000000178e+00 0.000000000000000000e+00 -3.363916404213325353e-03
