0.000000000000000000e+00 1.860375465089015563e+02 6.436042427225449956e+02
1.000000000000000194e-02 1.796015040816760973e+02 6.436042427225449956e+02
2.000000000000000389e-02 1.731654616544506666e+02 6.436042427225461324e+02
3.000000000000000583e-02 1.667294192272251792e+02 6.436042427225461324e+02
4.000000000000000777e-02 1.602933767999997201e+02 6.436042427225449956e+02
5.000000000000000278e-02 1.538573343727742895e+02 6.436042427225461324e+02
6.000000000000001166e-02 1.474212919455488020e+02 6.436042427225461324e+02
7.000000000000000666e-02 1.409852495183233714e+02 6.436042427225461324e+02
8.000000000000001554e-02 1.345492070910978839e+02 6.436042427225449956e+02
9.000000000000001055e-02 1.281131646638724533e+02 6.436042427225449956e+02
1.000000000000000056e-01 1.216771222366469800e+02 6.436042427225461324e+02
1.100000000000000144e-01 1.152410798094215352e+02 6.436042427225461324e+02
1.200000000000000233e-01 1.088050373821960619e+02 6.436042427225461324e+02
1.300000000000000322e-01 1.023689949549706029e+02 6.436042427225449956e+02
1.400000000000000133e-01 9.593295252774515802e+01 6.436042427225456777e+02
1.500000000000000222e-01 8.949691010051969897e+01 6.436042427225456777e+02
1.600000000000000311e-01 8.306086767329423992e+01 6.436042427225456777e+02
1.700000000000000122e-01 7.662482524606878087e+01 6.436042427225456777e+02
1.800000000000000211e-01 7.018878281884333603e+01 6.436042427225456777e+02
1.900000000000000300e-01 6.375274039161786988e+01 6.436042427225461324e+02
2.000000000000000111e-01 5.731669796439241082e+01 6.436042427225459051e+02
2.100000000000000200e-01 5.088065553716695177e+01 6.436042427225456777e+02
2.200000000000000289e-01 4.444461310994149272e+01 6.436042427225456777e+02
2.300000000000000100e-01 3.800857068271604078e+01 6.436042427225464735e+02
2.400000000000000466e-01 3.157252825549056396e+01 6.436042427225467009e+02
2.500000000000000555e-01 2.513648582826510491e+01 6.436042427225456777e+02
2.600000000000000644e-01 1.870044340103964942e+01 6.436042427225456777e+02
2.700000000000000733e-01 1.226440097381419037e+01 6.436042427225456777e+02
2.800000000000000266e-01 5.828358546588733091e+00 4.502568095056268476e+02
2.900000000000000355e-01 3.259264783701653290e+00 2.270844588805711055e+02
3.000000000000000444e-01 1.286669368977310990e+00 1.639621635710544183e+02
3.099999999999999978e-01 -1.997848771943524018e-02 1.133844872597893385e+02
3.200000000000000622e-01 -9.810203762184761533e-01 8.490803960935356542e+01
3.300000000000000711e-01 -1.718139279906506722e+00 6.714702028284986568e+01
3.400000000000000244e-01 -2.323960781875473725e+00 5.456839319149686673e+01
3.500000000000000888e-01 -2.809507143736444057e+00 4.388955639246442075e+01
3.600000000000000422e-01 -3.201751909724761980e+00 3.319762806841614378e+01
3.700000000000000511e-01 -3.473459705104767092e+00 2.035663255327130372e+01
3.800000000000000600e-01 -3.608884560790188267e+00 8.708010669961897321e+00
3.900000000000000688e-01 -3.647619918504005021e+00 -2.025600852873139512e+00
4.000000000000000222e-01 -3.568372543732725610e+00 -1.484602772702391782e+01
4.100000000000000866e-01 -3.350699363963526523e+00 -2.642633196672874263e+01
4.200000000000000400e-01 -3.039845904398150722e+00 -3.257391256396986989e+01
4.300000000000000488e-01 -2.699221112684129231e+00 -3.152279370481264564e+01
4.400000000000000577e-01 -2.409390030301897578e+00 -2.602526577872272640e+01
4.500000000000000666e-01 -2.178715797109674668e+00 -2.101823843384413593e+01
4.600000000000000200e-01 -1.989025261625014807e+00 -1.603239045250717965e+01
4.700000000000000844e-01 -1.858067988059530995e+00 -1.367227577546959161e+01
4.800000000000000933e-01 -1.715579746115623028e+00 -1.198023063672027355e+01
4.900000000000000466e-01 -1.618463375325125631e+00 -1.064576729588767812e+01
5.000000000000001110e-01 -1.502664400197869510e+00 -8.090547477921175457e+00
5.100000000000000089e-01 -1.456652425766702175e+00 -4.819770775913863936e+00
5.200000000000001288e-01 -1.406268984679592160e+00 -4.747783914950105100e+00
5.300000000000000266e-01 -1.361696747467699975e+00 -5.266987733714146636e+00
5.400000000000001465e-01 -1.300929230005309245e+00 -6.464656079149812662e+00
5.500000000000000444e-01 -1.232403625884703757e+00 -7.824979950480573265e+00
5.600000000000000533e-01 -1.144429630995697833e+00 -7.904173790940886235e+00
5.700000000000000622e-01 -1.074320150065885882e+00 -9.758714428612959679e+00
5.800000000000000711e-01 -9.492553424234385639e-01 -1.402764871098111499e+01
5.900000000000000799e-01 -7.937671758462636618e-01 -1.648786679420688372e+01
6.000000000000000888e-01 -6.194980065393008717e-01 -1.483930012371855689e+01
6.100000000000000977e-01 -4.969811733718925151e-01 -1.229425802796789746e+01
6.199999999999999956e-01 -3.736128459799428758e-01 -1.130338157360699824e+01
6.300000000000001155e-01 -2.709135418997525302e-01 -9.477277805731224802e+00
6.400000000000001243e-01 -1.840672898653183676e-01 -5.330351237608615733e+00
6.500000000000000222e-01 -1.643065171475802111e-01 -3.073186434796012501e-01
6.600000000000001421e-01 -1.779209169957263470e-01 2.063670911702151223e+00
6.700000000000001510e-01 -2.055799353816232244e-01 3.343821796233085397e+00
6.800000000000000488e-01 -2.447973529203880672e-01 5.851348205347488118e+00
6.900000000000000577e-01 -3.226068994885730179e-01 9.725061335735366796e+00
7.000000000000001776e-01 -4.392985796350953875e-01 1.185259859128102278e+01
7.100000000000000755e-01 -5.596588713141934512e-01 1.300684479099106738e+01
7.200000000000000844e-01 -6.994354754549167996e-01 1.467117074494443862e+01
7.300000000000000933e-01 -8.530822862130822415e-01 1.496436417753421111e+01
7.400000000000001021e-01 -9.987227590056010351e-01 1.521507938123202486e+01
7.500000000000001110e-01 -1.157383873837722676e+00 1.508908247098281841e+01
7.600000000000001199e-01 -1.300504408425257497e+00 1.257558755149575092e+01
7.700000000000000178e-01 -1.408895624867637864e+00 9.920368866850425960e+00
7.800000000000001377e-01 -1.498911785762265803e+00 8.185573254206992999e+00
7.900000000000001465e-01 -1.572607089951777670e+00 5.655546596895182354e+00
8.000000000000000444e-01 -1.612022717700169583e+00 3.661330660928924896e+00
8.100000000000001643e-01 -1.645833703170356044e+00 2.067732196491674834e+00
8.200000000000001732e-01 -1.653377361630003151e+00 -3.470536733725016268e-03
8.300000000000000711e-01 -1.645764292435681675e+00 -1.679767875382686571e+00
8.400000000000000799e-01 -1.619782004122349406e+00 -3.129339803120838148e+00
8.500000000000001998e-01 -1.583177496373264992e+00 -3.576664042391894061e+00
8.600000000000000977e-01 -1.548248723274511462e+00 -4.914374337414648686e+00
8.700000000000001066e-01 -1.484890009624971974e+00 -6.841466763023073661e+00
8.800000000000001155e-01 -1.411419388014049980e+00 -7.745344736718814183e+00
8.900000000000001243e-01 -1.329983114890595619e+00 -7.952509322933192237e+00
9.000000000000001332e-01 -1.252369201555386002e+00 -7.188365901692546522e+00
9.100000000000001421e-01 -1.186215796856744609e+00 -7.933588429064620584e+00
9.200000000000000400e-01 -1.093697432974093608e+00 -9.411021639912178216e+00
9.300000000000001599e-01 -9.979953640585010888e-01 -9.237871607042228206e+00
9.400000000000001688e-01 -9.089400008332491065e-01 -9.832143324842862242e+00
9.500000000000000666e-01 -8.013524975616438395e-01 -9.786038128462410057e+00
9.600000000000001865e-01 -7.132192382640009098e-01 -9.565959872424382837e+00
9.700000000000001954e-01 -6.100333001131561517e-01 -1.003909241613174252e+01
9.800000000000000933e-01 -5.124373899413660061e-01 -9.617449932281209257e+00
9.900000000000001021e-01 -4.176843014675319377e-01 -7.735985960624550906e+00
1.000000000000000222e+00 -3.577176707288750035e-01 -6.077887428200743791e+00
1.010000000000000231e+00 -2.961265529035170263e-01 -7.288517332400124005e+00
1.020000000000000018e+00 -2.119473240808725234e-01 -7.443332277491095716e+00
1.030000000000000027e+00 -1.472599073536951242e-01 -5.664000308697143105e+00
1.040000000000000258e+00 -9.866731790692966075e-02 -4.892717795750797904e+00
1.050000000000000266e+00 -4.940555143867916832e-02 -3.697417699064118324e+00
1.060000000000000053e+00 -2.471896392564728803e-02 -2.502243755338271924e+00
1.070000000000000062e+00 6.393236680862752304e-04 -1.723261950621794547e+00
1.080000000000000293e+00 9.746275086788602771e-03 -1.128932262348569804e+00
1.090000000000000080e+00 2.321796891505767055e-02 -5.304944496783374763e-01
1.100000000000000089e+00 2.035616408035535382e-02 3.255009875399150765e-02
1.110000000000000098e+00 2.256696693997784289e-02 -6.366669543730431036e-01
1.120000000000000107e+00 3.308950316781621853e-02 -1.030258948296702837e-01
1.130000000000000115e+00 2.462748483657124787e-02 7.252297158639061658e-01
1.140000000000000124e+00 1.858490885053809202e-02 6.905810376529397665e-01
1.150000000000000133e+00 1.081586408351245011e-02 5.342171189461566438e-01
1.160000000000000142e+00 7.900566471614960118e-03 2.409838521640997044e-01
1.170000000000000151e+00 5.996187040230456164e-03 3.381092471951933076e-01
1.180000000000000160e+00 1.138381527711092430e-03 2.952502545505604203e-01
1.190000000000000169e+00 9.118194921924750826e-05 5.691907638555462196e-02
1.200000000000000178e+00 0.000000000000000000e+00 9.118194921924749688e-03
