0.000000000000000000e+00 1.448664624875430036e+02 5.304097895911912701e+02
1.000000000000000194e-02 1.395623645916311091e+02 5.304097895911912701e+02
2.000000000000000389e-02 1.342582666957191861e+02 5.304097895911912701e+02
3.000000000000000583e-02 1.289541687998072632e+02 5.304097895911912701e+02
4.000000000000000777e-02 1.236500709038953545e+02 5.304097895911924070e+02
5.000000000000000278e-02 1.183459730079834173e+02 5.304097895911936575e+02
6.000000000000001166e-02 1.130418751120714944e+02 5.304097895911912701e+02
7.000000000000000666e-02 1.077377772161595999e+02 5.304097895911912701e+02
8.000000000000001554e-02 1.024336793202476628e+02 5.304097895911912701e+02
9.000000000000001055e-02 9.712958142433576825e+01 5.304097895911912701e+02
1.000000000000000056e-01 9.182548352842383110e+01 5.304097895911912701e+02
1.100000000000000144e-01 8.652138563251195080e+01 5.304097895911912701e+02
1.200000000000000233e-01 8.121728773660001366e+01 5.304097895911924070e+02
1.300000000000000322e-01 7.591318984068809073e+01 5.304097895911912701e+02
1.400000000000000133e-01 7.060909194477618200e+01 5.304097895911912701e+02
1.500000000000000222e-01 6.530499404886427328e+01 5.304097895911912701e+02
1.600000000000000311e-01 6.000089615295235745e+01 5.304097895911912701e+02
1.700000000000000122e-01 5.469679825704044163e+01 5.304097895911916112e+02
1.800000000000000211e-01 4.939270036112852580e+01 5.304097895911916112e+02
1.900000000000000300e-01 4.408860246521660997e+01 5.304097895911912701e+02
2.000000000000000111e-01 3.878450456930470125e+01 5.304097895911912701e+02
2.100000000000000200e-01 3.348040667339278542e+01 5.304097895911916112e+02
2.200000000000000289e-01 2.817630877748086604e+01 5.304097895911913838e+02
2.300000000000000100e-01 2.287221088156895732e+01 5.304097895911921796e+02
2.400000000000000466e-01 1.756811298565702018e+01 5.304097895911922933e+02
2.500000000000000555e-01 1.226401508974510790e+01 5.304097895911913838e+02
2.600000000000000644e-01 6.959917193833193849e+00 3.911711744747084367e+02
2.700000000000000733e-01 4.440591600250939130e+00 2.048845103034474562e+02
2.800000000000000266e-01 2.862226987764244779e+00 1.319045093427544089e+02
2.900000000000000355e-01 1.802501413395850349e+00 8.893016955463056661e+01
3.000000000000000444e-01 1.083623596671633438e+00 6.001299634444601594e+01
3.099999999999999978e-01 6.022414865069299905e-01 4.006678185863509611e+01
3.200000000000000622e-01 2.822879594989315954e-01 2.716577384904376302e+01
3.300000000000000711e-01 5.892600952605468734e-02 2.017098946998565268e+01
3.400000000000000244e-01 -1.211318299007815014e-01 1.779710340670742852e+01
3.500000000000000888e-01 -2.970160586080939358e-01 1.775488834125193094e+01
3.600000000000000422e-01 -4.762295967258202145e-01 1.680312328789808163e+01
3.700000000000000511e-01 -6.330785243660556061e-01 1.258034634230435600e+01
3.800000000000000600e-01 -7.278365235719073123e-01 5.250367767977235367e+00
3.900000000000000688e-01 -7.380858797256003578e-01 -2.926577350302878688e+00
4.000000000000000222e-01 -6.693049765658497519e-01 -9.685794013502075472e+00
4.100000000000000866e-01 -5.443699994555587507e-01 -1.351119244347846937e+01
4.200000000000000400e-01 -3.990811276962803467e-01 -1.315314213507647878e+01
4.300000000000000488e-01 -2.813071567540292306e-01 -8.580421393152516174e+00
4.400000000000000577e-01 -2.274726998332299854e-01 -2.065058268776335915e+00
4.500000000000000666e-01 -2.400059913785024812e-01 3.516362747141711598e+00
4.600000000000000200e-01 -2.977999547760642463e-01 6.864655979985948342e+00
4.700000000000000844e-01 -3.772991109782214969e-01 8.238753759373953045e+00
4.800000000000000933e-01 -4.625750299635433271e-01 8.383202314363369823e+00
4.900000000000000466e-01 -5.449631572654888290e-01 7.871670042124428335e+00
5.000000000000001110e-01 -6.200084308060318516e-01 6.670753585182116474e+00
5.100000000000000089e-01 -6.783782289691312473e-01 4.646238287100787900e+00
5.200000000000001288e-01 -7.129331965480476541e-01 2.168462361763545232e+00
5.300000000000000266e-01 -7.217474762044021608e-01 -3.855982878278125248e-01
5.400000000000001465e-01 -7.052212307914914602e-01 -2.941110296533155477e+00
5.500000000000000444e-01 -6.629252702737390424e-01 -5.202893373234606322e+00
5.600000000000000533e-01 -6.011633633267993160e-01 -6.433306491015511774e+00
5.700000000000000622e-01 -5.342591404534288158e-01 -6.361964494124591418e+00
5.800000000000000711e-01 -4.739240734443074810e-01 -5.588904584046495039e+00
5.900000000000000799e-01 -4.224810487724988683e-01 -4.627302156759235174e+00
6.000000000000000888e-01 -3.813780303091227064e-01 -3.494123160607790712e+00
6.100000000000000977e-01 -3.525985855603430141e-01 -2.343098157414564398e+00
6.199999999999999956e-01 -3.345160671608314318e-01 -1.376117691142576538e+00
6.300000000000001155e-01 -3.250762317374915056e-01 -4.829034120122588369e-01
6.400000000000001243e-01 -3.248579989205862550e-01 3.903625223202246142e-01
6.500000000000000222e-01 -3.328834821838960178e-01 1.236976401908451706e+00
6.600000000000001421e-01 -3.495975269587552892e-01 2.090539997095556490e+00
6.700000000000001510e-01 -3.746942821258071321e-01 2.794453642894487277e+00
6.800000000000000488e-01 -4.054865998166450325e-01 3.155027912884053709e+00
6.900000000000000577e-01 -4.377948403834882041e-01 3.381457884984831797e+00
7.000000000000001776e-01 -4.731157575163416618e-01 3.728580134240004895e+00
7.100000000000000755e-01 -5.123664430682882687e-01 4.026865285467258637e+00
7.200000000000000844e-01 -5.536530632256868589e-01 3.911647417440964780e+00
7.300000000000000933e-01 -5.905993914171075998e-01 3.326260224571991664e+00
7.400000000000001021e-01 -6.201782677171266966e-01 2.501083929995822963e+00
7.500000000000001110e-01 -6.406210700170240635e-01 1.644321668832863681e+00
7.600000000000001199e-01 -6.530647010937840058e-01 7.922570431484119435e-01
7.700000000000000178e-01 -6.564662108799923512e-01 -1.123439575579802674e-01
7.800000000000001377e-01 -6.508178219426243860e-01 -9.714000224381076354e-01
7.900000000000001465e-01 -6.370382104312302118e-01 -1.631274616597394589e+00
8.000000000000000444e-01 -6.181923296106764942e-01 -2.129760445475824326e+00
8.100000000000001643e-01 -5.944430015217136987e-01 -2.620130433602504638e+00
8.200000000000001732e-01 -5.657897209386263393e-01 -3.101521761559392854e+00
8.300000000000000711e-01 -5.324125662905258016e-01 -3.470556972036747734e+00
8.400000000000000799e-01 -4.963785814978914357e-01 -3.724336682738846438e+00
8.500000000000001998e-01 -4.579258326357488751e-01 -3.892189987493837933e+00
8.600000000000000977e-01 -4.185347817480146726e-01 -3.867681208678776628e+00
8.700000000000001066e-01 -3.805722084621733226e-01 -3.642952262084321990e+00
8.800000000000001155e-01 -3.456757365063282128e-01 -3.306175278108680615e+00
8.900000000000001243e-01 -3.144487028999997102e-01 -2.945993210775857740e+00
9.000000000000001332e-01 -2.867558722908110647e-01 -2.587426132338601636e+00
9.100000000000001421e-01 -2.627001802532276664e-01 -2.266724358970532371e+00
9.200000000000000400e-01 -2.414213851114004050e-01 -1.967219267726287635e+00
9.300000000000001599e-01 -2.233557948987019148e-01 -1.671150640335692827e+00
9.400000000000001688e-01 -2.079983723046865407e-01 -1.435205210943709453e+00
9.500000000000000666e-01 -1.946516906798277380e-01 -1.272442712084238980e+00
9.600000000000001865e-01 -1.825495180630017644e-01 -1.106532848329155660e+00
9.700000000000001954e-01 -1.725210337132446203e-01 -9.133174786182302052e-01
9.800000000000000933e-01 -1.642831684906371770e-01 -7.316331895593251033e-01
9.900000000000001021e-01 -1.578883699220581249e-01 -5.921849040139657294e-01
1.000000000000000222e+00 -1.524394704103578524e-01 -5.749064042256477602e-01
1.010000000000000231e+00 -1.463902418375451486e-01 -7.656672608445148631e-01
1.020000000000000018e+00 -1.371261251934675629e-01 -1.092185591718140669e+00
1.030000000000000027e+00 -1.245465300031823458e-01 -1.334173290475250129e+00
1.040000000000000258e+00 -1.104426593839625548e-01 -1.358968727728737225e+00
1.050000000000000266e+00 -9.736715544860759242e-02 -1.188532503059459344e+00
1.060000000000000053e+00 -8.667200932277335790e-02 -9.127217538250473883e-01
1.070000000000000062e+00 -7.911272037210664854e-02 -6.172028297262489582e-01
1.080000000000000293e+00 -7.432795272824838095e-02 -5.500244722072659131e-01
1.090000000000000080e+00 -6.811223092796132861e-02 -8.342947454992271084e-01
1.100000000000000089e+00 -5.764205781826384212e-02 -1.196885450986063137e+00
1.110000000000000098e+00 -4.417452190824006780e-02 -1.414581420386868071e+00
1.120000000000000107e+00 -2.935042941052647472e-02 -1.454087962849771820e+00
1.130000000000000115e+00 -1.509276265124462335e-02 -1.317378781576949320e+00
1.140000000000000124e+00 -3.002853778987485834e-03 -1.069927511893084437e+00
1.150000000000000133e+00 6.305787586617066752e-03 -7.529651854361754104e-01
1.160000000000000142e+00 1.205644992973602288e-02 -1.284842361636944208e-01
1.170000000000000151e+00 8.875472309890955480e-03 5.296129368830825301e-01
1.180000000000000160e+00 1.464191192074370835e-03 4.374516299531703845e-01
1.190000000000000169e+00 1.264397108275481900e-04 7.320955960371854088e-02
1.200000000000000178e+00 0.000000000000000000e+00 1.264397108275481553e-02
