0.000000000000000000e+00 2.824394803360883088e+02 9.568004541132831946e+02
1.000000000000000194e-02 2.728714757949554723e+02 9.568004541132784198e+02
2.000000000000000389e-02 2.633034712538226927e+02 9.568004541132784198e+02
3.000000000000000583e-02 2.537354667126898846e+02 9.568004541132831946e+02
4.000000000000000777e-02 2.441674621715570481e+02 9.568004541132831946e+02
5.000000000000000278e-02 2.345994576304242116e+02 9.568004541132808072e+02
6.000000000000001166e-02 2.250314530892914320e+02 9.568004541132808072e+02
7.000000000000000666e-02 2.154634485481585955e+02 9.568004541132808072e+02
8.000000000000001554e-02 2.058954440070258158e+02 9.568004541132820577e+02
9.000000000000001055e-02 1.963274394658929509e+02 9.568004541132808072e+02
1.000000000000000056e-01 1.867594349247601997e+02 9.568004541132808072e+02
1.100000000000000144e-01 1.771914303836273348e+02 9.568004541132831946e+02
1.200000000000000233e-01 1.676234258424945267e+02 9.568004541132808072e+02
1.300000000000000322e-01 1.580554213013617186e+02 9.568004541132808072e+02
1.400000000000000133e-01 1.484874167602289106e+02 9.568004541132808072e+02
1.500000000000000222e-01 1.389194122190961025e+02 9.568004541132808072e+02
1.600000000000000311e-01 1.293514076779632944e+02 9.568004541132820577e+02
1.700000000000000122e-01 1.197834031368304721e+02 9.568004541132808072e+02
1.800000000000000211e-01 1.102153985956976783e+02 9.568004541132802387e+02
1.900000000000000300e-01 1.006473940545648560e+02 9.568004541132820577e+02
2.000000000000000111e-01 9.107938951343203371e+01 9.568004541132814893e+02
2.100000000000000200e-01 8.151138497229922564e+01 9.568004541132808072e+02
2.200000000000000289e-01 7.194338043116641757e+01 9.568004541132808072e+02
2.300000000000000100e-01 6.237537589003360949e+01 9.568004541132825125e+02
2.400000000000000466e-01 5.280737134890076589e+01 9.568004541132828535e+02
2.500000000000000555e-01 4.323936680776795072e+01 9.568004541132811482e+02
2.600000000000000644e-01 3.367136226663514265e+01 9.568004541132809209e+02
2.700000000000000733e-01 2.410335772550233102e+01 9.568004541132811482e+02
2.800000000000000266e-01 1.453535318436951940e+01 9.568004541132811482e+02
2.900000000000000355e-01 4.967348643236707773e+00 5.867491573498092521e+02
3.000000000000000444e-01 2.800370037373334231e+00 1.914763050906438195e+02
3.099999999999999978e-01 1.137822541423831213e+00 1.474356388763697225e+02
3.200000000000000622e-01 -1.483427401540604318e-01 1.150062402254941389e+02
3.300000000000000711e-01 -1.162302263086051779e+00 9.052973370950404330e+01
3.400000000000000244e-01 -1.958937414344141148e+00 7.059467652140411076e+01
3.500000000000000888e-01 -2.574195793514134412e+00 5.356973947175112727e+01
3.600000000000000422e-01 -3.030332203779163791e+00 3.867785323867732927e+01
3.700000000000000511e-01 -3.347752858287680766e+00 2.489374215615487529e+01
3.800000000000000600e-01 -3.528207046902261279e+00 1.284041265310597701e+01
3.900000000000000688e-01 -3.604561111349800395e+00 1.723981940063575635e+00
4.000000000000000222e-01 -3.562686685703532863e+00 -9.052705975670770400e+00
4.100000000000000866e-01 -3.423506991836385183e+00 -1.699753430098126117e+01
4.200000000000000400e-01 -3.222735999683907782e+00 -2.287236518305098087e+01
4.300000000000000488e-01 -2.966059688175365583e+00 -2.447848944853097208e+01
4.400000000000000577e-01 -2.733166210713287914e+00 -2.112002444151915270e+01
4.500000000000000666e-01 -2.543659199344982191e+00 -1.512899956114466349e+01
4.600000000000000200e-01 -2.430586219490394662e+00 -9.444299145114387173e+00
4.700000000000000844e-01 -2.354773216442694661e+00 -8.064666976930862319e+00
4.800000000000000933e-01 -2.269292879951777753e+00 -7.425080641841713458e+00
4.900000000000000466e-01 -2.206271603605860054e+00 -3.649829685080887565e+00
5.000000000000001110e-01 -2.196296286250159824e+00 -1.641530137294859637e+00
5.100000000000000089e-01 -2.173441000859963168e+00 -2.698268134790683614e+00
5.200000000000001288e-01 -2.142330923554346178e+00 -4.848748117142639202e+00
5.300000000000000266e-01 -2.076466038517110313e+00 -3.880700855867925902e+00
5.400000000000001465e-01 -2.064716906436987465e+00 -2.140113448001812912e+00
5.500000000000000444e-01 -2.033663769557073842e+00 -3.244985672623863948e+00
5.600000000000000533e-01 -1.999817192984510328e+00 -4.604226881426033202e+00
5.700000000000000622e-01 -1.941579231928553417e+00 -8.755413148252952027e+00
5.800000000000000711e-01 -1.824708930019451225e+00 -1.048116456014911080e+01
5.900000000000000799e-01 -1.731955940725571130e+00 -9.569552922015718721e+00
6.000000000000000888e-01 -1.633317871579136993e+00 -1.165453658755756905e+01
6.100000000000000977e-01 -1.498865208974419660e+00 -1.364711181063863954e+01
6.199999999999999956e-01 -1.360375635366364078e+00 -1.252186192214329630e+01
6.300000000000001155e-01 -1.248427970531553743e+00 -9.429307236386726743e+00
6.400000000000001243e-01 -1.171789490638629472e+00 -7.063489508646735082e+00
6.500000000000000222e-01 -1.107158180358619015e+00 -5.004545876378498015e+00
6.600000000000001421e-01 -1.071698573111059538e+00 -1.776107333951166822e+00
6.700000000000001510e-01 -1.071636033679595812e+00 2.044576511598948931e-01
6.800000000000000488e-01 -1.075787726134257438e+00 1.532123703564407524e+00
6.900000000000000577e-01 -1.102278507750883874e+00 2.581962002900666686e+00
7.000000000000001776e-01 -1.127426966192270896e+00 2.027570807213761928e+00
7.100000000000000755e-01 -1.142829923895159139e+00 2.857754373745266196e+00
7.200000000000000844e-01 -1.184582053667176060e+00 3.836548504733534593e+00
7.300000000000000933e-01 -1.219560893989829697e+00 3.245771178213144204e+00
7.400000000000001021e-01 -1.249497477231439113e+00 2.771870459760212846e+00
7.500000000000001110e-01 -1.274998303185034043e+00 2.909547521149108196e+00
7.600000000000001199e-01 -1.307688427654421170e+00 2.504908142733181187e+00
7.700000000000000178e-01 -1.325096466039697773e+00 1.556919324213782430e+00
7.800000000000001377e-01 -1.338826814138696752e+00 8.824780232762116094e-01
7.900000000000001465e-01 -1.342746026505222012e+00 -2.407515891767467997e-01
8.000000000000000444e-01 -1.334011782355161824e+00 -1.402242013230214912e+00
8.100000000000001643e-01 -1.314701186240617714e+00 -1.366003769445161220e+00
8.200000000000001732e-01 -1.306691706966258693e+00 -1.043427555792629802e+00
8.300000000000000711e-01 -1.293832635124765096e+00 -1.539081739434902341e+00
8.400000000000000799e-01 -1.275910072177560695e+00 -1.870955218994943214e+00
8.500000000000001998e-01 -1.256413530744866058e+00 -7.315935417201728796e-01
8.600000000000000977e-01 -1.261278201343157157e+00 -2.842672432960874906e-01
8.700000000000001066e-01 -1.250728185878944299e+00 -6.710112898182496455e-01
8.800000000000001155e-01 -1.247857975546792231e+00 -8.333844071207634485e-01
8.900000000000001243e-01 -1.234060497736529038e+00 -1.533159340935110748e+00
9.000000000000001332e-01 -1.217194788728090060e+00 -2.009481773165354923e+00
9.100000000000001421e-01 -1.193870862273221922e+00 -2.359793883093036726e+00
9.200000000000000400e-01 -1.169998911066229219e+00 -2.813701178316561080e+00
9.300000000000001599e-01 -1.137596838706890878e+00 -3.568786842746463073e+00
9.400000000000001688e-01 -1.098623174211299958e+00 -3.225328700684803263e+00
9.500000000000000666e-01 -1.073090264693194795e+00 -2.950621192233632062e+00
9.600000000000001865e-01 -1.039610750366627201e+00 -4.282496416932553451e+00
9.700000000000001954e-01 -9.874403363545436463e-01 -5.046905335850197183e+00
9.800000000000000933e-01 -9.386726436496233283e-01 -5.208446753238738403e+00
9.900000000000001021e-01 -8.832714012897688871e-01 -5.808323417570386837e+00
1.000000000000000222e+00 -8.225061752982155694e-01 -5.934448415617819883e+00
1.010000000000000231e+00 -7.645824329774124628e-01 -5.622850766822826252e+00
1.020000000000000018e+00 -7.100491599617591021e-01 -5.683172779926497498e+00
1.030000000000000027e+00 -6.509189773788824906e-01 -5.337849432646253334e+00
1.040000000000000258e+00 -6.032921713088339466e-01 -4.257876238188136320e+00
1.050000000000000266e+00 -5.657614526151197865e-01 -4.541453900795017873e+00
1.060000000000000053e+00 -5.124630932929336025e-01 -5.122066629017462347e+00
1.070000000000000062e+00 -4.633201200347705773e-01 -4.897126775053705749e+00
1.080000000000000293e+00 -4.145205577918594786e-01 -5.236171719594288732e+00
1.090000000000000080e+00 -3.585966856428847715e-01 -5.645547773459537844e+00
1.100000000000000089e+00 -3.016096023226687572e-01 -5.162869948305664813e+00
1.110000000000000098e+00 -2.553392866767714708e-01 -4.814740355751376377e+00
1.120000000000000107e+00 -2.053147952076412042e-01 -4.856918217537550042e+00
1.130000000000000115e+00 -1.582009223260204822e-01 -4.515774558931060056e+00
1.140000000000000124e+00 -1.149993040290200053e-01 -4.388231563543523173e+00
1.150000000000000133e+00 -7.043629105515000766e-02 -4.130837518416372589e+00
1.160000000000000142e+00 -3.238255366069255070e-02 -3.619699418824984249e+00
1.170000000000000151e+00 1.957697321349676899e-03 -1.658257065851241441e+00
1.180000000000000160e+00 7.825876563322776503e-04 9.457682948230429487e-02
1.190000000000000169e+00 6.616073170359104466e-05 3.912938281661387796e-02
1.200000000000000178e+00 0.000000000000000000e+00 6.616073170359103653e-03
