0.000000000000000000e+00 1.008675439970107846e+02 3.165234151283645474e+02
1.000000000000000194e-02 9.770230984572714306e+01 3.165234151283645474e+02
2.000000000000000389e-02 9.453707569444348735e+01 3.165234151283645474e+02
3.000000000000000583e-02 9.137184154315984586e+01 3.165234151283639790e+02
4.000000000000000777e-02 8.820660739187621857e+01 3.165234151283639790e+02
5.000000000000000278e-02 8.504137324059256287e+01 3.165234151283645474e+02
6.000000000000001166e-02 8.187613908930892137e+01 3.165234151283651727e+02
7.000000000000000666e-02 7.871090493802526566e+01 3.165234151283639790e+02
8.000000000000001554e-02 7.554567078674163838e+01 3.165234151283639790e+02
9.000000000000001055e-02 7.238043663545798267e+01 3.165234151283645474e+02
1.000000000000000056e-01 6.921520248417435539e+01 3.165234151283645474e+02
1.100000000000000144e-01 6.604996833289068547e+01 3.165234151283651727e+02
1.200000000000000233e-01 6.288473418160704398e+01 3.165234151283639790e+02
1.300000000000000322e-01 5.971950003032340959e+01 3.165234151283639790e+02
1.400000000000000133e-01 5.655426587903976809e+01 3.165234151283642632e+02
1.500000000000000222e-01 5.338903172775612660e+01 3.165234151283639790e+02
1.600000000000000311e-01 5.022379757647248510e+01 3.165234151283642632e+02
1.700000000000000122e-01 4.705856342518883650e+01 3.165234151283642632e+02
1.800000000000000211e-01 4.389332927390520211e+01 3.165234151283642632e+02
1.900000000000000300e-01 4.072809512262155351e+01 3.165234151283645474e+02
2.000000000000000111e-01 3.756286097133790491e+01 3.165234151283642632e+02
2.100000000000000200e-01 3.439762682005427052e+01 3.165234151283642632e+02
2.200000000000000289e-01 3.123239266877062192e+01 3.165234151283642632e+02
2.300000000000000100e-01 2.806715851748698398e+01 3.165234151283645474e+02
2.400000000000000466e-01 2.490192436620333183e+01 3.165234151283648885e+02
2.500000000000000555e-01 2.173669021491968323e+01 3.165234151283642632e+02
2.600000000000000644e-01 1.857145606363604529e+01 3.165234151283642632e+02
2.700000000000000733e-01 1.540622191235239846e+01 3.165234151283643200e+02
2.800000000000000266e-01 1.224098776106875697e+01 3.165234151283642063e+02
2.900000000000000355e-01 9.075753609785115472e+00 2.716507336495770346e+02
3.000000000000000444e-01 6.807973088077216239e+00 2.025809709939893253e+02
3.099999999999999978e-01 5.024134189905328007e+00 1.615442453799398095e+02
3.200000000000000622e-01 3.577088180478419588e+00 1.307267423284800145e+02
3.300000000000000711e-01 2.409599343335727450e+00 1.057786276192667003e+02
3.400000000000000244e-01 1.461515628093085661e+00 8.596654681509123463e+01
3.500000000000000888e-01 6.902684070339024647e-01 6.966293023115349570e+01
3.600000000000000422e-01 6.825702347001567916e-02 5.552373292362988622e+01
3.700000000000000511e-01 -4.202062514386953329e-01 4.352124723136170559e+01
3.800000000000000600e-01 -8.021679211572185775e-01 3.435951324257221273e+01
3.900000000000000688e-01 -1.107396516290139798e+00 2.767770502140644240e+01
4.000000000000000222e-01 -1.355722021585347381e+00 2.251929088020879988e+01
4.100000000000000866e-01 -1.557782333894315752e+00 1.819881186907476334e+01
4.200000000000000400e-01 -1.719698258966842808e+00 1.418479046237718322e+01
4.300000000000000488e-01 -1.841478143141859425e+00 1.027794597681812228e+01
4.400000000000000577e-01 -1.925257178503205102e+00 6.696610833752487224e+00
4.500000000000000666e-01 -1.975410359816909267e+00 3.715042517378336573e+00
4.600000000000000200e-01 -1.999558028850771940e+00 1.314964410067768430e+00
4.700000000000000844e-01 -2.001709648018264343e+00 -7.311638417234956888e-01
4.800000000000000933e-01 -1.984934752016301873e+00 -2.629362269811490904e+00
4.900000000000000466e-01 -1.949122402622034622e+00 -4.573086804144425699e+00
5.000000000000001110e-01 -1.893473015933413439e+00 -6.472394680836869085e+00
5.100000000000000089e-01 -1.819674509005297258e+00 -7.821302101025293219e+00
5.200000000000001288e-01 -1.737046973912907522e+00 -8.206258991752530818e+00
5.300000000000000266e-01 -1.655549329170246775e+00 -7.681688541034048079e+00
5.400000000000001465e-01 -1.583413203092226551e+00 -6.714118881174353071e+00
5.500000000000000444e-01 -1.521266951546759616e+00 -5.787868565446204094e+00
5.600000000000000533e-01 -1.467655831783302611e+00 -5.278080676719767439e+00
5.700000000000000622e-01 -1.415705338012364312e+00 -5.332731168187323512e+00
5.800000000000000711e-01 -1.361001208419556185e+00 -5.660888922023480596e+00
5.900000000000000799e-01 -1.302487559571894771e+00 -5.896768613945656767e+00
6.000000000000000888e-01 -1.243065836140643032e+00 -5.895096299529018147e+00
6.100000000000000977e-01 -1.184585633581314301e+00 -5.685425716184657752e+00
6.199999999999999956e-01 -1.129357321816949700e+00 -5.387610838568327232e+00
6.300000000000001155e-01 -1.076833416809947819e+00 -5.193961730447342440e+00
6.400000000000001243e-01 -1.025478087208002931e+00 -5.159783034836108229e+00
6.500000000000000222e-01 -9.736377561132255609e-01 -5.148427910792754858e+00
6.600000000000001421e-01 -9.225095289921477759e-01 -5.079356474734447957e+00
6.700000000000001510e-01 -8.720506266185366062e-01 -4.974418651757615883e+00
6.800000000000000488e-01 -8.230211559569955426e-01 -4.791374974524014618e+00
6.900000000000000577e-01 -7.762231271280563005e-01 -4.511355947159431778e+00
7.000000000000001776e-01 -7.327940370138068538e-01 -4.140032647900095952e+00
7.100000000000000755e-01 -6.934224741700544259e-01 -3.676107165020789047e+00
7.200000000000000844e-01 -6.592718937133911217e-01 -3.142245328447015318e+00
7.300000000000000933e-01 -6.305775676011140529e-01 -2.629884043768171420e+00
7.400000000000001021e-01 -6.066742128380276933e-01 -2.227767443200258768e+00
7.500000000000001110e-01 -5.860222187371089131e-01 -1.965218241668294619e+00
7.600000000000001199e-01 -5.673698480046617254e-01 -1.831400788004365010e+00
7.700000000000000178e-01 -5.493942029770215729e-01 -1.787227441041286280e+00
7.800000000000001377e-01 -5.316252991838360531e-01 -1.752895084585019747e+00
7.900000000000001465e-01 -5.143363012853212624e-01 -1.693784177912869060e+00
8.000000000000000444e-01 -4.977496156255786230e-01 -1.659275550786647457e+00
8.100000000000001643e-01 -4.811507902695882910e-01 -1.669691549304752609e+00
8.200000000000001732e-01 -4.643557846394835709e-01 -1.669045025861094489e+00
8.300000000000000711e-01 -4.477698897523663679e-01 -1.621093930289914553e+00
8.400000000000000799e-01 -4.319339060336853109e-01 -1.548489008464978056e+00
8.500000000000001998e-01 -4.168001095830668468e-01 -1.471013249873415418e+00
8.600000000000000977e-01 -4.025136410362169515e-01 -1.416166200043044610e+00
8.700000000000001066e-01 -3.884767855822059412e-01 -1.436072238714875438e+00
8.800000000000001155e-01 -3.737921962619194516e-01 -1.524353186381938841e+00
8.900000000000001243e-01 -3.579897218545671778e-01 -1.594342749202290133e+00
9.000000000000001332e-01 -3.419053412778736423e-01 -1.586627082215898987e+00
9.100000000000001421e-01 -3.262571802102491869e-01 -1.524664385175131587e+00
9.200000000000000400e-01 -3.114120535743710172e-01 -1.448799427947652818e+00
9.300000000000001599e-01 -2.972811916512961283e-01 -1.383543137071261642e+00
9.400000000000001688e-01 -2.837411908329457999e-01 -1.348619175096923417e+00
9.500000000000000666e-01 -2.703088081493576489e-01 -1.348486953371740737e+00
9.600000000000001865e-01 -2.567714517655109718e-01 -1.359514787771976430e+00
9.700000000000001954e-01 -2.431185123939181292e-01 -1.352141187818574064e+00
9.800000000000000933e-01 -2.297286280091394850e-01 -1.320439934711397534e+00
9.900000000000001021e-01 -2.167097136996901652e-01 -1.280435881454151881e+00
1.000000000000000222e+00 -2.041199103800564463e-01 -1.250994661871825064e+00
1.010000000000000231e+00 -1.916898204622536628e-01 -1.246611550724256334e+00
1.020000000000000018e+00 -1.791876793655713118e-01 -1.260733760454098906e+00
1.030000000000000027e+00 -1.664751452531716969e-01 -1.270376563645886803e+00
1.040000000000000258e+00 -1.537801480926535846e-01 -1.262192281588762066e+00
1.050000000000000266e+00 -1.412312996213964389e-01 -1.238015500204570962e+00
1.060000000000000053e+00 -1.290198380885621554e-01 -1.200085500791668647e+00
1.070000000000000062e+00 -1.172295896055630671e-01 -1.149819851634262147e+00
1.080000000000000293e+00 -1.060234410558769241e-01 -1.096073967506358660e+00
1.090000000000000080e+00 -9.530811025543589610e-02 -1.052420603523714693e+00
1.100000000000000089e+00 -8.497502898540262861e-02 -1.019871998983209016e+00
1.110000000000000098e+00 -7.491067027577170967e-02 -9.890834224316642498e-01
1.120000000000000107e+00 -6.519336053676934306e-02 -9.528655427192657124e-01
1.130000000000000115e+00 -5.585335942138639626e-02 -9.124434271611704395e-01
1.140000000000000124e+00 -4.694449199354593094e-02 -8.713557671486152900e-01
1.150000000000000133e+00 -3.842624407841408601e-02 -8.360568747275033408e-01
1.160000000000000142e+00 -3.022335449899586288e-02 -1.520191737678282085e+00
1.170000000000000151e+00 -8.022409324848442727e-03 -1.478433765710046810e+00
1.180000000000000160e+00 -6.546791847949247215e-04 -3.987061701122334711e-01
1.190000000000000169e+00 -4.828592260377145259e-05 -3.273395923974622979e-02
1.200000000000000178e+00 0.000000000000000000e+00 -4.828592260377144799e-03
