0.000000000000000000e+00 7.380069255285364704e+01 2.004753187242022534e+02
1.000000000000000194e-02 7.179593936561161627e+01 2.004753187242010597e+02
2.000000000000000389e-02 6.979118617836962812e+01 2.004753187242010597e+02
3.000000000000000583e-02 6.778643299112759735e+01 2.004753187242010597e+02
4.000000000000000777e-02 6.578167980388559499e+01 2.004753187242004628e+02
5.000000000000000278e-02 6.377692661664359264e+01 2.004753187242010597e+02
6.000000000000001166e-02 6.177217342940157607e+01 2.004753187242016566e+02
7.000000000000000666e-02 5.976742024215955951e+01 2.004753187242010597e+02
8.000000000000001554e-02 5.776266705491755715e+01 2.004753187242010597e+02
9.000000000000001055e-02 5.575791386767553348e+01 2.004753187242010597e+02
1.000000000000000056e-01 5.375316068043353823e+01 2.004753187242010597e+02
1.100000000000000144e-01 5.174840749319151456e+01 2.004753187242016566e+02
1.200000000000000233e-01 4.974365430594950510e+01 2.004753187242010597e+02
1.300000000000000322e-01 4.773890111870748854e+01 2.004753187242010597e+02
1.400000000000000133e-01 4.573414793146547908e+01 2.004753187242010597e+02
1.500000000000000222e-01 4.372939474422346962e+01 2.004753187242010597e+02
1.600000000000000311e-01 4.172464155698146016e+01 2.004753187242010597e+02
1.700000000000000122e-01 3.971988836973945070e+01 2.004753187242010597e+02
1.800000000000000211e-01 3.771513518249743413e+01 2.004753187242010597e+02
1.900000000000000300e-01 3.571038199525542467e+01 2.004753187242010597e+02
2.000000000000000111e-01 3.370562880801341521e+01 2.004753187242010597e+02
2.100000000000000200e-01 3.170087562077140575e+01 2.004753187242010597e+02
2.200000000000000289e-01 2.969612243352939274e+01 2.004753187242010597e+02
2.300000000000000100e-01 2.769136924628738328e+01 2.004753187242014008e+02
2.400000000000000466e-01 2.568661605904536671e+01 2.004753187242014008e+02
2.500000000000000555e-01 2.368186287180335370e+01 2.004753187242010597e+02
2.600000000000000644e-01 2.167710968456134424e+01 2.004753187242010597e+02
2.700000000000000733e-01 1.967235649731933123e+01 2.004753187242010597e+02
2.800000000000000266e-01 1.766760331007732177e+01 2.004753187242010597e+02
2.900000000000000355e-01 1.566285012283531053e+01 2.004753187242009176e+02
3.000000000000000444e-01 1.365809693559330285e+01 2.004753187242006334e+02
3.099999999999999978e-01 1.165334374835129871e+01 2.004753187242010597e+02
3.200000000000000622e-01 9.648590561109282149e+00 2.004753187242017418e+02
3.300000000000000711e-01 7.643837373867262919e+00 2.004753187242011165e+02
3.400000000000000244e-01 5.639084186625258788e+00 1.680635216175546418e+02
3.500000000000000888e-01 4.282566941516170012e+00 1.196762000876125711e+02
3.600000000000000422e-01 3.245560184873007348e+00 9.306408930640223787e+01
3.700000000000000511e-01 2.421285155388125165e+00 7.404710673380463959e+01
3.800000000000000600e-01 1.764618050196914645e+00 5.916902922781768126e+01
3.900000000000000688e-01 1.237904570831771522e+00 4.746499377868537550e+01
4.000000000000000222e-01 8.153181746232072147e-01 3.800741849914940218e+01
4.100000000000000866e-01 4.777562008487834522e-01 3.017533613905942502e+01
4.200000000000000400e-01 2.118114518420186054e-01 2.369053160648082468e+01
4.300000000000000488e-01 3.945568719166990708e-03 1.836140283840505205e+01
4.400000000000000577e-01 -1.554166049260823912e-01 1.392719460697897027e+01
4.500000000000000666e-01 -2.745983234204124046e-01 1.024022340749000115e+01
4.600000000000000200e-01 -3.602210730758824142e-01 7.260542756288095312e+00
4.700000000000000844e-01 -4.198091785461743330e-01 4.938209254804247550e+00
4.800000000000000933e-01 -4.589852581719673918e-01 3.060121806364924257e+00
4.900000000000000466e-01 -4.810116146734728093e-01 1.368723995705038332e+00
5.000000000000001110e-01 -4.863597380860681385e-01 -2.997920349126313444e-01
5.100000000000000089e-01 -4.750157739752202124e-01 -1.914127792100749126e+00
5.200000000000001288e-01 -4.480771822440531293e-01 -3.366265015694893670e+00
5.300000000000000266e-01 -4.076904736613223279e-01 -4.568698086694261917e+00
5.400000000000001465e-01 -3.567032205101678954e-01 -5.439313181263425889e+00
5.500000000000000444e-01 -2.989042100360537746e-01 -5.934541990842346237e+00
5.600000000000000533e-01 -2.380123806933209796e-01 -6.084633227254071741e+00
5.700000000000000622e-01 -1.772115454909723442e-01 -5.993210776246670868e+00
5.800000000000000711e-01 -1.181481651683875533e-01 -5.764399499748852129e+00
5.900000000000000799e-01 -6.192355549599530551e-02 -5.381311478500843570e+00
6.000000000000000888e-01 -1.052193559837066687e-02 -4.813658242370379092e+00
6.100000000000000977e-01 3.434960935141229132e-02 -4.118737922066377344e+00
6.199999999999999956e-01 7.185282284295688160e-02 -3.367454284656553387e+00
6.300000000000001155e-01 1.016986950445433607e-01 -2.589875302662943746e+00
6.400000000000001243e-01 1.236503288962157721e-01 -1.799845300335299658e+00
6.500000000000000222e-01 1.376956010512493667e-01 -1.081183729879986455e+00
6.600000000000001421e-01 1.452740034938155012e-01 -5.108825953179279011e-01
6.700000000000001510e-01 1.479132529576079325e-01 -6.796182476909079506e-02
6.800000000000000488e-01 1.466332399891973060e-01 2.949663210103940503e-01
6.900000000000000577e-01 1.420139265374000259e-01 5.642644557187354026e-01
7.000000000000001776e-01 1.353479508748225979e-01 6.964147999483552010e-01
7.100000000000000755e-01 1.280856305384329430e-01 7.214547414899709077e-01
7.200000000000000844e-01 1.209188560450231847e-01 7.137100702679791686e-01
7.300000000000000933e-01 1.138114291330733496e-01 6.853978961237576772e-01
7.400000000000001021e-01 1.072108981225480262e-01 6.241719475201987777e-01
7.500000000000001110e-01 1.013279901826693724e-01 5.417622053698565310e-01
7.600000000000001199e-01 9.637565401515089947e-02 4.659377968816373339e-01
7.700000000000000178e-01 9.200923424503662518e-02 3.890845184227081366e-01
7.800000000000001377e-01 8.859396364669673563e-02 2.826685872710149039e-01
7.900000000000001465e-01 8.635586249961632599e-02 1.629850432280876560e-01
8.000000000000000444e-01 8.533426278213497584e-02 7.624652387733518721e-02
8.100000000000001643e-01 8.483093202206962169e-02 4.777439031475696346e-02
8.200000000000001732e-01 8.437877497583984310e-02 5.282507296942771935e-02
8.300000000000000711e-01 8.377443056268106536e-02 5.583965545749256659e-02
8.400000000000000799e-01 8.326198186668999635e-02 4.824532283675805194e-02
8.500000000000001998e-01 8.280952410594591417e-02 3.762346159515591454e-02
8.600000000000000977e-01 8.250951263478686903e-02 1.868953171820670472e-02
8.700000000000001066e-01 8.243573347158177078e-02 -3.886273369264712542e-03
8.800000000000001155e-01 8.258723810217216688e-02 -7.662942775280185380e-03
8.900000000000001243e-01 8.258899232708738491e-02 2.293671534908445914e-02
9.000000000000001332e-01 8.212850379519047450e-02 6.376536156497622509e-02
9.100000000000001421e-01 8.131368509578786041e-02 8.538934265372735699e-02
9.200000000000000400e-01 8.042071694211593014e-02 8.737637017238955583e-02
9.300000000000001599e-01 7.956615769234005875e-02 9.029727791027473971e-02
9.400000000000001688e-01 7.861477138391043118e-02 9.683471296499358838e-02
9.500000000000000666e-01 7.762946343304019670e-02 9.536831332134974859e-02
9.600000000000001865e-01 7.670740511748344592e-02 8.772712502765858678e-02
9.700000000000001954e-01 7.587492093248701663e-02 9.454281969775525651e-02
9.800000000000000933e-01 7.481654872352833108e-02 1.224738629355482528e-01
9.900000000000001021e-01 7.342544367377605574e-02 1.602346057291052783e-01
1.000000000000000222e+00 7.161185660894622829e-02 1.984092904731872276e-01
1.010000000000000231e+00 6.945725786431231064e-02 2.324930412135064184e-01
1.020000000000000018e+00 6.696199578467609825e-02 2.573438532895857556e-01
1.030000000000000027e+00 6.431038079852059719e-02 2.684510358567896438e-01
1.040000000000000258e+00 6.159297506754030788e-02 2.697124925127810657e-01
1.050000000000000266e+00 5.891613094826497060e-02 2.715836718860237253e-01
1.060000000000000053e+00 5.616130162981983198e-02 2.795835212206678744e-01
1.070000000000000062e+00 5.332446052385161200e-02 2.928468835438765572e-01
1.080000000000000293e+00 5.030436395894229834e-02 3.126579809027739132e-01
1.090000000000000080e+00 4.707130090579613596e-02 3.354437483656428909e-01
1.100000000000000089e+00 4.359548899162943997e-02 3.566233160590838169e-01
1.110000000000000098e+00 3.993883458461446045e-02 3.753258467413088662e-01
1.120000000000000107e+00 3.608897205680326736e-02 3.921589556981679991e-01
1.130000000000000115e+00 3.209565547065110214e-02 4.070228833534215163e-01
1.140000000000000124e+00 2.794851438973483190e-02 4.221933650283506423e-01
1.150000000000000133e+00 2.365178817008408568e-02 4.393502895952889897e-01
1.160000000000000142e+00 1.916150859782905433e-02 8.924532331421213271e-01
1.170000000000000151e+00 5.802723507241657613e-03 9.261070271383198271e-01
1.180000000000000160e+00 6.393680550626548156e-04 2.874618187612010822e-01
1.190000000000000169e+00 5.348713201763588912e-05 3.196840275313273666e-02
1.200000000000000178e+00 0.000000000000000000e+00 5.348713201763589074e-03
