0.000000000000000000e+00 1.725376266757963776e+03 6.600420986659767550e+03
1.000000000000000194e-02 1.659372056891366128e+03 6.600420986659767550e+03
2.000000000000000389e-02 1.593367847024768253e+03 6.600420986659777554e+03
3.000000000000000583e-02 1.527363637158170377e+03 6.600420986659777554e+03
4.000000000000000777e-02 1.461359427291572729e+03 6.600420986659767550e+03
5.000000000000000278e-02 1.395355217424975081e+03 6.600420986659777554e+03
6.000000000000001166e-02 1.329351007558377205e+03 6.600420986659767550e+03
7.000000000000000666e-02 1.263346797691779784e+03 6.600420986659777554e+03
8.000000000000001554e-02 1.197342587825181681e+03 6.600420986659777554e+03
9.000000000000001055e-02 1.131338377958584260e+03 6.600420986659767550e+03
1.000000000000000056e-01 1.065334168091986385e+03 6.600420986659777554e+03
1.100000000000000144e-01 9.993299582253886229e+02 6.600420986659767550e+03
1.200000000000000233e-01 9.333257483587909746e+02 6.600420986659767550e+03
1.300000000000000322e-01 8.673215384921932127e+02 6.600420986659777554e+03
1.400000000000000133e-01 8.013173286255953371e+02 6.600420986659777554e+03
1.500000000000000222e-01 7.353131187589976889e+02 6.600420986659767550e+03
1.600000000000000311e-01 6.693089088924000407e+02 6.600420986659773007e+03
1.700000000000000122e-01 6.033046990258022788e+02 6.600420986659773007e+03
1.800000000000000211e-01 5.373004891592045169e+02 6.600420986659767550e+03
1.900000000000000300e-01 4.712962792926068687e+02 6.600420986659773007e+03
2.000000000000000111e-01 4.052920694260091068e+02 6.600420986659773007e+03
2.100000000000000200e-01 3.392878595594114017e+02 6.600420986659770278e+03
2.200000000000000289e-01 2.732836496928136967e+02 6.600420986659773007e+03
2.300000000000000100e-01 2.072794398262159348e+02 6.600420986659782102e+03
2.400000000000000466e-01 1.412752299596180023e+02 6.600420986659782102e+03
2.500000000000000555e-01 7.527102009302029728e+01 6.600420986659772097e+03
2.600000000000000644e-01 9.266810226422576235e+00 3.582870987586125011e+03
2.700000000000000733e-01 3.613600341297792173e+00 4.185065468476299202e+02
2.800000000000000266e-01 8.966792894699785466e-01 2.106272620805017368e+02
2.900000000000000355e-01 -5.989449003122429005e-01 1.124147311843391464e+02
3.000000000000000444e-01 -1.351615334216804687e+00 4.810462119325301700e+01
3.099999999999999978e-01 -1.561037324177303232e+00 9.480955494709517595e-01
3.200000000000000622e-01 -1.370577245206223704e+00 -3.045893087185778825e+01
3.300000000000000711e-01 -9.518587067401474977e-01 -4.062092419589260572e+01
3.400000000000000244e-01 -5.581587612883716076e-01 -2.758710490326745912e+01
3.500000000000000888e-01 -4.001166086747982020e-01 -5.368868710790507315e+00
3.600000000000000422e-01 -4.507813870725614347e-01 6.969778509457050575e+00
3.700000000000000511e-01 -5.395121788639392069e-01 8.305247325526204705e+00
3.800000000000000600e-01 -6.168863335830855332e-01 9.404964230871939890e+00
3.900000000000000688e-01 -7.276114634813780624e-01 1.306119401240106193e+01
4.000000000000000222e-01 -8.781102138311067673e-01 1.541190676497852330e+01
4.100000000000000866e-01 -1.035849598780948400e+00 1.480208563181935943e+01
4.200000000000000400e-01 -1.174151926467494000e+00 1.268086170281616099e+01
4.300000000000000488e-01 -1.289466832837271815e+00 1.054480404026024587e+01
4.400000000000000577e-01 -1.385048007272698944e+00 8.497939340556747823e+00
4.500000000000000666e-01 -1.459425619648406558e+00 5.759196350598130287e+00
4.600000000000000200e-01 -1.500231934284661506e+00 2.010657119382088354e+00
4.700000000000000844e-01 -1.499638762036048512e+00 -2.184916626767504866e+00
4.800000000000000933e-01 -1.456533601749311346e+00 -5.960556567226118041e+00
4.900000000000000466e-01 -1.380427630691525964e+00 -8.681866433840779607e+00
5.000000000000001110e-01 -1.282896273072495763e+00 -1.046685423816908411e+01
5.100000000000000089e-01 -1.171090545928144433e+00 -1.198072381447307500e+01
5.200000000000001288e-01 -1.043281796783034343e+00 -1.377209665598349630e+01
5.300000000000000266e-01 -8.956486128084744092e-01 -1.565027088107967579e+01
5.400000000000001465e-01 -7.302763791614407252e-01 -1.687293073363795415e+01
5.500000000000000444e-01 -5.581899981357153484e-01 -1.671709572776442698e+01
5.600000000000000533e-01 -3.959344646061522255e-01 -1.501874549731242148e+01
5.700000000000000622e-01 -2.578150881894669122e-01 -1.230748036130887790e+01
5.800000000000000711e-01 -1.497848573799746286e-01 -9.781696815117477684e+00
5.900000000000000799e-01 -6.218115188711733493e-02 -8.406110152593598173e+00
6.000000000000000888e-01 1.833734567189734474e-02 -8.298651489665337166e+00
6.100000000000000977e-01 1.037918779061894059e-01 -8.851053782522136260e+00
6.199999999999999956e-01 1.953584213223400479e-01 -9.383222495590876733e+00
6.300000000000001155e-01 2.914563278180069550e-01 -9.377879761011174153e+00
6.400000000000001243e-01 3.829160165425635753e-01 -8.503464840243527334e+00
6.500000000000000222e-01 4.615256246228775505e-01 -6.801401901399532157e+00
6.600000000000001421e-01 5.189440545705541474e-01 -4.620056008613721232e+00
6.700000000000001510e-01 5.539267447951519152e-01 -2.342010729033801475e+00
6.800000000000000488e-01 5.657842691512302569e-01 -2.203153642042023352e-01
6.900000000000000577e-01 5.583330520792360030e-01 1.524049471415087398e+00
7.000000000000001776e-01 5.353032797229284601e-01 2.731975157938507426e+00
7.100000000000000755e-01 5.036935489204658056e-01 3.354413429845396699e+00
7.200000000000000844e-01 4.682150111260205416e-01 3.576161122772492540e+00
7.300000000000000933e-01 4.321703264650160192e-01 3.672377055434177251e+00
7.400000000000001021e-01 3.947674700173369744e-01 3.980455753031011401e+00
7.500000000000001110e-01 3.525612114043957801e-01 4.731813299242201509e+00
7.600000000000001199e-01 3.001312040324929376e-01 5.844801446220828645e+00
7.700000000000000178e-01 2.356651824799791961e-01 6.956339334417733333e+00
7.800000000000001377e-01 1.610044173441382842e-01 7.739252938925618608e+00
7.900000000000001465e-01 8.088012370146678565e-02 8.000199648696648680e+00
8.000000000000000444e-01 1.000424370205284588e-03 7.702383879975949199e+00
8.100000000000001643e-01 -7.316755389805221221e-02 7.022833230642037350e+00
8.200000000000001732e-01 -1.394562402426354486e-01 6.118547783945210483e+00
8.300000000000000711e-01 -1.955385095769564263e-01 4.922982999269233773e+00
8.400000000000000799e-01 -2.379159002280201440e-01 3.320668003509922528e+00
8.500000000000001998e-01 -2.619518696471548891e-01 1.457884587622242600e+00
8.600000000000000977e-01 -2.670735919804649861e-01 -2.744355309262744846e-01
8.700000000000001066e-01 -2.564631590286293727e-01 -1.465874752176843598e+00
8.800000000000001155e-01 -2.377560969369281185e-01 -1.920802754023812176e+00
8.900000000000001243e-01 -2.180471039481531592e-01 -1.691579640487857583e+00
9.000000000000001332e-01 -2.039245041271709746e-01 -1.130448847312689242e+00
9.100000000000001421e-01 -1.954381270018993588e-01 -7.249759172877874303e-01
9.200000000000000400e-01 -1.894249857814152282e-01 -7.480350044662303910e-01
9.300000000000001599e-01 -1.804774269125747621e-01 -1.181522996726075858e+00
9.400000000000001688e-01 -1.657945258468937200e-01 -1.808283283133557573e+00
9.500000000000000666e-01 -1.443117612499036084e-01 -2.390546927032601854e+00
9.600000000000001865e-01 -1.179835873062416718e-01 -2.796499737115988093e+00
9.700000000000001954e-01 -8.838176650758382269e-02 -3.043387825730419660e+00
9.800000000000000933e-01 -5.711583079163327220e-02 -3.148332900850610017e+00
9.900000000000001021e-01 -2.541510849057162374e-02 -3.032620787054073563e+00
1.000000000000000222e+00 3.536584949448197748e-03 -2.611406476248113062e+00
1.010000000000000231e+00 2.681302103439064596e-02 -1.968018732422671002e+00
1.020000000000000018e+00 4.289695959790162244e-02 -1.269227414401170817e+00
1.030000000000000027e+00 5.219756932241405994e-02 -6.218587569570015461e-01
1.040000000000000258e+00 5.533413473704165003e-02 -1.213967747968410990e-02
1.050000000000000266e+00 5.244036287200774804e-02 5.396605889902710285e-01
1.060000000000000053e+00 4.454092295723623141e-02 9.440941859252586221e-01
1.070000000000000062e+00 3.355847915350257393e-02 1.150852872057926524e+00
1.080000000000000293e+00 2.152386551607769760e-02 1.184532689879732370e+00
1.090000000000000080e+00 9.867825355907924867e-03 1.097438507912467776e+00
1.100000000000000089e+00 -4.249046421716583884e-04 9.415183013524579536e-01
1.110000000000000098e+00 -8.962540671141234344e-03 7.338705378582172090e-01
1.120000000000000107e+00 -1.510231539933600160e-02 4.917824565998220043e-01
1.130000000000000115e+00 -1.879818980313767776e-02 2.755089352073031850e-01
1.140000000000000124e+00 -2.061249410348206523e-02 1.067275869856309789e-01
1.150000000000000133e+00 -2.093274154285029720e-02 -4.723727228780881526e-02
1.160000000000000142e+00 -1.966774865772588990e-02 -7.829573201331314625e-01
1.170000000000000151e+00 -5.273595140187665141e-03 -9.495823107055411105e-01
1.180000000000000160e+00 -6.761024436150638852e-04 -2.607208769107589030e-01
1.190000000000000169e+00 -5.917760197248620097e-05 -3.380512218075319014e-02
1.200000000000000178e+00 0.000000000000000000e+00 -5.917760197248619555e-03
