0.000000000000000000e+00 6.643773600000000670e+02 1.365385639999999967e+03
1.000000200000000262e-02 6.231440400000000182e+02 6.881355066666666971e+03
1.999999800000000494e-02 5.267488640000000260e+02 8.274138933333333625e+03
3.000000000000000583e-02 4.576626560000000268e+02 6.455821346666667523e+03
4.000000200000000672e-02 3.976335528000000181e+02 5.609063426666666601e+03
4.999999800000000383e-02 3.454795744000000468e+02 4.873376760000000104e+03
6.000000000000001166e-02 3.001660176000000320e+02 4.234180106666666688e+03
7.000000200000000561e-02 2.607958328000000279e+02 3.678816866666667011e+03
7.999999800000001660e-02 2.265895408000000373e+02 3.196297066666666979e+03
9.000000000000001055e-02 1.968697520000000054e+02 2.777067239999999856e+03
1.000000020000000045e-01 1.710481960000000186e+02 2.412829119999999875e+03
1.099999980000000155e-01 1.486131696000000204e+02 2.096358333333333576e+03
1.200000000000000233e-01 1.291211688000000208e+02 1.821399799999999914e+03
1.300000020000000311e-01 1.121855920000000140e+02 1.582500373333333528e+03
1.399999980000000144e-01 9.747088240000002202e+01 1.374939106666666703e+03
1.500000000000000222e-01 8.468667040000001123e+01 1.194601733333333414e+03
1.600000020000000300e-01 7.357898720000001447e+01 1.037917906666666795e+03
1.699999980000000133e-01 6.392817280000000579e+01 9.017775200000000950e+02
1.800000000000000211e-01 5.554343680000000916e+01 7.835028133333332789e+02
1.900000020000000289e-01 4.825825600000001003e+01 6.807374973333334083e+02
1.999999980000000122e-01 4.192870080000000854e+01 5.914509373333332860e+02
2.100000000000000200e-01 3.642925120000000305e+01 5.138753933333333634e+02
2.200000020000000278e-01 3.165116504000000219e+01 4.464753373333333002e+02
2.299999980000000388e-01 2.749975840000000460e+01 3.879146786666667026e+02
2.400000000000000466e-01 2.389285752000000329e+01 3.370358440000000542e+02
2.500000020000000545e-01 2.075904152000000025e+01 2.928297919999999976e+02
2.599999980000000654e-01 1.803626168000000263e+01 2.544220666666666943e+02
2.700000000000000733e-01 1.567062808000000018e+01 2.210518773333333229e+02
2.800000020000000256e-01 1.361523808000000280e+01 1.920581520000000069e+02
2.899999980000000366e-01 1.182946504000000054e+01 1.668676826666666670e+02
3.000000000000000444e-01 1.027787048000000070e+01 1.449811786666666649e+02
3.100000020000000522e-01 8.929827520000001684e+00 1.259648986666666701e+02
3.199999980000000632e-01 7.758600400000001507e+00 1.094436773333333406e+02
3.300000000000000711e-01 6.740967920000001001e+00 9.508907066666665742e+01
3.400000020000000789e-01 5.856805040000001128e+00 8.261656666666667093e+01
3.499999980000000344e-01 5.088622640000000530e+00 7.178070400000001428e+01
3.600000000000000422e-01 4.421190960000000558e+00 6.236586719999999673e+01
3.700000020000000500e-01 3.841301112000000462e+00 5.418586826666667378e+01
3.799999980000000610e-01 3.337472200000000555e+00 4.707878640000000559e+01
3.900000000000000688e-01 2.899725384000000350e+00 4.090389973333333984e+01
4.000000020000000767e-01 2.519395600000000179e+00 3.553889600000000115e+01
4.099999980000000321e-01 2.188947463999999954e+00 3.087757133333333215e+01
4.200000000000000400e-01 1.901845568000000153e+00 2.675465773333333530e+01
4.300000020000000478e-01 1.653855704000000149e+00 2.346526666666666827e+01
4.399999980000000588e-01 1.432538840000000091e+00 2.108924280000000095e+01
4.500000000000000666e-01 1.232070847999999996e+00 1.899103653333333241e+01
4.600000020000000744e-01 1.052719504000000139e+00 1.678139640000000199e+01
4.699999980000000854e-01 8.964429200000000320e-01 1.497397813333333261e+01
4.800000000000000933e-01 7.532371520000001874e-01 1.396626173333333298e+01
4.900000020000001011e-01 6.171190800000000420e-01 1.325240160000000067e+01
4.999999980000000566e-01 4.881891200000000874e-01 1.244244893333333479e+01
5.100000000000000089e-01 3.682685672000000632e-01 1.151136946666666638e+01
5.200000020000000722e-01 2.579632648000000361e-01 1.056327506666666594e+01
5.299999980000000832e-01 1.570033448000000276e-01 9.635054666666666989e+00
5.400000000000001465e-01 6.526245040000000497e-02 8.718688933333334390e+00
5.500000020000000989e-01 -1.737041992000000132e-02 7.826799600000000190e+00
5.599999980000001099e-01 -9.127312320000001422e-02 6.981143466666667408e+00
5.700000000000000622e-01 -1.569937216000000246e-01 6.192724453333333656e+00
5.800000020000000145e-01 -2.151274728000000525e-01 5.456696093333333941e+00
5.899999980000001365e-01 -2.661279224000000498e-01 4.762249719999999797e+00
6.000000000000000888e-01 -3.103724672000000573e-01 4.097670133333333631e+00
6.100000020000000411e-01 -3.480811856000000093e-01 3.453996599999999972e+00
6.199999980000001631e-01 -3.794523992000000123e-01 2.832407613333333352e+00
6.300000000000001155e-01 -4.047291984000000453e-01 2.247728480000000140e+00
6.400000020000000678e-01 -4.244082240000000006e-01 1.717845800000000089e+00
6.499999980000001898e-01 -4.390856960000000253e-01 1.249035573333333371e+00
6.600000000000001421e-01 -4.493867040000000812e-01 8.353425733333333936e-01
6.700000020000000944e-01 -4.557924080000000377e-01 4.686930746666667091e-01
6.799999980000001054e-01 -4.587630480000000621e-01 1.478548893333333225e-01
6.900000000000000577e-01 -4.587504960000000631e-01 -1.262954346666666783e-01
7.000000020000000100e-01 -4.562359120000000767e-01 -3.595401853333333175e-01
7.099999980000001321e-01 -4.515582000000000762e-01 -5.664243413333333033e-01
7.200000000000000844e-01 -4.449056400000000466e-01 -7.589845733333334676e-01
7.300000020000000367e-01 -4.363786480000000356e-01 -9.389174933333334083e-01
7.399999980000001587e-01 -4.261278480000000313e-01 -1.098857866666666849e+00
7.500000000000001110e-01 -4.144026064000000953e-01 -1.229879826666666620e+00
7.600000020000000633e-01 -4.015313672000000444e-01 -1.325832893333333429e+00
7.699999980000001853e-01 -3.878856696000000381e-01 -1.386340506666666750e+00
7.800000000000001377e-01 -3.738048360000000292e-01 -1.420928239999999843e+00
7.900000020000000900e-01 -3.594675232000000276e-01 -1.450927520000000026e+00
7.999999980000002120e-01 -3.447862856000000198e-01 -1.500396346666666547e+00
8.100000000000001643e-01 -3.294594568000000501e-01 -1.578420973333333421e+00
8.200000020000001166e-01 -3.132175872000000361e-01 -1.669290479999999910e+00
8.299999980000001276e-01 -2.960736472000000119e-01 -1.742287333333333299e+00
8.400000000000000799e-01 -2.783719800000000744e-01 -1.773032760000000208e+00
8.500000020000000323e-01 -2.606129920000000433e-01 -1.756659373333333329e+00
8.599999980000001543e-01 -2.432389320000000188e-01 -1.703829400000000049e+00
8.700000000000001066e-01 -2.265364040000000245e-01 -1.631348573333333496e+00
8.800000020000000589e-01 -2.106116816000000169e-01 -1.555820400000000214e+00
8.899999980000001809e-01 -1.954199960000000402e-01 -1.487356213333333343e+00
9.000000000000001332e-01 -1.808646968000000299e-01 -1.424045319999999837e+00
9.100000020000000855e-01 -1.669390896000000346e-01 -1.356989746666666719e+00
9.199999980000002076e-01 -1.537247624000000201e-01 -1.280290053333333455e+00
9.300000000000001599e-01 -1.413334280000000109e-01 -1.194469240000000099e+00
9.400000020000001122e-01 -1.298353775999999959e-01 -1.103160413333333478e+00
9.499999980000002342e-01 -1.192699408000000016e-01 -1.010038520000000162e+00
9.600000000000001865e-01 -1.096346072000000255e-01 -9.174605466666666542e-01
9.700000020000001388e-01 -1.009205904000000098e-01 -8.265910400000000546e-01
9.799999980000001498e-01 -9.310278640000001216e-02 -7.397939600000000837e-01
9.900000000000001021e-01 -8.612471120000000924e-02 -6.607735413333333252e-01
1.000000002000000165e+00 -7.988720400000000332e-02 -5.910046439999999679e-01
1.009999998000000065e+00 -7.430491120000000393e-02 -5.288840986666666355e-01
1.020000000000000018e+00 -6.930963360000000351e-02 -4.740374373333333669e-01
1.030000002000000192e+00 -6.482396719999999890e-02 -4.283544333333333398e-01
1.039999998000000092e+00 -6.074247520000000677e-02 -3.926460853333333390e-01
1.050000000000000266e+00 -5.697101760000000681e-02 -3.654242840000000436e-01
1.060000002000000219e+00 -5.343386400000000452e-02 -3.445496106666666725e-01
1.069999998000000119e+00 -5.007996960000000303e-02 -3.285995053333333749e-01
1.080000000000000293e+00 -4.686205520000000929e-02 -3.185460506666666913e-01
1.090000002000000245e+00 -4.370941120000000624e-02 -3.170900186666666953e-01
1.099999998000000145e+00 -4.052019904000000311e-02 -3.236324000000000423e-01
1.110000000000000320e+00 -3.723659584000000439e-02 -3.320178333333333454e-01
1.120000002000000272e+00 -3.387985632000000552e-02 -3.296287693333333491e-01
1.129999998000000172e+00 -3.064403440000000242e-02 -3.474832919999999992e-01
1.140000000000000124e+00 -2.693019048000000124e-02 -4.213748239999999812e-01
1.150000002000000077e+00 -2.221653792000000474e-02 -7.154151866666667026e-01
1.159999998000000199e+00 -1.262183096000000192e-02 -9.281855333333334235e-01
1.170000000000000151e+00 -3.652774256000000403e-03 -6.758108373333333585e-01
1.180000002000000103e+00 8.943760240000000160e-04 -1.860262186666666873e-01
1.189999998000000225e+00 6.775067520000001677e-05 4.471887093333333507e-02
1.200000000000000178e+00 0.000000000000000000e+00 -3.116877773333333324e-02
