0.000000000000000000e+00 3.132114030813283989e+02 8.927667426871448697e+02
1.000000000000000194e-02 3.042837356544569616e+02 8.927399602205147175e+02
2.000000000000000389e-02 2.953566038769181432e+02 8.927399602205123301e+02
3.000000000000000583e-02 2.864289364500467059e+02 8.927667426871448697e+02
4.000000000000000777e-02 2.775012690231752117e+02 8.927399602205147175e+02
5.000000000000000278e-02 2.685741372456364502e+02 8.927399602205147175e+02
6.000000000000001166e-02 2.596464698187649560e+02 8.927667426871496446e+02
7.000000000000000666e-02 2.507188023918934334e+02 8.927399602205169913e+02
8.000000000000001554e-02 2.417916706143545866e+02 8.927399602205147175e+02
9.000000000000001055e-02 2.328640031874831493e+02 8.927667426871472571e+02
1.000000000000000056e-01 2.239363357606116551e+02 8.927399602205147175e+02
1.100000000000000144e-01 2.150092039830728368e+02 8.927399602205135807e+02
1.200000000000000233e-01 2.060815365562013710e+02 8.927667426871472571e+02
1.300000000000000322e-01 1.971538691293299053e+02 8.927399602205159681e+02
1.400000000000000133e-01 1.882267373517910585e+02 8.927399602205147175e+02
1.500000000000000222e-01 1.792990699249195927e+02 8.927667426871461203e+02
1.600000000000000311e-01 1.703714024980481270e+02 8.927399602205159681e+02
1.700000000000000122e-01 1.614442707205092802e+02 8.927399602205147175e+02
1.800000000000000211e-01 1.525166032936378429e+02 8.927667426871448697e+02
1.900000000000000300e-01 1.435889358667663771e+02 8.927399602205159681e+02
2.000000000000000111e-01 1.346618040892275303e+02 8.927399602205159681e+02
2.100000000000000200e-01 1.257341366623560646e+02 8.927667426871472571e+02
2.200000000000000289e-01 1.168064692354845704e+02 8.927399602205159681e+02
2.300000000000000100e-01 1.078793374579457520e+02 8.927399602205152860e+02
2.400000000000000466e-01 9.895167003107427206e+01 8.927667426871465750e+02
2.500000000000000555e-01 9.002400260420282052e+01 8.927399602205152860e+02
2.600000000000000644e-01 8.109687082666395952e+01 8.927399602205152860e+02
2.700000000000000733e-01 7.216920339979250798e+01 8.927667426871454381e+02
2.800000000000000266e-01 6.324153597292104934e+01 8.927399602205159681e+02
2.900000000000000355e-01 5.431440419538218833e+01 8.927399602205156270e+02
3.000000000000000444e-01 4.538673676851073679e+01 8.927667426871454381e+02
3.099999999999999978e-01 3.645906934163927815e+01 8.927399602205136944e+02
3.200000000000000622e-01 2.753193756410045978e+01 1.114403523435063789e+03
3.300000000000000711e-01 1.417099887293800364e+01 8.504469765272503992e+02
3.400000000000000244e-01 1.052299803355544761e+01 2.914053215095232758e+02
3.500000000000000888e-01 8.342892442747537274e+00 2.030098785600375209e+02
3.600000000000000422e-01 6.462800462354697295e+00 1.746187025446002963e+02
3.700000000000000511e-01 4.850518391855531242e+00 1.475322050261322602e+02
3.800000000000000600e-01 3.512156361832051932e+00 1.217033768102796074e+02
3.900000000000000688e-01 2.416450855649938667e+00 9.927786183268499087e+01
4.000000000000000222e-01 1.526599125178351724e+00 8.089687784261374759e+01
4.100000000000000866e-01 7.985132987976636398e-01 6.558469682251084976e+01
4.200000000000000400e-01 2.149051887281345219e-01 5.215493054197310130e+01
4.300000000000000488e-01 -2.445853120417984528e-01 4.021082769584119632e+01
4.400000000000000577e-01 -5.893113651886894289e-01 2.881814238601710798e+01
4.500000000000000666e-01 -8.209481597621407500e-01 1.812153665071105735e+01
4.600000000000000200e-01 -9.517420982029106691e-01 1.009592010868904488e+01
4.700000000000000844e-01 -1.022866561935921625e+00 4.358471508346643652e+00
4.800000000000000933e-01 -1.038911528369843573e+00 -3.490953789255445416e-01
4.900000000000000466e-01 -1.015884654357410710e+00 -4.865835393563338052e+00
5.000000000000001110e-01 -9.415948204985767900e-01 -8.306524048025647033e+00
5.100000000000000089e-01 -8.497541733968977384e-01 -9.665569548356447882e+00
5.200000000000001288e-01 -7.482834295314477746e-01 -1.000978677409504947e+01
5.300000000000000266e-01 -6.495584379149967891e-01 -1.000940313565444661e+01
5.400000000000001465e-01 -5.480953668183587979e-01 -9.941232227136671540e+00
5.500000000000000444e-01 -4.507337933722633250e-01 -1.008033772883834978e+01
5.600000000000000533e-01 -3.464886122415918313e-01 -8.956056788722548845e+00
5.700000000000000622e-01 -2.716126575978123348e-01 -5.712928924826822019e+00
5.800000000000000711e-01 -2.322300337450553809e-01 -2.721308049951668195e+00
5.900000000000000799e-01 -2.171864965987789775e-01 -1.541890386803810076e+00
6.000000000000000888e-01 -2.013922260089791583e-01 1.269293183166514849e+00
6.100000000000000977e-01 -2.425723602621092934e-01 5.381720753727526230e+00
6.199999999999999956e-01 -3.090266410835296740e-01 7.930540757436180144e+00
6.300000000000001155e-01 -4.011831754108328707e-01 9.908977610946360315e+00
6.400000000000001243e-01 -5.072061933024568647e-01 1.033316978931602037e+01
6.500000000000000222e-01 -6.078465711971533514e-01 9.639722143066554949e+00
6.600000000000001421e-01 -7.000006361637880481e-01 8.845661861912502033e+00
6.700000000000001510e-01 -7.847598084354033832e-01 8.483535190154311678e+00
6.800000000000000488e-01 -8.696713399668742905e-01 7.407680240715825093e+00
6.900000000000000577e-01 -9.329134132497198806e-01 5.414854615707105800e+00
7.000000000000001776e-01 -9.779684322810163755e-01 4.798360372053820377e+00
7.100000000000000755e-01 -1.028880620690796333e+00 4.682245149189830258e+00
7.200000000000000844e-01 -1.071613335264812950e+00 4.049790483630951954e+00
7.300000000000000933e-01 -1.109876430363415434e+00 2.948433643724551079e+00
7.400000000000001021e-01 -1.130582008139304095e+00 1.253873510034915872e+00
7.500000000000001110e-01 -1.134953900564113605e+00 -6.552163065371766626e-01
7.600000000000001199e-01 -1.117477682008560569e+00 -2.559222701143120560e+00
7.700000000000000178e-01 -1.083769446541251291e+00 -3.813075454631447592e+00
7.800000000000001377e-01 -1.041216172915931493e+00 -5.079250163712520028e+00
7.900000000000001465e-01 -9.821844432670008285e-01 -6.287036819886860251e+00
8.000000000000000444e-01 -9.154754365181942966e-01 -6.677598635199738730e+00
8.100000000000001643e-01 -8.486324705630060583e-01 -6.831318919712208171e+00
8.200000000000001732e-01 -7.788490581239502220e-01 -6.951248988440038801e+00
8.300000000000000711e-01 -7.096074907942052645e-01 -7.153968783859533609e+00
8.400000000000000799e-01 -6.357696824467594654e-01 -7.446866826501316261e+00
8.500000000000001998e-01 -5.606701542641789882e-01 -7.620765583072074634e+00
8.600000000000000977e-01 -4.833543707853180105e-01 -7.784872804819777059e+00
8.700000000000001066e-01 -4.049726981677834181e-01 -7.515802773160723760e+00
8.800000000000001155e-01 -3.330383153221034842e-01 -6.748294490591788986e+00
8.900000000000001243e-01 -2.700068083559475918e-01 -6.363664039908598191e+00
9.000000000000001332e-01 -2.057650345239315226e-01 -6.123960170286088633e+00
9.100000000000001421e-01 -1.475276049502258491e-01 -5.528253765555795063e+00
9.200000000000000400e-01 -9.519995921281562690e-02 -4.906948553596476081e+00
9.300000000000001599e-01 -4.938863387829630497e-02 -4.146836291360358473e+00
9.400000000000001688e-01 -1.226323338560846368e-02 -3.313230376345637218e+00
9.500000000000000666e-01 1.687597364861644772e-02 -2.586845089851767199e+00
9.600000000000001865e-01 3.947366841142688904e-02 -1.893213608161332218e+00
9.700000000000001954e-01 5.474024581184309263e-02 -1.440306206864235605e+00
9.800000000000000933e-01 6.827979254871160975e-02 -1.023041772733983112e+00
9.900000000000001021e-01 7.520108126652275127e-02 -6.702801748739879439e-01
1.000000000000000222e+00 8.168539604619136363e-02 -9.796003490215848819e-02
1.010000000000000231e+00 7.716028196456592436e-02 5.826126804257707459e-01
1.020000000000000018e+00 7.003314243767594371e-02 9.433395334130824095e-01
1.030000000000000027e+00 5.829349129630427562e-02 1.586699634029436590e+00
1.040000000000000258e+00 3.829914975708721692e-02 2.379285001783664644e+00
1.050000000000000266e+00 1.070779126063097809e-02 3.231563607930129312e+00
1.060000000000000053e+00 -2.633212240151537598e-02 3.529384497367235696e+00
1.070000000000000062e+00 -5.987989868671373533e-02 3.198849553590988215e+00
1.080000000000000293e+00 -9.030911347333514527e-02 3.012301655707875447e+00
1.090000000000000080e+00 -1.201259318008712357e-01 2.367359637365195280e+00
1.100000000000000089e+00 -1.376563062206390409e-01 1.006643548737521598e+00
1.110000000000000098e+00 -1.402588027756216660e-01 -5.082135266113475547e-01
1.120000000000000107e+00 -1.274920356884121087e-01 -1.691163707479430789e+00
1.130000000000000115e+00 -1.064355286260330602e-01 -2.125055928700454011e+00
1.140000000000000124e+00 -8.499091711440301400e-02 -2.335328416182416600e+00
1.150000000000000133e+00 -5.972896030238472598e-02 -2.502515051581437167e+00
1.160000000000000142e+00 -3.494061608277426734e-02 -2.856795962185782578e+00
1.170000000000000151e+00 -2.593041058669076464e-03 -1.745740941557183179e+00
1.180000000000000160e+00 -2.579725163060580769e-05 -1.294383199225540015e-01
1.190000000000000169e+00 -4.274660217996501145e-06 -1.289862581530290195e-03
1.200000000000000178e+00 0.000000000000000000e+00 -4.274660217996501281e-04
