0.000000000000000000e+00 4.458447343022262999e+02 1.174052397016016357e+03
1.000000000000000194e-02 4.341042103320660885e+02 1.174052397016016357e+03
2.000000000000000389e-02 4.223636863619059341e+02 1.174052397016021132e+03
3.000000000000000583e-02 4.106231623917456659e+02 1.174052397016021132e+03
4.000000000000000777e-02 3.988826384215855114e+02 1.174052397016021132e+03
5.000000000000000278e-02 3.871421144514252433e+02 1.174052397016021132e+03
6.000000000000001166e-02 3.754015904812650888e+02 1.174052397016021132e+03
7.000000000000000666e-02 3.636610665111048206e+02 1.174052397016021132e+03
8.000000000000001554e-02 3.519205425409446661e+02 1.174052397016018631e+03
9.000000000000001055e-02 3.401800185707844548e+02 1.174052397016021132e+03
1.000000000000000056e-01 3.284394946006242435e+02 1.174052397016021132e+03
1.100000000000000144e-01 3.166989706304640322e+02 1.174052397016021132e+03
1.200000000000000233e-01 3.049584466603038209e+02 1.174052397016021132e+03
1.300000000000000322e-01 2.932179226901436095e+02 1.174052397016021132e+03
1.400000000000000133e-01 2.814773987199833982e+02 1.174052397016021132e+03
1.500000000000000222e-01 2.697368747498231869e+02 1.174052397016021132e+03
1.600000000000000311e-01 2.579963507796629756e+02 1.174052397016018631e+03
1.700000000000000122e-01 2.462558268095028211e+02 1.174052397016021132e+03
1.800000000000000211e-01 2.345153028393425529e+02 1.174052397016021132e+03
1.900000000000000300e-01 2.227747788691823985e+02 1.174052397016018631e+03
2.000000000000000111e-01 2.110342548990221871e+02 1.174052397016021132e+03
2.100000000000000200e-01 1.992937309288619758e+02 1.174052397016021132e+03
2.200000000000000289e-01 1.875532069587017645e+02 1.174052397016021132e+03
2.300000000000000100e-01 1.758126829885415532e+02 1.174052397016023406e+03
2.400000000000000466e-01 1.640721590183812850e+02 1.174052397016023406e+03
2.500000000000000555e-01 1.523316350482210737e+02 1.174052397016018631e+03
2.600000000000000644e-01 1.405911110780609192e+02 1.174052397016018631e+03
2.700000000000000733e-01 1.288505871079007079e+02 1.174052397016021132e+03
2.800000000000000266e-01 1.171100631377404966e+02 1.174052397016021132e+03
2.900000000000000355e-01 1.053695391675802853e+02 1.174052397016021132e+03
3.000000000000000444e-01 9.362901519742007395e+01 1.174052397016018631e+03
3.099999999999999978e-01 8.188849122725990526e+01 1.174052397016020450e+03
3.200000000000000622e-01 7.014796725709965131e+01 1.174052397016024770e+03
3.300000000000000711e-01 5.840744328693941156e+01 1.174052397016020450e+03
3.400000000000000244e-01 4.666691931677924288e+01 1.174052397016020450e+03
3.500000000000000888e-01 3.492639534661899603e+01 1.174052397016020450e+03
3.600000000000000422e-01 2.318587137645883445e+01 1.154644256000958421e+03
3.700000000000000511e-01 1.183351022659983087e+01 6.524380110161886250e+02
3.800000000000000600e-01 1.013711115613506308e+01 2.136027701280786744e+02
3.900000000000000688e-01 7.561454824038257527e+00 2.405006225537832165e+02
4.000000000000000222e-01 5.327098705059397865e+00 2.018847245851054311e+02
4.100000000000000866e-01 3.523760332336148160e+00 1.605608634627596985e+02
4.200000000000000400e-01 2.115881435804203292e+00 1.260228612060979287e+02
4.300000000000000488e-01 1.003303108214188999e+00 9.794837547980669967e+01
4.400000000000000577e-01 1.569139262080693487e-01 7.368577739379693980e+01
4.500000000000000666e-01 -4.704124396617500037e-01 5.314480289185494399e+01
4.600000000000000200e-01 -9.059821316290296300e-01 3.771478277504078136e+01
4.700000000000000844e-01 -1.224708095162565513e+00 2.861209746609477023e+01
4.800000000000000933e-01 -1.478224080950925057e+00 2.432965519670197452e+01
4.900000000000000466e-01 -1.711301199096605163e+00 2.207001319350974100e+01
5.000000000000001110e-01 -1.919624344821119877e+00 1.905786704827841405e+01
5.100000000000000089e-01 -2.092458540062173356e+00 1.429151934125933643e+01
5.200000000000001288e-01 -2.205454731646306676e+00 7.929359391975663307e+00
5.300000000000000266e-01 -2.251045727901686888e+00 9.103665087239962705e-01
5.400000000000001465e-01 -2.223662061820786739e+00 -5.775192695793889719e+00
5.500000000000000444e-01 -2.135541873985808969e+00 -1.064905106240727228e+01
5.600000000000000533e-01 -2.010681040572641187e+00 -1.220780846046781853e+01
5.700000000000000622e-01 -1.891385704776452625e+00 -1.076456160536425877e+01
5.800000000000000711e-01 -1.795389808465355896e+00 -9.536755074535916421e+00
5.900000000000000799e-01 -1.700650603285734253e+00 -8.484971662307053464e+00
6.000000000000000888e-01 -1.625690375219214889e+00 -1.005473162105338858e+01
6.100000000000000977e-01 -1.499555970864666410e+00 -1.554332912912623499e+01
6.199999999999999956e-01 -1.314823792636690136e+00 -2.166299060901375739e+01
6.300000000000001155e-01 -1.066296158684391315e+00 -2.212137867959345527e+01
6.400000000000001243e-01 -8.723962190448208975e-01 -1.730032897408126402e+01
6.500000000000000222e-01 -7.202895792027660393e-01 -1.206718343204288146e+01
6.600000000000001421e-01 -6.310525504039632416e-01 -7.164739924269608373e+00
6.700000000000001510e-01 -5.769947807173737564e-01 -4.865165083257853240e+00
6.800000000000000488e-01 -5.337492487388062479e-01 -4.565639204347202273e+00
6.900000000000000577e-01 -4.856819966304297687e-01 -5.152569438389206447e+00
7.000000000000001776e-01 -4.306978599710220568e-01 -5.546928599264749238e+00
7.100000000000000755e-01 -3.747434246451347706e-01 -5.215313352229603794e+00
7.200000000000000844e-01 -3.263915929264299409e-01 -3.789802564365428506e+00
7.300000000000000933e-01 -2.989473733578262293e-01 -1.169190951803145806e+00
7.400000000000001021e-01 -3.030077738903670381e-01 1.852869432012602458e+00
7.500000000000001110e-01 -3.360047619980782718e-01 3.680029922750906568e+00
7.600000000000001199e-01 -3.766083723453851895e-01 3.455540335929781381e+00
7.700000000000000178e-01 -4.051155687166738684e-01 2.117265808041501884e+00
7.800000000000001377e-01 -4.189536885062152272e-01 1.057639000581708011e+00
7.900000000000001465e-01 -4.262683487283080441e-01 2.884742991212000396e-01
8.000000000000000444e-01 -4.247231744886392213e-01 -8.581232676231049794e-01
8.100000000000001643e-01 -4.091058833758459135e-01 -2.232111097352229567e+00
8.200000000000001732e-01 -3.800809525415946299e-01 -2.982177935704571681e+00
8.300000000000000711e-01 -3.494623246617544754e-01 -2.637082836035052669e+00
8.400000000000000799e-01 -3.273392958208935499e-01 -1.563128957104190642e+00
8.500000000000001998e-01 -3.181997455196706737e-01 -6.298971605549931185e-01
8.600000000000000977e-01 -3.147413526097936898e-01 -2.602635949318062858e-01
8.700000000000001066e-01 -3.129944736210345524e-01 -2.832274462156610384e-01
8.800000000000001155e-01 -3.090768036854805167e-01 -7.660604170179620143e-01
8.900000000000001243e-01 -2.976732652806753365e-01 -1.681274499701740144e+00
9.000000000000001332e-01 -2.754513136914457094e-01 -2.777358851941541751e+00
9.100000000000001421e-01 -2.421260882418444782e-01 -3.652348947287113567e+00
9.200000000000000400e-01 -2.024043347457034070e-01 -4.172960701110767445e+00
9.300000000000001599e-01 -1.586668742196291337e-01 -3.996208033750451527e+00
9.400000000000001688e-01 -1.224801740706943642e-01 -2.804896214857057757e+00
9.500000000000000666e-01 -1.025689499224879675e-01 -1.274891971375728961e+00
9.600000000000001865e-01 -9.698233464317977670e-02 3.487286553034852354e-01
9.700000000000001954e-01 -1.095435230285576739e-01 2.992464521120651866e-01
9.800000000000000933e-01 -1.029672636854210843e-01 -1.793650397807724950e+00
9.900000000000001021e-01 -7.367051507240317265e-02 -3.713542231326913967e+00
1.000000000000000222e+00 -2.869641905888280567e-02 -3.945046513261269094e+00
1.010000000000000231e+00 5.230415192822216071e-03 -3.395849411341826496e+00
1.020000000000000018e+00 3.922056916795372411e-02 -3.245790889975240567e+00
1.030000000000000027e+00 7.014623299232702891e-02 -2.752654964928094028e+00
1.040000000000000258e+00 9.427366846651562271e-02 -1.925343583128616309e+00
1.050000000000000266e+00 1.086531046548993573e-01 -9.668172132475963965e-01
1.060000000000000053e+00 1.136100127314675495e-01 -2.721794336498137845e-01
1.070000000000000062e+00 1.140966933278956402e-01 -5.341345088011099224e-02
1.080000000000000293e+00 1.146782817490697715e-01 -5.511508912564018481e-02
1.090000000000000080e+00 1.151989951104084448e-01 2.069337208784052251e-01
1.100000000000000089e+00 1.105396073315016575e-01 9.993174220243336014e-01
1.110000000000000098e+00 9.521264666992176884e-02 2.107239476412682944e+00
1.120000000000000107e+00 6.839481780324799254e-02 3.126620059059024292e+00
1.130000000000000115e+00 3.268024548874128715e-02 3.581545953466655607e+00
1.140000000000000124e+00 -3.236101266085118690e-03 2.815381141565125311e+00
1.150000000000000133e+00 -2.362737734256121352e-02 1.013707255490866821e+00
1.160000000000000142e+00 -2.351024637590245353e-02 -9.733903412585799275e-01
1.170000000000000151e+00 -4.159570517389614246e-03 -1.152803025360672917e+00
1.180000000000000160e+00 -4.541858686889968912e-04 -2.053239622162023326e-01
1.190000000000000169e+00 -5.309127306556736070e-05 -2.270929343444984261e-02
1.200000000000000178e+00 0.000000000000000000e+00 -5.309127306556736016e-03
