0.000000000000000000e+00 1.807326074866110446e+02 5.028133505411685178e+02
1.000000000000000194e-02 1.757044739811993566e+02 5.028133505411696547e+02
2.000000000000000389e-02 1.706763404757876401e+02 5.028133505411696547e+02
3.000000000000000583e-02 1.656482069703759521e+02 5.028133505411685178e+02
4.000000000000000777e-02 1.606200734649642641e+02 5.028133505411696547e+02
5.000000000000000278e-02 1.555919399595525476e+02 5.028133505411696547e+02
6.000000000000001166e-02 1.505638064541408596e+02 5.028133505411696547e+02
7.000000000000000666e-02 1.455356729487291716e+02 5.028133505411696547e+02
8.000000000000001554e-02 1.405075394433174836e+02 5.028133505411696547e+02
9.000000000000001055e-02 1.354794059379057671e+02 5.028133505411685178e+02
1.000000000000000056e-01 1.304512724324941075e+02 5.028133505411685178e+02
1.100000000000000144e-01 1.254231389270824053e+02 5.028133505411708484e+02
1.200000000000000233e-01 1.203950054216706889e+02 5.028133505411696547e+02
1.300000000000000322e-01 1.153668719162590008e+02 5.028133505411685178e+02
1.400000000000000133e-01 1.103387384108473128e+02 5.028133505411696547e+02
1.500000000000000222e-01 1.053106049054356106e+02 5.028133505411696547e+02
1.600000000000000311e-01 1.002824714000239226e+02 5.028133505411685178e+02
1.700000000000000122e-01 9.525433789461223455e+01 5.028133505411696547e+02
1.800000000000000211e-01 9.022620438920053232e+01 5.028133505411696547e+02
1.900000000000000300e-01 8.519807088378884430e+01 5.028133505411685178e+02
2.000000000000000111e-01 8.016993737837715628e+01 5.028133505411696547e+02
2.100000000000000200e-01 7.514180387296545405e+01 5.028133505411696547e+02
2.200000000000000289e-01 7.011367036755376603e+01 5.028133505411685178e+02
2.300000000000000100e-01 6.508553686214207801e+01 5.028133505411696547e+02
2.400000000000000466e-01 6.005740335673036867e+01 5.028133505411703368e+02
2.500000000000000555e-01 5.502926985131867355e+01 5.028133505411696547e+02
2.600000000000000644e-01 5.000113634590697842e+01 5.028133505411693704e+02
2.700000000000000733e-01 4.497300284049528329e+01 5.028133505411691431e+02
2.800000000000000266e-01 3.994486933508359527e+01 5.028133505411693704e+02
2.900000000000000355e-01 3.491673582967190015e+01 5.028133505411693704e+02
3.000000000000000444e-01 2.988860232426020502e+01 2.877004326828698026e+02
3.099999999999999978e-01 2.916272717601449926e+01 2.501774024032937973e+02
3.200000000000000622e-01 2.488505427619432808e+01 4.350581002229990304e+02
3.300000000000000711e-01 2.046156517155451837e+01 4.213626053806522123e+02
3.400000000000000244e-01 1.645780216858128497e+01 3.664543813617354431e+02
3.500000000000000888e-01 1.313247754431981029e+01 3.046621380840475695e+02
3.600000000000000422e-01 1.036455940690033195e+01 2.524814436782372695e+02
3.700000000000000511e-01 8.082848670755064191e+00 2.088301929426428103e+02
3.800000000000000600e-01 6.187955548047475496e+00 1.720601588941291880e+02
3.900000000000000688e-01 4.641645492872481071e+00 1.410393050611695003e+02
4.000000000000000222e-01 3.367169446824084922e+00 1.165040904534103561e+02
4.100000000000000866e-01 2.311563683804273239e+00 9.732930757074181827e+01
4.200000000000000400e-01 1.420583295409248548e+00 8.135624383158358341e+01
4.300000000000000488e-01 6.844388071726014156e-01 6.933104674668604162e+01
4.400000000000000577e-01 3.396236047552750326e-02 5.975249326353937107e+01
4.500000000000000666e-01 -5.106110580981859659e-01 4.929689840643668219e+01
4.600000000000000200e-01 -9.519756076532062128e-01 3.748761122382894229e+01
4.700000000000000844e-01 -1.260363282574764821e+00 2.661891521997405263e+01
4.800000000000000933e-01 -1.484353912052687408e+00 1.930560264210401655e+01
4.900000000000000466e-01 -1.646475335416845320e+00 1.458606538680625597e+01
5.000000000000001110e-01 -1.776075219788812554e+00 1.074524011453386230e+01
5.100000000000000089e-01 -1.861380137707522531e+00 6.572958999577766193e+00
5.200000000000001288e-01 -1.907534399780367762e+00 3.595968672674987765e+00
5.300000000000000266e-01 -1.933299511161022277e+00 1.773420043716150252e+00
5.400000000000001465e-01 -1.943002800654690887e+00 9.375753185214522611e-01
5.500000000000000444e-01 -1.952051017531451382e+00 -7.530708421835473620e-01
5.600000000000000533e-01 -1.927941383811019760e+00 -4.563914917743737476e+00
5.700000000000000622e-01 -1.860772719176576606e+00 -7.529637052347371906e+00
5.800000000000000711e-01 -1.777348642764072340e+00 -8.522215531420457069e+00
5.900000000000000799e-01 -1.690328408548167571e+00 -8.724131851334286480e+00
6.000000000000000888e-01 -1.602866005737386690e+00 -9.143172635669053250e+00
6.100000000000000977e-01 -1.507464955834786347e+00 -9.358184720049276706e+00
6.199999999999999956e-01 -1.415702311336401120e+00 -1.000183817051227386e+01
6.300000000000001155e-01 -1.307428192424540780e+00 -1.058580000607670968e+01
6.400000000000001243e-01 -1.203986311214866767e+00 -9.906800492561918858e+00
6.500000000000000222e-01 -1.109292182573302421e+00 -9.616715737723446011e+00
6.600000000000001421e-01 -1.011651996460398051e+00 -1.035146755131230556e+01
6.700000000000001510e-01 -9.022628315470563320e-01 -1.072659734455616487e+01
6.800000000000000488e-01 -7.971200495692746246e-01 -9.777276718601532579e+00
6.900000000000000577e-01 -7.067172971750257382e-01 -8.060761574341345437e+00
7.000000000000001776e-01 -6.359048180824476981e-01 -6.789699596742406307e+00
7.100000000000000755e-01 -5.709233052401775366e-01 -6.335091164638686934e+00
7.200000000000000844e-01 -5.092029947896740127e-01 -6.050952322638787351e+00
7.300000000000000933e-01 -4.499042587874018118e-01 -5.450704305014992812e+00
7.400000000000001021e-01 -4.001889086893741232e-01 -4.432158811939330256e+00
7.500000000000001110e-01 -3.612610825486152200e-01 -3.754933676386221109e+00
7.600000000000001199e-01 -3.250902351616496988e-01 -3.335548865858648515e+00
7.700000000000000178e-01 -2.945501052314422608e-01 -2.973358976272041154e+00
7.800000000000001377e-01 -2.656230556362088602e-01 -2.377068884980340080e+00
7.900000000000001465e-01 -2.470087275318354481e-01 -1.854439328746280369e+00
8.000000000000000444e-01 -2.285342690612832683e-01 -1.521358712124037948e+00
8.100000000000001643e-01 -2.165815532893546891e-01 -1.198969716985639700e+00
8.200000000000001732e-01 -2.045548747215704677e-01 -8.907644828131289216e-01
8.300000000000000711e-01 -1.987662636330921051e-01 -7.849774966391728226e-01
8.400000000000000799e-01 -1.888553247887869990e-01 -8.360565626131668537e-01
8.500000000000001998e-01 -1.820451323808287836e-01 -6.014272652076100290e-01
8.600000000000000977e-01 -1.768267794846347940e-01 -5.121655237622315671e-01
8.700000000000001066e-01 -1.718018219055841567e-01 -3.870300743379884723e-01
8.800000000000001155e-01 -1.690861779978750368e-01 -3.333534735369718671e-01
8.900000000000001243e-01 -1.651347524348447116e-01 -4.509881247528446657e-01
9.000000000000001332e-01 -1.600664155028181379e-01 -7.813262651602242981e-01
9.100000000000001421e-01 -1.495082271316402200e-01 -1.004828208955852453e+00
9.200000000000000400e-01 -1.399698513237010722e-01 -9.928446860536206398e-01
9.300000000000001599e-01 -1.296513334105678095e-01 -1.016786426821392642e+00
9.400000000000001688e-01 -1.196341227872732282e-01 -9.643772323566530691e-01
9.500000000000000666e-01 -1.103637887634347503e-01 -9.447568984345500187e-01
9.600000000000001865e-01 -1.007389848185822334e-01 -1.062985617326623000e+00
9.700000000000001954e-01 -8.910407641690228087e-02 -1.206931319865395924e+00
9.800000000000000933e-01 -7.660035842127430050e-02 -1.059917274236040541e+00
9.900000000000001021e-01 -6.790573093218146838e-02 -7.764747559672966482e-01
1.000000000000000222e+00 -6.107086330192837420e-02 -6.611446251747203906e-01
1.010000000000000231e+00 -5.468283842868706252e-02 -5.725749285620636009e-01
1.020000000000000018e+00 -4.961936473068710024e-02 -4.166148152160582541e-01
1.030000000000000027e+00 -4.635054212436589410e-02 -2.176086413579810808e-01
1.040000000000000258e+00 -4.526719190352748029e-02 -1.190707337484342154e-01
1.050000000000000266e+00 -4.396912744939721063e-02 -1.123297443643077459e-01
1.060000000000000053e+00 -4.302059701624132149e-02 -9.504059514705798239e-02
1.070000000000000062e+00 -4.206831554645604904e-02 -1.095401382145321095e-01
1.080000000000000293e+00 -4.082979425195067819e-02 -1.896951853990813119e-01
1.090000000000000080e+00 -3.827441183847442308e-02 -2.617432662852801073e-01
1.100000000000000089e+00 -3.559492892624507854e-02 -2.797739189388875336e-01
1.110000000000000098e+00 -3.267893345969667684e-02 -3.393023797116100915e-01
1.120000000000000107e+00 -2.880888133201287352e-02 -4.236439746867265432e-01
1.130000000000000115e+00 -2.420605396596214182e-02 -4.756224388900097133e-01
1.140000000000000124e+00 -1.929643255421268147e-02 -4.641009636743443911e-01
1.150000000000000133e+00 -1.492403469247525344e-02 -3.997223072258177523e-01
1.160000000000000142e+00 -1.130198640969632372e-02 -6.943389208218937458e-01
1.170000000000000151e+00 -1.037256276037377056e-03 -5.602907311189390116e-01
1.180000000000000160e+00 -9.617178731754324388e-05 -5.152070609098178405e-02
1.190000000000000169e+00 -6.842154217741250124e-06 -4.808589365877161299e-03
1.200000000000000178e+00 0.000000000000000000e+00 -6.842154217741249107e-04
