0.000000000000000000e+00 7.458774960000001556e+03 1.050309520000000048e+05
1.000000000000000194e-02 6.408465440000000854e+03 9.767478266666666605e+04
2.000000000000000389e-02 5.505265360000000328e+03 8.399031333333333896e+04
3.000000000000000583e-02 4.728673120000000381e+03 7.221793200000000070e+04
4.000000000000000777e-02 4.060931824000000688e+03 6.209021133333333273e+04
5.000000000000000278e-02 3.486861920000000282e+03 5.337835626666666212e+04
6.000000000000001166e-02 2.993363304000000426e+03 4.588453333333333285e+04
7.000000000000000666e-02 2.569172648000000208e+03 3.943880240000000049e+04
8.000000000000001554e-02 2.204587256000000252e+03 3.389486293333333742e+04
9.000000000000001055e-02 1.891272600000000239e+03 2.912677653333333728e+04
1.000000000000000056e-01 1.622053120000000263e+03 2.502624733333333279e+04
1.100000000000000144e-01 1.390749048000000130e+03 2.149997213333333639e+04
1.200000000000000233e-01 1.192055072000000109e+03 1.846782733333333454e+04
1.300000000000000322e-01 1.021393896000000154e+03 1.586070720000000074e+04
1.400000000000000133e-01 8.748409280000001900e+02 1.361926866666666683e+04
1.500000000000000222e-01 7.490071280000000797e+02 1.169239719999999943e+04
1.600000000000000311e-01 6.409929840000000922e+02 1.003602133333333404e+04
1.700000000000000122e-01 5.482880960000001096e+02 8.612415333333334274e+03
1.800000000000000211e-01 4.687418880000000172e+02 7.388944000000000415e+03
1.900000000000000300e-01 4.005087976000000367e+02 6.337602426666667270e+03
2.000000000000000111e-01 3.419917920000000322e+02 5.434311693333333096e+03
2.100000000000000200e-01 2.918227032000000349e+02 4.658326133333333019e+03
2.200000000000000289e-01 2.488249904000000470e+02 3.991800986666667086e+03
2.300000000000000100e-01 2.119865440000000376e+02 3.419394919999999729e+03
2.400000000000000466e-01 1.804370920000000069e+02 2.927900440000000344e+03
2.500000000000000555e-01 1.534285351999999989e+02 2.505971933333333709e+03
2.600000000000000644e-01 1.303177928000000065e+02 2.143832786666666834e+03
2.700000000000000733e-01 1.105521584000000104e+02 1.833080133333333379e+03
2.800000000000000266e-01 9.365632960000000651e+01 1.566482626666666647e+03
2.900000000000000355e-01 7.922236640000001273e+01 1.337840973333333295e+03
3.000000000000000444e-01 6.689923120000000267e+01 1.141799653333333481e+03
3.099999999999999978e-01 5.638609440000000461e+01 9.737702133333334586e+02
3.200000000000000622e-01 4.742396640000000474e+01 8.297918000000000802e+02
3.300000000000000711e-01 3.979046760000000660e+01 7.064684000000000879e+02
3.400000000000000244e-01 3.329464023999999966e+01 6.008858573333334334e+02
3.500000000000000888e-01 2.777276440000000335e+01 5.105274960000000419e+02
3.600000000000000422e-01 2.308409032000000138e+01 4.332364640000000122e+02
3.700000000000000511e-01 1.910803512000000381e+01 5.031211186666667459e+02
3.800000000000000600e-01 1.302169584000000135e+01 5.584775306666666665e+02
3.900000000000000688e-01 7.938470560000001619e+00 2.855810120000000438e+02
4.000000000000000222e-01 7.310075600000000229e+00 9.097480400000000600e+01
4.100000000000000866e-01 6.118974480000001215e+00 1.162907933333333261e+02
4.200000000000000400e-01 4.984231840000000524e+00 1.068607546666666650e+02
4.300000000000000488e-01 3.981753808000000117e+00 9.337572266666666110e+01
4.400000000000000577e-01 3.116732728000000119e+00 8.000017200000000628e+01
4.500000000000000666e-01 2.381750368000000506e+00 6.769377280000000496e+01
4.600000000000000200e-01 1.762857272000000197e+00 5.680079853333333517e+01
4.700000000000000844e-01 1.245735792000000286e+00 4.728840479999999502e+01
4.800000000000000933e-01 8.170891760000000836e-01 3.906970386666666428e+01
4.900000000000000466e-01 4.643403200000000286e-01 3.209330226666666874e+01
5.000000000000001110e-01 1.752204808000000225e-01 2.624616226666666918e+01
5.100000000000000089e-01 -6.058390160000001051e-02 2.131852600000000209e+01
5.200000000000001288e-01 -2.511504576000000433e-01 1.712699480000000207e+01
5.300000000000000266e-01 -4.031237976000000556e-01 1.354465400000000130e+01
5.400000000000001465e-01 -5.220418640000000776e-01 1.050483853333333251e+01
5.500000000000000444e-01 -6.132195920000000910e-01 7.969125333333334282e+00
5.600000000000000533e-01 -6.814271600000000317e-01 5.891950640000001016e+00
5.700000000000000622e-01 -7.310577680000001077e-01 4.190792026666667169e+00
5.800000000000000711e-01 -7.652410480000000348e-01 2.768427280000000046e+00
5.900000000000000799e-01 -7.864288240000001373e-01 1.538561400000000079e+00
6.000000000000000888e-01 -7.960143680000001387e-01 4.649595520000000537e-01
6.100000000000000977e-01 -7.957256720000001060e-01 -4.456838639999999852e-01
6.199999999999999956e-01 -7.870982640000001584e-01 -1.163640133333333493e+00
6.300000000000001155e-01 -7.724542640000000571e-01 -1.668488546666666572e+00
6.400000000000001243e-01 -7.537308640000001114e-01 -1.993334306666666667e+00
6.500000000000000222e-01 -7.325891120000000978e-01 -2.228747066666666665e+00
6.600000000000001421e-01 -7.091545280000001172e-01 -2.427961253333333680e+00
6.700000000000001510e-01 -6.840296080000001222e-01 -2.587162453333333278e+00
6.800000000000000488e-01 -6.574110000000000786e-01 -2.689712293333333282e+00
6.900000000000000577e-01 -6.302359200000000605e-01 -2.712368653333333324e+00
7.000000000000001776e-01 -6.031654400000000527e-01 -2.647439946666666710e+00
7.100000000000000755e-01 -5.772874000000001171e-01 -2.536556973333333076e+00
7.200000000000000844e-01 -5.524344400000000821e-01 -2.456349693333333306e+00
7.300000000000000933e-01 -5.281588720000000015e-01 -2.475979626666666711e+00
7.400000000000001021e-01 -5.029126160000000345e-01 -2.606890013333333478e+00
7.500000000000001110e-01 -4.760220480000000864e-01 -2.785205120000000090e+00
7.600000000000001199e-01 -4.472110240000000125e-01 -2.931366186666667151e+00
7.700000000000000178e-01 -4.173937480000000644e-01 -2.994907200000000547e+00
7.800000000000001377e-01 -3.873112064000000521e-01 -2.961212053333333483e+00
7.900000000000001465e-01 -3.581696464000000413e-01 -2.836731079999999849e+00
8.000000000000000444e-01 -3.305765848000000728e-01 -2.647962946666666983e+00
8.100000000000001643e-01 -3.052102480000000173e-01 -2.431301480000000126e+00
8.200000000000001732e-01 -2.819505552000000081e-01 -2.231145893333333241e+00
8.300000000000000711e-01 -2.605874696000000101e-01 -2.074315626666666912e+00
8.400000000000000799e-01 -2.404641032000000289e-01 -1.955559759999999869e+00
8.500000000000001998e-01 -2.214758560000000265e-01 -1.843812093333333291e+00
8.600000000000000977e-01 -2.035880008000000296e-01 -1.709422013333333323e+00
8.700000000000001066e-01 -1.872875552000000388e-01 -1.531406759999999867e+00
8.800000000000001155e-01 -1.729598656000000123e-01 -1.318608519999999951e+00
8.900000000000001243e-01 -1.609153848000000331e-01 -1.104032080000000082e+00
9.000000000000001332e-01 -1.508788056000000266e-01 -9.368394400000000788e-01
9.100000000000001421e-01 -1.421785960000000182e-01 -8.457258666666667146e-01
9.200000000000000400e-01 -1.339645672000000232e-01 -8.230764800000001102e-01
9.300000000000001599e-01 -1.257170664000000215e-01 -8.371207733333334566e-01
9.400000000000001688e-01 -1.172218728000000154e-01 -8.589542800000000700e-01
9.500000000000000666e-01 -1.085379808000000029e-01 -8.684728800000000026e-01
9.600000000000001865e-01 -9.985241520000001647e-02 -8.597910799999999298e-01
9.700000000000001954e-01 -9.134215920000000877e-02 -8.370022266666667932e-01
9.800000000000000933e-01 -8.311264960000000479e-02 -8.130348800000001264e-01
9.900000000000001021e-01 -7.508146160000001013e-02 -7.966893866666666657e-01
1.000000000000000222e+00 -6.717872240000001549e-02 -7.872126266666666927e-01
1.010000000000000231e+00 -5.933706960000000724e-02 -7.751487600000001033e-01
1.020000000000000018e+00 -5.167574720000001065e-02 -7.464604666666666555e-01
1.030000000000000027e+00 -4.440813920000000192e-02 -6.956025519999999851e-01
1.040000000000000258e+00 -3.776373800000000502e-02 -6.284444706666666436e-01
1.050000000000000266e+00 -3.183923584000000750e-02 -5.512426973333333091e-01
1.060000000000000053e+00 -2.673885616000000465e-02 -4.679964386666666809e-01
1.070000000000000062e+00 -2.247929312000000041e-02 -3.883853786666666696e-01
1.080000000000000293e+00 -1.897117648000000087e-02 -3.200634480000000281e-01
1.090000000000000080e+00 -1.607802416000000262e-02 -2.645605959999999812e-01
1.100000000000000089e+00 -1.367996456000000229e-02 -2.200644533333333541e-01
1.110000000000000098e+00 -1.167674904000000173e-02 -1.852647306666666827e-01
1.120000000000000107e+00 -9.974656000000001882e-03 -1.591447160000000194e-01
1.130000000000000115e+00 -8.493854720000000927e-03 -1.415475093333333489e-01
1.140000000000000124e+00 -7.143719760000001064e-03 -1.316418893333333451e-01
1.150000000000000133e+00 -5.861030880000000533e-03 -1.276698786666666807e-01
1.160000000000000142e+00 -4.590308240000000317e-03 -2.847490933333333141e-01
1.170000000000000151e+00 -1.660399480000000207e-04 -2.285698280000000027e-01
1.180000000000000160e+00 -1.891653344000000024e-05 -8.229091200000000078e-03
1.190000000000000169e+00 -1.458136552000000098e-06 -9.458280666666667733e-04
1.200000000000000178e+00 0.000000000000000000e+00 -1.458137946666666527e-04
