0.000000000000000000e+00 7.182630960000001608e+01 2.174682813333333513e+02
1.000000000000000194e-02 6.965146640000000389e+01 2.174682813333333513e+02
2.000000000000000389e-02 6.747704160000000684e+01 2.174682813333333513e+02
3.000000000000000583e-02 6.530219840000000886e+01 2.174682813333333513e+02
4.000000000000000777e-02 6.312735520000000378e+01 2.174682813333333513e+02
5.000000000000000278e-02 6.095293040000001383e+01 2.174682813333333513e+02
6.000000000000001166e-02 5.877808720000000875e+01 2.174682813333333513e+02
7.000000000000000666e-02 5.660366240000000460e+01 2.174682813333333513e+02
8.000000000000001554e-02 5.442881920000000662e+01 2.174682813333333513e+02
9.000000000000001055e-02 5.225397600000000864e+01 2.174682813333333513e+02
1.000000000000000056e-01 5.007955120000000448e+01 2.174682813333333513e+02
1.100000000000000144e-01 4.790470800000000651e+01 2.174682813333333513e+02
1.200000000000000233e-01 4.572986480000000142e+01 2.174682813333333513e+02
1.300000000000000322e-01 4.355544000000000437e+01 2.174682813333333513e+02
1.400000000000000133e-01 4.138063864000000791e+01 2.174682813333333513e+02
1.500000000000000222e-01 3.920596280000000178e+01 2.174682813333333513e+02
1.600000000000000311e-01 3.703128696000000275e+01 2.174682813333333513e+02
1.700000000000000122e-01 3.485661112000000372e+01 2.174682813333333513e+02
1.800000000000000211e-01 3.268189344000000318e+01 2.174682813333333513e+02
1.900000000000000300e-01 3.050721760000000415e+01 2.174682813333333513e+02
2.000000000000000111e-01 2.833254176000000157e+01 2.174682813333333513e+02
2.100000000000000200e-01 2.615786592000000255e+01 2.174682813333333513e+02
2.200000000000000289e-01 2.398319008000000352e+01 2.174682813333333513e+02
2.300000000000000100e-01 2.180847240000000298e+01 2.174682813333333513e+02
2.400000000000000466e-01 1.963379656000000040e+01 2.174682813333333513e+02
2.500000000000000555e-01 1.745912072000000137e+01 2.174682813333333513e+02
2.600000000000000644e-01 1.528444488000000234e+01 2.174682813333333513e+02
2.700000000000000733e-01 1.310972720000000002e+01 2.174682813333333513e+02
2.800000000000000266e-01 1.093505136000000100e+01 2.174682813333333513e+02
2.900000000000000355e-01 8.760375520000000193e+00 2.174682813333333513e+02
3.000000000000000444e-01 6.585699680000000278e+00 1.822348173333333534e+02
3.099999999999999978e-01 5.115693120000001315e+00 1.317715933333333282e+02
3.200000000000000622e-01 3.950260840000000329e+00 1.068670306666666789e+02
3.300000000000000711e-01 2.978334376000000283e+00 8.944903866666666659e+01
3.400000000000000244e-01 2.161274488000000105e+00 7.482805066666666960e+01
3.500000000000000888e-01 1.481776152000000124e+00 6.165640026666667239e+01
3.600000000000000422e-01 9.281450880000000625e-01 4.967656226666666441e+01
3.700000000000000511e-01 4.882476960000001198e-01 3.894746133333332949e+01
3.800000000000000600e-01 1.491968376000000207e-01 2.958771386666666814e+01
3.900000000000000688e-01 -1.035079760000000154e-01 2.172019000000000233e+01
4.000000000000000222e-01 -2.852077992000000561e-01 1.534112413333333436e+01
4.100000000000000866e-01 -4.103299008000000359e-01 1.030163560000000089e+01
4.200000000000000400e-01 -4.912392560000000685e-01 6.368996373333333239e+00
4.300000000000000488e-01 -5.377109440000000795e-01 3.347569586666666819e+00
4.400000000000000577e-01 -5.581916239999999974e-01 1.066125040000000190e+00
4.500000000000000666e-01 -5.590326080000000974e-01 -5.759011013333333873e-01
4.600000000000000200e-01 -5.466730720000001487e-01 -1.621655639999999954e+00
4.700000000000000844e-01 -5.265982399999999952e-01 -2.144634720000000438e+00
4.800000000000000933e-01 -5.037828880000000398e-01 -2.271918973333333369e+00
4.900000000000000466e-01 -4.811600000000000321e-01 -2.126113546666666743e+00
5.000000000000001110e-01 -4.612608960000000868e-01 -1.807243933333333441e+00
5.100000000000000089e-01 -4.450144240000000195e-01 -1.377226360000000094e+00
5.200000000000001288e-01 -4.337134400000000611e-01 -8.773638800000000959e-01
5.300000000000000266e-01 -4.274709120000000362e-01 -3.659689013333333185e-01
5.400000000000001465e-01 -4.263956240000000286e-01 9.574944533333334951e-02
5.500000000000000444e-01 -4.293830000000000702e-01 4.457466240000000357e-01
5.600000000000000533e-01 -4.353117280000000089e-01 6.131421880000000879e-01
5.700000000000000622e-01 -4.416463040000001006e-01 5.467700013333333109e-01
5.800000000000000711e-01 -4.462445200000000889e-01 2.765247440000000445e-01
5.900000000000000799e-01 -4.471775520000000892e-01 -1.047499266666666595e-01
6.000000000000000888e-01 -4.441525200000000506e-01 -4.522485600000000217e-01
6.100000000000000977e-01 -4.381317440000001007e-01 -6.742585733333333886e-01
6.199999999999999956e-01 -4.306674880000000427e-01 -8.686332666666666258e-01
6.300000000000001155e-01 -4.207597760000000853e-01 -1.315923786666666873e+00
6.400000000000001243e-01 -4.043467808000000829e-01 -2.263397560000000031e+00
6.500000000000000222e-01 -3.754914064000000051e-01 -3.681968813333333479e+00
6.600000000000001421e-01 -3.307075440000000199e-01 -5.232461586666666165e+00
6.700000000000001510e-01 -2.708420352000000531e-01 -6.444942946666667005e+00
6.800000000000000488e-01 -2.018089640000000351e-01 -6.914541159999999742e+00
6.900000000000000577e-01 -1.325512120000000293e-01 -6.476155586666666686e+00
7.000000000000001776e-01 -7.228571280000001265e-02 -5.311239333333333867e+00
7.100000000000000755e-01 -2.632656480000000396e-02 -3.829141013333333010e+00
7.200000000000000844e-01 4.297135360000000834e-03 -2.407633986666666726e+00
7.300000000000000933e-01 2.182617072000000297e-02 -1.255311573333333319e+00
7.400000000000001021e-01 2.940335288000000061e-02 -3.937499640000000078e-01
7.500000000000001110e-01 2.970117000000000243e-02 2.457179520000000172e-01
7.600000000000001199e-01 2.448899384000000415e-02 6.765032893333333686e-01
7.700000000000000178e-01 1.617111816000000105e-02 8.488847866666666686e-01
7.800000000000001377e-01 7.511284160000001112e-03 7.861387333333333949e-01
7.900000000000001465e-01 4.483239680000000726e-04 6.136359000000000119e-01
8.000000000000000444e-01 -4.761433840000000792e-03 4.701247000000000065e-01
8.100000000000001643e-01 -8.954178400000000274e-03 4.153414959999999767e-01
8.200000000000001732e-01 -1.306826376000000053e-02 4.327050960000000113e-01
8.300000000000000711e-01 -1.760828032000000265e-02 4.842938159999999881e-01
8.400000000000000799e-01 -2.275414008000000224e-02 5.397708666666667376e-01
8.500000000000001998e-01 -2.840371160000000270e-02 5.671753693333333457e-01
8.600000000000000977e-01 -3.409763352000000358e-02 5.285779693333333418e-01
8.700000000000001066e-01 -3.897525704000000257e-02 4.179209320000000227e-01
8.800000000000001155e-01 -4.245588480000000997e-02 2.719209493333333283e-01
8.900000000000001243e-01 -4.441357840000000057e-02 1.405789133333333329e-01
9.000000000000001332e-01 -4.526753280000000296e-02 4.563914173333333268e-02
9.100000000000001421e-01 -4.532652720000000801e-02 -2.100437733333333432e-02
9.200000000000000400e-01 -4.484745920000000885e-02 -8.296383866666666440e-02
9.300000000000001599e-01 -4.366715280000000449e-02 -1.604780173333333337e-01
9.400000000000001688e-01 -4.163799648000000159e-02 -2.511550600000000411e-01
9.500000000000000666e-01 -3.864409344000000607e-02 -3.320757120000000229e-01
9.600000000000001865e-01 -3.499648224000000141e-02 -3.900115599999999794e-01
9.700000000000001954e-01 -3.084386224000000218e-02 -4.278711813333333502e-01
9.800000000000000933e-01 -2.643907256000000219e-02 -4.497109639999999908e-01
9.900000000000001021e-01 -2.184964296000000208e-02 -4.623863919999999794e-01
1.000000000000000222e+00 -1.719134472000000136e-02 -4.706135306666667240e-01
1.010000000000000231e+00 -1.243735840000000092e-02 -4.704531439999999898e-01
1.020000000000000018e+00 -7.782281840000001248e-03 -4.462152320000000172e-01
1.030000000000000027e+00 -3.513062128000000311e-03 -3.896970626666666493e-01
1.040000000000000258e+00 1.165135216000000090e-05 -3.054905760000000137e-01
1.050000000000000266e+00 2.596745208000000166e-03 -2.075312813333333450e-01
1.060000000000000053e+00 4.162272488000000499e-03 -1.111263426666666693e-01
1.070000000000000062e+00 4.819256720000000653e-03 -3.071021133333333777e-02
1.080000000000000293e+00 4.776496240000000643e-03 2.670026573333333236e-02
1.090000000000000080e+00 4.285252800000000084e-03 5.831896293333332926e-02
1.100000000000000089e+00 3.610097456000000392e-03 6.734538506666666591e-02
1.110000000000000098e+00 2.938352072000000124e-03 6.262604226666666773e-02
1.120000000000000107e+00 2.357579400000000408e-03 5.353323400000000593e-02
1.130000000000000115e+00 1.867687392000000205e-03 4.446748226666667053e-02
1.140000000000000124e+00 1.468228360000000104e-03 3.617081946666666353e-02
1.150000000000000133e+00 1.144273791999999993e-03 2.866039999999999907e-02
1.160000000000000142e+00 8.950203600000000313e-04 6.230199146666666465e-02
1.170000000000000151e+00 -1.017674320000000118e-04 4.614456893333333809e-02
1.180000000000000160e+00 -2.787142312000000645e-05 -4.963137506666667233e-03
1.190000000000000169e+00 -2.504772520000000408e-06 -1.393571853333333164e-03
1.200000000000000178e+00 0.000000000000000000e+00 -2.504772520000000035e-04
