0.000000000000000000e+00 3.504884397565891732e+02 1.081957862926054304e+03
1.000000000000000194e-02 3.396688611273286256e+02 1.081957862926054304e+03
2.000000000000000389e-02 3.288492824980680780e+02 1.081957862926054304e+03
3.000000000000000583e-02 3.180297038688075304e+02 1.081957862926051803e+03
4.000000000000000777e-02 3.072101252395470397e+02 1.081957862926051803e+03
5.000000000000000278e-02 2.963905466102864921e+02 1.081957862926056578e+03
6.000000000000001166e-02 2.855709679810259445e+02 1.081957862926054304e+03
7.000000000000000666e-02 2.747513893517654537e+02 1.081957862926054304e+03
8.000000000000001554e-02 2.639318107225048493e+02 1.081957862926054304e+03
9.000000000000001055e-02 2.531122320932443301e+02 1.081957862926054304e+03
1.000000000000000056e-01 2.422926534639837541e+02 1.081957862926054304e+03
1.100000000000000144e-01 2.314730748347232634e+02 1.081957862926051803e+03
1.200000000000000233e-01 2.206534962054627158e+02 1.081957862926054304e+03
1.300000000000000322e-01 2.098339175762021682e+02 1.081957862926054304e+03
1.400000000000000133e-01 1.990143389469416206e+02 1.081957862926054304e+03
1.500000000000000222e-01 1.881947603176810730e+02 1.081957862926054304e+03
1.600000000000000311e-01 1.773751816884205539e+02 1.081957862926053167e+03
1.700000000000000122e-01 1.665556030591600347e+02 1.081957862926053167e+03
1.800000000000000211e-01 1.557360244298994871e+02 1.081957862926054304e+03
1.900000000000000300e-01 1.449164458006389395e+02 1.081957862926054304e+03
2.000000000000000111e-01 1.340968671713783920e+02 1.081957862926054304e+03
2.100000000000000200e-01 1.232772885421178444e+02 1.081957862926053167e+03
2.200000000000000289e-01 1.124577099128573252e+02 1.081957862926053167e+03
2.300000000000000100e-01 1.016381312835967918e+02 1.081957862926055441e+03
2.400000000000000466e-01 9.081855265433621582e+01 1.081957862926055441e+03
2.500000000000000555e-01 7.999897402507568245e+01 1.081957862926054304e+03
2.600000000000000644e-01 6.917939539581513486e+01 1.081957862926054304e+03
2.700000000000000733e-01 5.835981676655459438e+01 1.081957862926053622e+03
2.800000000000000266e-01 4.754023813729406100e+01 1.081957862926053167e+03
2.900000000000000355e-01 3.672065950803352763e+01 1.028008480683195103e+03
3.000000000000000444e-01 2.698006852363015540e+01 8.007006432829670075e+02
3.099999999999999978e-01 2.070664664237418506e+01 5.104534372478760815e+02
3.200000000000000622e-01 1.677099977867263547e+01 3.670076964994440232e+02
3.300000000000000711e-01 1.336649271238530368e+01 3.053964678345324728e+02
3.400000000000000244e-01 1.066307042198198474e+01 2.510377065043998925e+02
3.500000000000000888e-01 8.345738582297306252e+00 2.016507085448887153e+02
3.600000000000000422e-01 6.630056251084210039e+00 1.602823507435511772e+02
3.700000000000000511e-01 5.140091567426281927e+00 1.352390623033066390e+02
3.800000000000000600e-01 3.925275005018077135e+00 1.208455408074347730e+02
3.900000000000000688e-01 2.723180751277586520e+00 1.044632056688530781e+02
4.000000000000000222e-01 1.836010891641014942e+00 8.145180430892128243e+01
4.100000000000000866e-01 1.094144665099160862e+00 6.946382552839639857e+01
4.200000000000000400e-01 4.467343810730869946e-01 5.976440500263005617e+01
4.300000000000000488e-01 -1.011434349534404142e-01 4.989230384413572494e+01
4.400000000000000577e-01 -5.511116958096275997e-01 3.904684781139456362e+01
4.500000000000000666e-01 -8.820803911813317466e-01 3.077221853770680937e+01
4.600000000000000200e-01 -1.166556066563763761e+00 2.194316013620557371e+01
4.700000000000000844e-01 -1.320943593905443247e+00 1.355694811390969612e+01
4.800000000000000933e-01 -1.437695028841957656e+00 8.956553878825566528e+00
4.900000000000000466e-01 -1.500074671481954613e+00 2.469602761400019997e+00
5.000000000000001110e-01 -1.487087084069958154e+00 -2.722339922797115896e+00
5.100000000000000089e-01 -1.445627873026012145e+00 -5.052105159294424830e+00
5.200000000000001288e-01 -1.386044980884069577e+00 -4.484785656439105317e+00
5.300000000000000266e-01 -1.355932159897230038e+00 -5.180840901125074893e+00
5.400000000000001465e-01 -1.282428162861568133e+00 -6.334654835881347701e+00
5.500000000000000444e-01 -1.229239063179603075e+00 -5.454465478853697036e+00
5.600000000000000533e-01 -1.173338853284494165e+00 -5.047148626112041292e+00
5.700000000000000622e-01 -1.128296090657362249e+00 -6.631762308503739156e+00
5.800000000000000711e-01 -1.040703607114419338e+00 -8.051266561229953211e+00
5.900000000000000799e-01 -9.672707594327633052e-01 -7.033313177952559059e+00
6.000000000000000888e-01 -9.000373435553681301e-01 -7.143850731399509435e+00
6.100000000000000977e-01 -8.243937448047731209e-01 -9.170205203563048357e+00
6.199999999999999956e-01 -7.166332394841070652e-01 -1.045214890091546600e+01
6.300000000000001155e-01 -6.153507667864637209e-01 -9.019763537824706745e+00
6.400000000000001243e-01 -5.362379687276129792e-01 -7.807256870428228801e+00
6.500000000000000222e-01 -4.592056293778991605e-01 -9.075663026501459285e+00
6.600000000000001421e-01 -3.547247081975837824e-01 -8.185115275795009637e+00
6.700000000000001510e-01 -2.955033238619989566e-01 -5.405099706391175651e+00
6.800000000000000488e-01 -2.466227140697602460e-01 -4.054717669193122376e+00
6.900000000000000577e-01 -2.144089704781364791e-01 -5.249684279124965158e+00
7.000000000000001776e-01 -1.416290284872609440e-01 -5.942174701504311152e+00
7.100000000000000755e-01 -9.556547644805023223e-02 -4.261986237626868679e+00
7.200000000000000844e-01 -5.638930373472354762e-02 -2.878999369570701461e+00
7.300000000000000933e-01 -3.798548905663618608e-02 -2.305185025483214467e+00
7.400000000000001021e-01 -1.028560322505925849e-02 -2.208133428987100189e+00
7.500000000000001110e-01 6.177179523105823071e-03 -1.346740883386236431e+00
7.600000000000001199e-01 1.664921444266546577e-02 -1.277202501114195865e+00
7.700000000000000178e-01 3.172122954538974388e-02 -1.885842817973018670e+00
7.800000000000001377e-01 5.436607080212584736e-02 -1.127914984857985248e+00
7.900000000000001465e-01 5.427952924254944578e-02 3.329025822859503214e-01
8.000000000000000444e-01 4.770801915640684315e-02 1.242839884620769109e+00
8.100000000000001643e-01 2.942273155013406388e-02 1.115231066508392210e+00
8.200000000000001732e-01 2.540339782623899506e-02 1.191535175311770001e+00
8.300000000000000711e-01 5.592028043898660504e-03 1.683855866100927301e+00
8.400000000000000799e-01 -8.273719495779558591e-03 1.994420843446940594e+00
8.500000000000001998e-01 -3.429638882504015135e-02 1.303307833801920168e+00
8.600000000000000977e-01 -3.433987617181796098e-02 3.388608608585154669e-01
8.700000000000001066e-01 -4.107360604221046291e-02 1.072082600220946036e+00
8.800000000000001155e-01 -5.578152817623688309e-02 1.866091709338042470e+00
8.900000000000001243e-01 -7.839544022897131093e-02 1.432670386869532075e+00
9.000000000000001332e-01 -8.443493591362752348e-02 2.936474744155945782e-01
9.100000000000001421e-01 -8.426838971728320415e-02 -7.149631714928884885e-02
9.200000000000000400e-01 -8.300500957064174679e-02 3.804314307204770956e-02
9.300000000000001599e-01 -8.502925257872416542e-02 3.153845057894272275e-01
9.400000000000001688e-01 -8.931269968643029689e-02 2.558336349526464382e-01
9.500000000000000666e-01 -9.014592527777709474e-02 -3.688428364682684590e-02
9.600000000000001865e-01 -8.857501401349375525e-02 -1.484229098221866439e-01
9.700000000000001954e-01 -8.717746708133336520e-02 -2.233969657347246729e-01
9.800000000000000933e-01 -8.410707469879927234e-02 -5.270552972635671463e-01
9.900000000000001021e-01 -7.663636113606202283e-02 -4.986830941942428930e-01
1.000000000000000222e+00 -7.413341281491440948e-02 -2.807737545385611821e-01
1.010000000000000231e+00 -7.102088604529079030e-02 -4.651225009781277397e-01
1.020000000000000018e+00 -6.483096279535185968e-02 -7.642648184153727486e-01
1.030000000000000027e+00 -5.573558967698333255e-02 -7.080286889160929409e-01
1.040000000000000258e+00 -5.067038901702999865e-02 -6.486606623319552956e-01
1.050000000000000266e+00 -4.276237643034423025e-02 -6.619758953075650654e-01
1.060000000000000053e+00 -3.743087111087869262e-02 -5.437262244912377529e-01
1.070000000000000062e+00 -3.188785194051947658e-02 -5.893262452899543646e-01
1.080000000000000293e+00 -2.564434620507960796e-02 -6.546483527546280712e-01
1.090000000000000080e+00 -1.879488488542691363e-02 -4.253752661810132896e-01
1.100000000000000089e+00 -1.713684088145933995e-02 -2.404666858505448979e-01
1.110000000000000098e+00 -1.398555116841601609e-02 -3.747056654852850555e-01
1.120000000000000107e+00 -9.642727571753637733e-03 -3.174333300698076177e-01
1.130000000000000115e+00 -7.636884567019862520e-03 -9.297822929094022582e-02
1.140000000000000124e+00 -7.783162985934833494e-03 -1.433574586625759040e-01
1.150000000000000133e+00 -4.769735393768344094e-03 -2.441501262743769607e-01
1.160000000000000142e+00 -2.900160460447294159e-03 -2.310564168068232060e-01
1.170000000000000151e+00 -1.486070576318799629e-04 -1.435362774526510732e-01
1.180000000000000160e+00 -2.943491139427249352e-05 -7.367055161023745510e-03
1.190000000000000169e+00 -1.265954411405038599e-06 -1.471745569713624364e-03
1.200000000000000178e+00 0.000000000000000000e+00 -1.265954411405038362e-04
