0.000000000000000000e+00 4.636202283487232307e+03 2.725656539834813429e+03
1.000000200000000262e-02 4.475576182091544069e+03 2.939956373887043810e+04
1.999999800000000494e-02 4.048211008708568443e+03 4.992965551263862289e+04
3.000000000000000583e-02 3.476983071838631986e+03 5.721615242356166709e+04
4.000000200000000672e-02 2.903887960238032520e+03 5.288617070735339075e+04
4.999999800000000383e-02 2.419259657692680321e+03 4.280315131293504237e+04
6.000000000000001166e-02 2.047824933980168453e+03 3.320303974087059760e+04
7.000000200000000561e-02 1.755198862877360398e+03 2.713525924097917596e+04
7.999999800000001660e-02 1.505119749158632203e+03 2.352189677531478810e+04
9.000000000000001055e-02 1.284760927370088211e+03 2.037737844114489417e+04
1.000000020000000045e-01 1.097572180338383987e+03 1.735521138393970614e+04
1.099999980000000155e-01 9.376566996907362181e+02 1.482656951427949389e+04
1.200000000000000233e-01 8.010407900491680948e+02 1.266634895413663980e+04
1.300000020000000311e-01 6.843297206088401481e+02 1.082087098255661476e+04
1.399999980000000144e-01 5.846233704011041254e+02 9.244277829789680254e+03
1.500000000000000222e-01 4.994441640105360989e+02 7.897393170302213548e+03
1.600000020000000300e-01 4.266755069939440546e+02 6.746748641126867369e+03
1.699999980000000133e-01 3.645091911886960361e+02 5.763752195818374275e+03
1.800000000000000211e-01 3.114004630756240317e+02 4.923977628611373802e+03
1.900000020000000289e-01 2.660296386166080538e+02 4.206557614441079750e+03
1.999999980000000122e-01 2.272693107905680279e+02 3.593665182559760069e+03
2.100000000000000200e-01 1.941563349645760184e+02 3.070070739072213655e+03
2.200000020000000278e-01 1.658678960080080174e+02 2.622763631025427003e+03
2.299999980000000388e-01 1.417010623439280153e+02 2.240628848282280160e+03
2.400000000000000466e-01 1.210553190419440170e+02 1.914170829724973373e+03
2.500000020000000545e-01 1.034176457495680239e+02 1.635277510668373452e+03
2.599999980000000654e-01 8.834976882662401465e+01 1.397018748471973367e+03
2.700000000000000733e-01 7.547727078236000864e+01 1.193474117300533408e+03
2.800000020000000256e-01 6.448028648200801172e+01 1.019585793119360005e+03
2.899999980000000366e-01 5.508555491913600832e+01 8.710328732379067560e+02
3.000000000000000444e-01 4.705962901878400828e+01 7.441240074013334151e+02
3.100000020000000522e-01 4.020307477250400296e+01 6.357056724326934045e+02
3.199999980000000632e-01 3.434551557068800776e+01 5.430838112196399834e+02
3.300000000000000711e-01 2.934139854685600213e+01 4.639568888538933606e+02
3.400000020000000789e-01 2.506637778998400279e+01 3.963558770214399942e+02
3.499999980000000344e-01 2.141428100726400174e+01 3.386186769385733442e+02
3.600000000000000422e-01 1.829400425135199981e+01 2.893153966752666975e+02
3.700000020000000500e-01 1.562797307445600126e+01 2.471309257447200025e+02
3.799999980000000610e-01 1.335138573896800196e+01 2.109081634591599936e+02
3.900000000000000688e-01 1.140980980234400022e+01 1.798061891573733533e+02
4.000000020000000767e-01 9.755261955960001785e+00 1.533939839232533302e+02
4.099999980000000321e-01 8.341930123600000968e+00 1.315987965600533300e+02
4.200000000000000400e-01 7.123286024480001366e+00 1.144720395786133338e+02
4.300000020000000478e-01 6.052489335096000289e+00 1.017840342235733431e+02
4.399999980000000588e-01 5.087605338056000903e+00 9.275242747269334131e+01
4.500000000000000666e-01 4.197440786200000495e+00 8.614506230151999944e+01
4.600000020000000744e-01 3.364704094536000500e+00 8.070090438703999780e+01
4.699999980000000854e-01 2.583422695112000067e+00 7.551217463781333095e+01
4.800000000000000933e-01 1.854460600664000314e+00 7.018856396960001121e+01
4.900000020000001011e-01 1.179651415720000207e+00 6.474973983924000720e+01
4.999999980000000566e-01 5.594658026240000304e-01 5.935816127649334106e+01
5.100000000000000089e-01 -7.511807160000001649e-03 5.409125397540000080e+01
5.200000020000000722e-01 -5.223592747920000612e-01 4.893780969729333918e+01
5.299999980000000832e-01 -9.862680026400000299e-01 4.391070075526666727e+01
5.400000000000001465e-01 -1.400573289200000016e+00 3.906182910448000456e+01
5.500000020000000989e-01 -1.767504583056000111e+00 3.444693108505333612e+01
5.599999980000001099e-01 -2.089511913272000143e+00 3.007854094985333404e+01
5.700000000000000622e-01 -2.369075404424000109e+00 2.590867492722667009e+01
5.800000020000000145e-01 -2.607685409864000103e+00 2.188490171628000169e+01
5.899999980000001365e-01 -2.806773439168000372e+00 1.804490546138666929e+01
6.000000000000000888e-01 -2.968583522160000321e+00 1.448213102581333445e+01
6.100000020000000411e-01 -3.096416056616000390e+00 1.126992621681333340e+01
6.199999980000001631e-01 -3.193982045520000312e+00 8.389247167880000688e+00
6.300000000000001155e-01 -3.264201000392000118e+00 5.756861329920000436e+00
6.400000020000000678e-01 -3.309119269608000291e+00 3.286403132799999849e+00
6.499999980000001898e-01 -3.329929063048000515e+00 9.650354299466666896e-01
6.600000000000001421e-01 -3.328419982112000408e+00 -1.142998529720000045e+00
6.700000020000000944e-01 -3.307069092872000571e+00 -2.963291794213333663e+00
6.799999980000001054e-01 -3.269154145112000087e+00 -4.488706612946666397e+00
6.900000000000000577e-01 -3.217294962984000417e+00 -5.772515375413333594e+00
7.000000020000000100e-01 -3.153703836488000345e+00 -6.883391133559999986e+00
7.099999980000001321e-01 -3.079627137384000513e+00 -7.861603855333333613e+00
7.200000000000000844e-01 -2.996471760776000526e+00 -8.704185787693333509e+00
7.300000020000000367e-01 -2.905543424280000231e+00 -9.399448815066667962e+00
7.399999980000001587e-01 -2.808482783080000100e+00 -9.964872392413333557e+00
7.500000000000001110e-01 -2.706245973224000512e+00 -1.042865932960000031e+01
7.600000020000000633e-01 -2.599909596488000574e+00 -1.080494898741333287e+01
7.699999980000001853e-01 -2.490146996544000402e+00 -1.111418059636000066e+01
7.800000000000001377e-01 -2.377625985816000487e+00 -1.138369850713333342e+01
7.900000020000000900e-01 -2.262473025704000218e+00 -1.161413649810666548e+01
7.999999980000002120e-01 -2.145343255296000340e+00 -1.176487140897333461e+01
8.100000000000001643e-01 -2.027175597664000239e+00 -1.180421996249333461e+01
8.200000020000001166e-01 -1.909258854512000170e+00 -1.174148519898666621e+01
8.299999980000001276e-01 -1.792345894800000394e+00 -1.159346663157333346e+01
8.400000000000000799e-01 -1.677389524112000263e+00 -1.135277280585333415e+01
8.500000020000000323e-01 -1.565290436312000155e+00 -1.101656814832000109e+01
8.599999980000001543e-01 -1.457058159472000236e+00 -1.060445462226666713e+01
8.700000000000001066e-01 -1.353201342472000190e+00 -1.014649198044000045e+01
8.800000020000000589e-01 -1.254128318608000114e+00 -9.670278207613334231e+00
8.899999980000001809e-01 -1.159795779296000084e+00 -9.196780875866666705e+00
9.000000000000001332e-01 -1.070192703880000096e+00 -8.726894880039999691e+00
9.100000020000000855e-01 -9.852578846240001020e-01 -8.253112701573334320e+00
9.199999980000002076e-01 -9.051304478960000566e-01 -7.771842641453333478e+00
9.300000000000001599e-01 -8.298210294240000451e-01 -7.274963799746667625e+00
9.400000020000001122e-01 -7.596311742720001092e-01 -6.743866588226667069e+00
9.499999980000002342e-01 -6.949436975200000699e-01 -6.179832858973333565e+00
9.600000000000001865e-01 -6.360345172319999962e-01 -5.617143295506667577e+00
9.700000020000001388e-01 -5.826008331440000187e-01 -5.094815071573333576e+00
9.799999980000001498e-01 -5.341382138480000874e-01 -4.627235010639999757e+00
9.900000000000001021e-01 -4.900561337680000573e-01 -4.212046788506667028e+00
1.000000002000000165e+00 -4.498972775200000274e-01 -3.838310514320000255e+00
1.009999998000000065e+00 -4.132899218080000048e-01 -3.491353639253333530e+00
1.020000000000000018e+00 -3.800702044560000381e-01 -3.161589866186667042e+00
1.030000002000000192e+00 -3.500581256000000474e-01 -2.855810838253333372e+00
1.039999998000000092e+00 -3.229539895040000608e-01 -2.590530782533333465e+00
1.050000000000000266e+00 -2.982475071600000360e-01 -2.378738927026666783e+00
1.060000002000000219e+00 -2.753792108240000203e-01 -2.219967451720000096e+00
1.069999998000000119e+00 -2.538481585440000021e-01 -2.100589159266666783e+00
1.080000000000000293e+00 -2.333674283360000212e-01 -2.003695529399999842e+00
1.090000002000000245e+00 -2.137742500480000196e-01 -1.908573509733333395e+00
1.099999998000000145e+00 -1.951959553520000445e-01 -1.818423121093333483e+00
1.110000000000000320e+00 -1.774057881840000184e-01 -1.801169867120000267e+00
1.120000002000000272e+00 -1.591725605200000337e-01 -1.949834283746666674e+00
1.129999998000000172e+00 -1.384091006960000148e-01 -2.276407784706666604e+00
1.140000000000000124e+00 -1.136444021760000256e-01 -2.665145595639999865e+00
1.150000002000000077e+00 -8.510618752800001852e-02 -2.912066105946666372e+00
1.159999998000000199e+00 -5.540308033600000598e-02 -2.793056409946666818e+00
1.170000000000000151e+00 -2.924505960800000484e-02 -2.219497421160000261e+00
1.180000002000000103e+00 -1.101313316800000240e-02 -1.355861105693333402e+00
1.189999998000000225e+00 -2.127840144000000058e-03 -5.744364642399999443e-01
1.200000000000000178e+00 4.755952800000000629e-04 5.374949101333333784e-02
