6         -4.42656       -2.89763        1.10231
5         -2.96117       -2.81182        1.07490
5         -2.55802       -4.14295        1.53569
5         -1.09638       -4.03045        1.49997
5         -0.68748       -5.36457        1.94129
5          0.77393       -5.26485        1.87652
5          1.17292       -6.61260        2.29221
5          2.63798       -6.54198        2.23340
5          3.02555       -7.88681        2.68821
5          4.49632       -7.82431        2.71561
5          4.89255       -9.15043        3.24150
5          6.37268       -9.09748        3.27346
5          6.83406      -10.44909        3.70539
5          8.31836      -10.43873        3.50430
5          8.87810      -11.79544        3.82661
17        10.36436      -11.86558        3.71802
18        11.00443      -10.85635        3.11883
19        10.45846      -10.11306        2.79459
13        10.99674      -12.85977        4.14738
11        -4.81403       -1.55052        0.65689 
11        -4.79809       -3.67979        0.42677
11        -4.79536       -3.12090        2.11279
10        -2.58246       -2.02624        1.74404
10        -2.58294       -2.60220        0.06446
10        -2.92439       -4.93465        0.86757
10        -2.92456       -4.35836        2.54873
10        -0.72576       -3.24665        2.17507
10        -0.72866       -3.80599        0.48864
10        -1.07320       -6.14874        1.27445
10        -1.04124       -5.58316        2.95845
10         1.15773       -4.49099        2.55554
10         1.12479       -5.02950        0.86229
10         0.77460       -7.38177        1.61611
10         0.81177       -6.83762        3.30590
10         3.02325       -5.75451        2.89606
10         2.99367       -6.33001        1.21638
10         2.65787       -8.65966        1.99997
10         2.61283       -8.10214        3.68369
10         4.84706       -7.01070        3.36502
10         4.89228       -7.63921        1.70780
10         4.52400       -9.94553        2.57963
10         4.47218       -9.32488        4.23999
10         6.71800       -8.31398        3.96045
10         6.75161       -8.84262        2.27371
10         6.36047      -11.22795        3.09362
10         6.55240      -10.62882        4.74942
10         8.76731       -9.65677        4.12974
10         8.52162      -10.18196        2.45582
10         8.43741      -12.53592        3.14822
10         8.58914      -12.05330        4.85306
