23 1 0 27
23 1 0 28
23 1 0 29
20 27 0 28
20 27 0 29
20 28 0 29
22 0 1 31
22 0 1 30
21 0 1 2
9 31 1 30
10 31 1 2
10 30 1 2
32 1 2 3
10 1 2 33
10 1 2 32
10 3 2 33
10 3 2 32
9 33 2 32
10 2 3 34
10 2 3 35
32 2 3 4
9 34 3 35
10 34 3 4
10 35 3 4
10 3 4 37
32 3 4 5
10 3 4 36
10 37 4 5
9 37 4 36
10 5 4 36
32 4 5 6
10 4 5 39
10 4 5 38
10 6 5 39
10 6 5 38
9 39 5 38
10 5 6 41
32 5 6 7
10 5 6 40
10 41 6 7
9 41 6 40
10 7 6 40
10 6 7 43
10 6 7 42
32 6 7 8
9 43 7 42
10 43 7 8
10 42 7 8
10 7 8 45
32 7 8 9
10 7 8 44
10 45 8 9
9 45 8 44
10 9 8 44
32 8 9 10
10 8 9 47
10 8 9 46
10 10 9 47
10 10 9 46
9 47 9 46
10 9 10 48
32 9 10 11
10 9 10 49
10 48 10 11
9 48 10 49
10 11 10 49
32 10 11 12
10 10 11 50
10 10 11 51
10 12 11 50
10 12 11 51
9 50 11 51
10 11 12 52
32 11 12 13
10 11 12 53
10 52 12 13
9 52 12 53
10 13 12 53
32 12 13 14
10 12 13 54
10 12 13 55
10 14 13 54
10 14 13 55
9 54 13 55
10 13 14 56
32 13 14 15
10 13 14 57
10 56 14 15
9 56 14 57
10 15 14 57
32 14 15 16
10 14 15 59
10 14 15 58
10 16 15 59
10 16 15 58
9 59 15 58
10 15 16 60
10 15 16 61
32 15 16 17
9 60 16 61
10 60 16 17
10 61 16 17
10 16 17 62
10 16 17 63
32 16 17 18
9 62 17 63
10 62 17 18
10 63 17 18
10 17 18 64
10 17 18 65
32 17 18 19
9 64 18 65
10 64 18 19
10 65 18 19
32 18 19 20
10 18 19 66
10 18 19 67
10 20 19 66
10 20 19 67
9 66 19 67
32 19 20 21
10 19 20 68
10 19 20 69
10 21 20 68
10 21 20 69
9 68 20 69
10 20 21 71
32 20 21 22
10 20 21 70
10 71 21 22
9 71 21 70
10 22 21 70
8 21 22 23
10 21 22 73
10 21 22 72
61 23 22 73
61 23 22 72
9 73 22 72
58 22 23 26
63 22 23 24
64 26 23 24
65 23 24 25
