12 27 0 1 31
12 27 0 1 30
12 27 0 1 2
12 28 0 1 31
12 28 0 1 30
12 28 0 1 2
12 29 0 1 31
12 29 0 1 30
12 29 0 1 2
11 0 1 2 3
4 0 1 2 33
4 0 1 2 32
4 31 1 2 3
4 31 1 2 33
4 31 1 2 32
4 30 1 2 3
4 30 1 2 33
4 30 1 2 32
4 1 2 3 34
4 1 2 3 35
10 1 2 3 4
4 33 2 3 34
4 33 2 3 35
4 33 2 3 4
4 32 2 3 34
4 32 2 3 35
4 32 2 3 4
4 2 3 4 37
10 2 3 4 5
4 2 3 4 36
4 34 3 4 37
4 34 3 4 5
4 34 3 4 36
4 35 3 4 37
4 35 3 4 5
4 35 3 4 36
10 3 4 5 6
4 3 4 5 39
4 3 4 5 38
4 37 4 5 6
4 37 4 5 39
4 37 4 5 38
4 36 4 5 6
4 36 4 5 39
4 36 4 5 38
4 4 5 6 41
10 4 5 6 7
4 4 5 6 40
4 39 5 6 41
4 39 5 6 7
4 39 5 6 40
4 38 5 6 41
4 38 5 6 7
4 38 5 6 40
4 5 6 7 43
4 5 6 7 42
10 5 6 7 8
4 41 6 7 43
4 41 6 7 42
4 41 6 7 8
4 40 6 7 43
4 40 6 7 42
4 40 6 7 8
4 6 7 8 45
10 6 7 8 9
4 6 7 8 44
4 43 7 8 45
4 43 7 8 9
4 43 7 8 44
4 42 7 8 45
4 42 7 8 9
4 42 7 8 44
10 7 8 9 10
4 7 8 9 47
4 7 8 9 46
4 45 8 9 10
4 45 8 9 47
4 45 8 9 46
4 44 8 9 10
4 44 8 9 47
4 44 8 9 46
4 8 9 10 48
10 8 9 10 11
4 8 9 10 49
4 47 9 10 48
4 47 9 10 11
4 47 9 10 49
4 46 9 10 48
4 46 9 10 11
4 46 9 10 49
10 9 10 11 12
4 9 10 11 50
4 9 10 11 51
4 48 10 11 12
4 48 10 11 50
4 48 10 11 51
4 49 10 11 12
4 49 10 11 50
4 49 10 11 51
4 10 11 12 52
10 10 11 12 13
4 10 11 12 53
4 50 11 12 52
4 50 11 12 13
4 50 11 12 53
4 51 11 12 52
4 51 11 12 13
4 51 11 12 53
10 11 12 13 14
4 11 12 13 54
4 11 12 13 55
4 52 12 13 14
4 52 12 13 54
4 52 12 13 55
4 53 12 13 14
4 53 12 13 54
4 53 12 13 55
4 12 13 14 56
10 12 13 14 15
4 12 13 14 57
4 54 13 14 56
4 54 13 14 15
4 54 13 14 57
4 55 13 14 56
4 55 13 14 15
4 55 13 14 57
10 13 14 15 16
4 13 14 15 59
4 13 14 15 58
4 56 14 15 16
4 56 14 15 59
4 56 14 15 58
4 57 14 15 16
4 57 14 15 59
4 57 14 15 58
4 14 15 16 60
4 14 15 16 61
10 14 15 16 17
4 59 15 16 60
4 59 15 16 61
4 59 15 16 17
4 58 15 16 60
4 58 15 16 61
4 58 15 16 17
4 15 16 17 62
4 15 16 17 63
10 15 16 17 18
4 60 16 17 62
4 60 16 17 63
4 60 16 17 18
4 61 16 17 62
4 61 16 17 63
4 61 16 17 18
4 16 17 18 64
4 16 17 18 65
10 16 17 18 19
4 62 17 18 64
4 62 17 18 65
4 62 17 18 19
4 63 17 18 64
4 63 17 18 65
4 63 17 18 19
10 17 18 19 20
4 17 18 19 66
4 17 18 19 67
4 64 18 19 20
4 64 18 19 66
4 64 18 19 67
4 65 18 19 20
4 65 18 19 66
4 65 18 19 67
10 18 19 20 21
4 18 19 20 68
4 18 19 20 69
4 66 19 20 21
4 66 19 20 68
4 66 19 20 69
4 67 19 20 21
4 67 19 20 68
4 67 19 20 69
4 19 20 21 71
10 19 20 21 22
4 19 20 21 70
4 68 20 21 71
4 68 20 21 22
4 68 20 21 70
4 69 20 21 71
4 69 20 21 22
4 69 20 21 70
4 20 21 22 23
4 20 21 22 73
4 20 21 22 72
4 71 21 22 23
4 71 21 22 73
4 71 21 22 72
4 70 21 22 23
4 70 21 22 73
4 70 21 22 72
43 21 22 23 26
4 21 22 23 24
42 73 22 23 26
40 73 22 23 24
42 72 22 23 26
40 72 22 23 24
63 22 23 24 25
64 26 23 24 25
22 0 1 2 3
23 0 1 2 3
24 0 1 2 3
19 1 2 3 4
20 1 2 3 4
21 1 2 3 4
19 2 3 4 5
20 2 3 4 5
21 2 3 4 5
19 3 4 5 6
20 3 4 5 6
21 3 4 5 6
19 4 5 6 7
20 4 5 6 7
21 4 5 6 7
19 5 6 7 8
20 5 6 7 8
21 5 6 7 8
19 6 7 8 9
20 6 7 8 9
21 6 7 8 9
19 7 8 9 10
20 7 8 9 10
21 7 8 9 10
19 8 9 10 11
20 8 9 10 11
21 8 9 10 11
19 9 10 11 12
20 9 10 11 12
21 9 10 11 12
19 10 11 12 13
20 10 11 12 13
21 10 11 12 13
19 11 12 13 14
20 11 12 13 14
21 11 12 13 14
19 12 13 14 15
20 12 13 14 15
21 12 13 14 15
19 13 14 15 16
20 13 14 15 16
21 13 14 15 16
19 14 15 16 17
20 14 15 16 17
21 14 15 16 17
19 15 16 17 18
20 15 16 17 18
21 15 16 17 18
19 16 17 18 19
20 16 17 18 19
21 16 17 18 19
19 17 18 19 20
20 17 18 19 20
21 17 18 19 20
19 18 19 20 21
20 18 19 20 21
21 18 19 20 21
19 19 20 21 22
20 19 20 21 22
21 19 20 21 22
66 20 21 22 23
67 20 21 22 23
68 20 21 22 23
