0.000000000000000000e+00 5.781452000000000879e+01 1.747865499999999983e+01
1.001999999999999974e-01 5.606665000000000987e+01 1.747865499999999983e+01
1.998000000000000331e-01 5.431879000000000701e+01 1.747865499999999983e+01
3.000000000000000444e-01 5.257092000000000098e+01 1.747865499999999983e+01
4.002000000000000002e-01 5.082305000000000206e+01 1.747865499999999983e+01
4.998000000000000220e-01 4.907518999999999920e+01 1.747865499999999983e+01
6.000000000000000888e-01 4.732732000000000028e+01 1.747865499999999983e+01
7.001999999999999336e-01 4.557946000000000453e+01 1.747865499999999983e+01
7.998000000000000664e-01 4.383159000000000560e+01 1.747865499999999983e+01
8.999999999999999112e-01 4.208373000000000275e+01 1.747865499999999983e+01
1.000199999999999978e+00 4.033586000000000382e+01 1.747865499999999983e+01
1.099799999999999889e+00 3.858800000000000097e+01 1.747865499999999983e+01
1.200000000000000178e+00 3.684013000000000204e+01 1.747865499999999983e+01
1.300200000000000022e+00 3.509226000000000312e+01 1.747865499999999983e+01
1.399799999999999933e+00 3.334440000000000026e+01 1.747865499999999983e+01
1.500000000000000000e+00 3.159653000000000134e+01 1.747865499999999983e+01
1.600200000000000067e+00 2.984866999999999848e+01 1.747865499999999983e+01
1.699799999999999978e+00 2.810079999999999956e+01 1.747865499999999983e+01
1.799999999999999822e+00 2.635294000000000381e+01 1.747865499999999983e+01
1.900199999999999889e+00 2.460507000000000133e+01 1.747865499999999983e+01
1.999800000000000022e+00 2.285721000000000203e+01 1.747865499999999983e+01
2.099999999999999645e+00 2.110934000000000310e+01 1.747865499999999983e+01
2.200200000000000156e+00 1.936147000000000062e+01 1.747865499999999983e+01
2.299799999999999844e+00 1.761361000000000132e+01 1.747865499999999983e+01
2.400000000000000355e+00 1.586574000000000062e+01 1.747865499999999983e+01
2.500199999999999978e+00 1.411787999999999954e+01 1.747865499999999983e+01
2.599800000000000111e+00 1.237001000000000062e+01 1.747865499999999983e+01
2.700000000000000178e+00 1.062215000000000131e+01 1.747865499999999983e+01
2.800200000000000244e+00 8.874280000000000612e+00 1.747865499999999983e+01
2.899799999999999933e+00 7.126420000000000421e+00 1.747865499999999983e+01
3.000000000000000000e+00 5.378550000000000608e+00 1.747865499999999983e+01
3.100200000000000067e+00 3.630680000000000351e+00 1.747865499999999983e+01
3.199799999999999756e+00 1.882819999999999938e+00 1.394020833333333265e+01
3.300000000000000266e+00 8.426399999999999446e-01 9.078329999999999345e+00
3.400199999999999889e+00 6.715000000000000135e-02 6.561976666666666347e+00
3.499800000000000466e+00 -4.697500000000000009e-01 4.640623333333333989e+00
3.599999999999999645e+00 -8.609700000000000131e-01 3.401049999999999685e+00
3.700200000000000156e+00 -1.149959999999999871e+00 2.350411666666666566e+00
3.799799999999999844e+00 -1.331050000000000066e+00 1.589291666666666769e+00
3.900000000000000355e+00 -1.467820000000000125e+00 1.070524999999999949e+00
4.000199999999999534e+00 -1.545160000000000089e+00 6.803983333333333272e-01
4.099800000000000111e+00 -1.603900000000000325e+00 4.356749999999999790e-01
4.199999999999999289e+00 -1.632290000000000241e+00 1.116999999999999937e-01
4.300200000000000244e+00 -1.626240000000000130e+00 -1.108983333333333349e-01
4.399799999999999933e+00 -1.610119999999999996e+00 -3.473649999999999793e-01
4.500000000000000000e+00 -1.556770000000000209e+00 -6.597250000000000059e-01
4.600200000000000067e+00 -1.478170000000000206e+00 -8.987583333333333258e-01
4.699799999999999756e+00 -1.377020000000000133e+00 -1.123273333333333346e+00
4.800000000000000711e+00 -1.253519999999999968e+00 -1.209921666666666562e+00
4.900199999999999889e+00 -1.135030000000000205e+00 -1.185586666666666567e+00
4.999800000000000466e+00 -1.016399999999999970e+00 -1.070036666666666747e+00
5.099999999999999645e+00 -9.210200000000000609e-01 -8.750300000000000855e-01
5.200200000000000600e+00 -8.413900000000000823e-01 -7.499350000000000183e-01
5.299799999999999400e+00 -7.710400000000000587e-01 -5.194100000000000383e-01
5.400000000000000355e+00 -7.375099999999999989e-01 -3.344249999999999723e-01
5.500199999999999534e+00 -7.041500000000000536e-01 -2.359549999999999981e-01
5.599800000000000111e+00 -6.903200000000000447e-01 -1.406649999999999845e-01
5.699999999999999289e+00 -6.760200000000000653e-01 -8.856666666666666854e-02
5.800200000000000244e+00 -6.726100000000000412e-01 -1.093266666666666553e-01
5.899799999999999933e+00 -6.541500000000000092e-01 -1.493566666666666654e-01
6.000000000000000000e+00 -6.427300000000000235e-01 -1.429149999999999865e-01
6.100199999999999179e+00 -6.255700000000000705e-01 -2.295733333333333237e-01
6.199800000000000644e+00 -5.968200000000000172e-01 -2.490683333333333360e-01
6.300000000000000711e+00 -5.757600000000000495e-01 -2.065400000000000014e-01
6.400199999999999889e+00 -5.555100000000000593e-01 -2.586116666666666841e-01
6.499799999999999578e+00 -5.240400000000000613e-01 -2.112933333333333330e-01
6.600000000000000533e+00 -5.132500000000000950e-01 -1.495266666666666688e-01
6.700200000000000600e+00 -4.941300000000000137e-01 -5.627499999999999863e-02
6.799799999999999400e+00 -5.020000000000000018e-01 -2.325833333333333225e-02
6.899999999999999467e+00 -4.894800000000000262e-01 -4.930333333333333790e-02
7.000200000000000422e+00 -4.921400000000000219e-01 -6.806666666666666594e-03
7.099800000000000111e+00 -4.881199999999999983e-01 -5.666999999999999815e-02
7.199999999999999289e+00 -4.808000000000000052e-01 -6.346333333333332993e-02
7.300199999999999356e+00 -4.754200000000000093e-01 -9.237000000000000766e-02
7.399800000000000821e+00 -4.623300000000000742e-01 -1.324483333333333346e-01
7.500000000000000000e+00 -4.489300000000000512e-01 -1.169000000000000039e-01
7.600199999999999179e+00 -4.389500000000000068e-01 -1.183533333333333382e-01
7.699800000000000644e+00 -4.252600000000000269e-01 -6.904000000000000414e-02
7.800000000000000711e+00 -4.251400000000000734e-01 -5.728500000000000258e-02
7.900199999999999889e+00 -4.138100000000000112e-01 -6.736333333333333062e-02
7.999799999999999578e+00 -4.116699999999999804e-01 -6.402333333333333487e-02
8.100000000000001421e+00 -4.010000000000000231e-01 -8.814999999999999225e-02
8.200200000000000600e+00 -3.940400000000000014e-01 -9.154333333333333766e-02
8.299799999999999400e+00 -3.826900000000000301e-01 -6.270000000000000573e-02
8.399999999999998579e+00 -3.815000000000000058e-01 1.841666666666666582e-03
8.500199999999999534e+00 -3.830600000000000116e-01 -4.435666666666666924e-02
8.599800000000000111e+00 -3.726300000000000168e-01 -1.424933333333333330e-01
8.699999999999999289e+00 -3.545599999999999863e-01 -1.498566666666666658e-01
8.800200000000000244e+00 -3.426600000000000201e-01 -1.472816666666666718e-01
8.899800000000000821e+00 -3.251100000000000101e-01 -1.919666666666666743e-01
9.000000000000000000e+00 -3.042600000000000304e-01 -2.100550000000000195e-01
9.100199999999999179e+00 -2.831000000000000183e-01 -2.171149999999999747e-01
9.199799999999999756e+00 -2.608400000000000163e-01 -2.374283333333333246e-01
9.300000000000000711e+00 -2.356100000000000139e-01 -2.204699999999999716e-01
9.400199999999999889e+00 -2.167499999999999982e-01 -2.170800000000000229e-01
9.499800000000000466e+00 -1.921899999999999997e-01 -2.486916666666666720e-01
9.600000000000001421e+00 -1.670099999999999918e-01 -2.757283333333333530e-01
9.700200000000000600e+00 -1.370500000000000052e-01 -2.513083333333333558e-01
9.799799999999999400e+00 -1.167500000000000066e-01 -2.311066666666666825e-01
9.899999999999998579e+00 -9.083000000000000795e-02 -2.156316666666666659e-01
1.000019999999999953e+01 -7.362000000000000488e-02 -1.886583333333333168e-01
1.009980000000000011e+01 -5.310000000000000830e-02 -2.023033333333333073e-01
1.019999999999999929e+01 -3.316000000000000197e-02 -2.018733333333333213e-01
1.030020000000000024e+01 -1.272000000000000214e-02 -1.745583333333333154e-01
1.039980000000000082e+01 1.750000000000000253e-03 -1.298983333333333379e-01
1.050000000000000000e+01 1.326000000000000095e-02 -6.927333333333332566e-02
1.060019999999999918e+01 1.560999999999999888e-02 -1.539333333333333352e-02
1.069979999999999976e+01 1.634000000000000036e-02 -4.299999999999999894e-04
1.080000000000000071e+01 1.569000000000000256e-02 4.139666666666666495e-02
1.090019999999999989e+01 8.060000000000001191e-03 5.040500000000000536e-02
1.099980000000000047e+01 5.610000000000000403e-03 -3.499999999999999964e-04
1.110000000000000142e+01 8.130000000000000074e-03 -4.095833333333333270e-02
1.120020000000000060e+01 1.380000000000000150e-02 -2.194000000000000117e-02
1.129979999999999940e+01 1.252000000000000161e-02 9.476666666666666225e-03
1.139999999999999858e+01 1.191000000000000045e-02 -4.478333333333333298e-03
1.150019999999999953e+01 1.341000000000000004e-02 4.761666666666666652e-03
1.159980000000000011e+01 1.096000000000000099e-02 4.511333333333333168e-02
1.169999999999999929e+01 4.390000000000000673e-03 5.170166666666666661e-02
1.180020000000000024e+01 6.199999999999999999e-04 2.168166666666666506e-02
1.189980000000000082e+01 5.000000000000000240e-05 3.078333333333333529e-03
1.200000000000000000e+01 0.000000000000000000e+00 5.299999999999999807e-04
