0.000000000000000000e+00 2.864738622622355251e+03 4.459777178162519704e+03
1.000000000000000056e-01 2.418760904806103099e+03 4.114974474101351007e+03
2.000000000000000111e-01 2.041743727802084777e+03 3.478500396809704398e+03
3.000000000000000444e-01 1.723060825444162219e+03 2.940116534545852119e+03
4.000000000000000222e-01 1.453720420892914262e+03 2.484733878560428820e+03
5.000000000000000000e-01 1.226114049732076410e+03 2.099582286802260569e+03
6.000000000000000888e-01 1.033803963532462149e+03 1.773854301362327533e+03
6.999999999999999556e-01 8.713431894596108123e+02 1.498403661971978181e+03
8.000000000000000444e-01 7.341232311380665578e+02 1.265490117470334098e+03
8.999999999999999112e-01 6.182451659655439471e+02 1.068563426514665025e+03
1.000000000000000000e+00 5.204105458351335756e+02 9.020805302181279330e+02
1.099999999999999867e+00 4.378290599219183719e+02 7.613508032512436330e+02
1.200000000000000178e+00 3.681403851848847921e+02 6.424050719604711048e+02
1.300000000000000044e+00 3.093480455298241623e+02 5.418847500142492208e+02
1.399999999999999911e+00 2.597634351820349252e+02 4.569480024155432147e+02
1.500000000000000000e+00 2.179584450467154966e+02 3.851903230229272594e+02
1.600000000000000089e+00 1.827253705774494961e+02 3.245773122059874822e+02
1.699999999999999956e+00 1.530429826055180058e+02 2.733877811052170728e+02
1.799999999999999822e+00 1.280478143564060645e+02 2.301655966344875424e+02
1.899999999999999911e+00 1.070098632786205002e+02 1.936789248661274314e+02
2.000000000000000000e+00 8.931202938318058671e+01 1.628857365550952636e+02
2.099999999999999645e+00 7.443271596760143893e+01 1.369046130293663737e+02
2.199999999999999734e+00 6.193110677730731339e+01 1.149900383569669202e+02
2.299999999999999822e+00 5.143470829620805773e+01 9.651148870862400031e+01
2.400000000000000355e+00 4.262880903558251333e+01 8.093573564995111269e+01
2.500000000000000000e+00 3.524756116621783519e+01 6.781186966525066850e+01
2.600000000000000089e+00 2.906643510253237750e+01 5.675862603074214974e+01
2.700000000000000178e+00 2.389583596006940525e+01 4.745365932970950951e+01
2.799999999999999822e+00 1.957570323659047418e+01 3.962446722300710178e+01
2.899999999999999911e+00 1.597094251546798205e+01 3.304071006841157043e+01
3.000000000000000000e+00 1.296756122290815938e+01 2.750771190208337913e+01
3.099999999999999645e+00 1.046940013505130729e+01 3.148695372753528332e+01
3.200000000000000178e+00 6.670170477401102360e+00 3.399752867666110490e+01
3.300000000000000266e+00 3.669894399719085598e+00 2.441241787024596377e+01
3.399999999999999911e+00 1.787686903351909384e+00 1.023192387833965711e+01
3.500000000000000000e+00 1.623509624051153954e+00 3.341526761995521344e+00
3.599999999999999645e+00 1.119381550952804893e+00 2.719867545465325165e+00
3.700000000000000178e+00 1.079536114958088877e+00 8.001393183121479069e-01
3.799999999999999822e+00 9.593536872903754009e-01 1.283536566202529094e+00
3.900000000000000355e+00 8.228288017175829916e-01 1.344890776150127198e+00
4.000000000000000000e+00 6.903755320603499612e-01 1.280013235470416344e+00
4.099999999999999645e+00 5.668261546234997228e-01 1.180583172677605930e+00
4.199999999999999289e+00 4.542588975248287309e-01 1.076070385031815402e+00
4.299999999999999822e+00 3.516120776171366424e-01 9.926945726846350126e-01
4.399999999999999467e+00 2.557199829879017172e-01 9.254202267718556474e-01
4.500000000000000000e+00 1.665280322627654963e-01 8.492710590572565277e-01
4.599999999999999645e+00 8.586577117645037560e-02 7.613185635596940726e-01
4.700000000000000178e+00 1.426431955082668041e-02 6.755768516653081202e-01
4.800000000000000711e+00 -4.924959915661126370e-02 6.027522319415422603e-01
4.900000000000000355e+00 -1.062861268374817869e-01 5.384564299441698676e-01
5.000000000000000000e+00 -1.569408851454452414e-01 4.687421938706177738e-01
5.099999999999999645e+00 -2.000345656116053472e-01 3.981011102136509106e-01
5.200000000000000178e+00 -2.365611071881754401e-01 3.447739471627371266e-01
5.299999999999999822e+00 -2.689893550441527781e-01 3.056407334173047996e-01
5.400000000000000355e+00 -2.976892538716364167e-01 2.613442624923847379e-01
5.500000000000000000e+00 -3.212582075426297368e-01 2.073622541443354006e-01
5.599999999999999645e+00 -3.391617047005034968e-01 1.554148913166468748e-01
5.699999999999999289e+00 -3.523411858059590784e-01 1.135042017596292752e-01
5.799999999999999822e+00 -3.618625450524293186e-01 8.013385866367972454e-02
5.899999999999999467e+00 -3.683679575386950567e-01 5.344452855978509831e-02
6.000000000000000000e+00 -3.725514507643863382e-01 3.057632992667125293e-02
6.099999999999999645e+00 -3.744832235240292961e-01 3.476888153173485208e-03
6.199999999999999289e+00 -3.732468283950210464e-01 -2.904294563703868626e-02
6.300000000000000711e+00 -3.686746343966215700e-01 -5.531877438437149408e-02
6.400000000000000355e+00 -3.621830735181467698e-01 -6.845583081536443792e-02
6.500000000000000000e+00 -3.549834682335486491e-01 -7.655560652348269990e-02
6.600000000000000533e+00 -3.468719522134502409e-01 -9.074547176021985351e-02
6.700000000000000178e+00 -3.368343738815047228e-01 -1.116244657855367528e-01
6.799999999999999822e+00 -3.245470590563428459e-01 -1.326337667671297904e-01
6.899999999999999467e+00 -3.103076205280787536e-01 -1.508456868419929542e-01
7.000000000000000000e+00 -2.943779216879442440e-01 -1.652648504833171827e-01
7.099999999999999645e+00 -2.772546504314152838e-01 -1.726608454673161930e-01
7.199999999999999289e+00 -2.598457525944810054e-01 -1.743066995659705576e-01
7.299999999999998934e+00 -2.423933105182211889e-01 -1.768200635879457749e-01
7.400000000000000355e+00 -2.244817398768918781e-01 -1.811465517866566177e-01
7.500000000000000000e+00 -2.061640001608898709e-01 -1.810149258714600640e-01
7.599999999999999645e+00 -1.882787547025998598e-01 -1.735345532622755149e-01
7.699999999999999289e+00 -1.714570895084347457e-01 -1.620683245827437835e-01
7.800000000000000711e+00 -1.558650897860510975e-01 -1.494481437938037782e-01
7.900000000000000355e+00 -1.415674607496739956e-01 -1.378091229749186519e-01
8.000000000000000000e+00 -1.283032651910673561e-01 -1.308920378731490697e-01
8.100000000000001421e+00 -1.153890531750441789e-01 -1.272790616255261575e-01
8.199999999999999289e+00 -1.028474528659621412e-01 -1.196372023294173248e-01
8.300000000000000711e+00 -9.146161270916071395e-02 -1.059043467938495797e-01
8.399999999999998579e+00 -8.166658350719221970e-02 -9.163276781575874219e-02
8.500000000000000000e+00 -7.313505914600897106e-02 -8.169987115693649882e-02
8.599999999999999645e+00 -6.532660927580491439e-02 -7.643295828567236994e-02
8.699999999999999289e+00 -5.784846748887449014e-02 -7.409438399306067513e-02
8.799999999999998934e+00 -5.050773247719278491e-02 -7.301207823713709577e-02
8.900000000000000355e+00 -4.324605184144707237e-02 -7.204718829624473520e-02
9.000000000000000000e+00 -3.609829481794383371e-02 -6.863340393458400301e-02
9.099999999999999645e+00 -2.951937105453027177e-02 -5.973387860414422490e-02
9.199999999999999289e+00 -2.415151909711498943e-02 -4.755848794292615034e-02
9.300000000000000711e+00 -2.000767346594503962e-02 -3.766312793511282508e-02
9.400000000000000355e+00 -1.661889351009242233e-02 -3.083380597015748792e-02
9.500000000000000000e+00 -1.384091227191354238e-02 -2.454861329283983956e-02
9.600000000000001421e+00 -1.170917085152445476e-02 -1.970203122034276666e-02
9.699999999999999289e+00 -9.900506027844988358e-03 -1.732834979413990645e-02
9.800000000000000711e+00 -8.243500892696473126e-03 -1.401081056423972293e-02
9.899999999999998579e+00 -7.098343914997043425e-03 -7.997046022566844936e-03
1.000000000000000000e+01 -6.644091688183104659e-03 -2.588828035167578534e-03
1.009999999999999964e+01 -6.580578307963528065e-03 3.813421527734742189e-04
1.019999999999999929e+01 -6.720360118737798982e-03 1.994607235401152368e-03
1.029999999999999893e+01 -6.979499755043758538e-03 2.307231211844160135e-03
1.040000000000000036e+01 -7.181806361106631356e-03 1.314630826966728394e-03
1.050000000000000000e+01 -7.242425920437104390e-03 3.673307658118435404e-04
1.059999999999999964e+01 -7.255272514268999891e-03 2.895268280753704460e-04
1.069999999999999929e+01 -7.300331286052178653e-03 3.492412693259297485e-04
1.080000000000000071e+01 -7.325120768134185667e-03 -3.895490461157183337e-04
1.090000000000000036e+01 -7.222421476829034293e-03 -1.882677669091586958e-03
1.100000000000000000e+01 -6.948585234315868969e-03 -3.283888428727080311e-03
1.109999999999999964e+01 -6.565643791083618230e-03 -4.038529759678274184e-03
1.119999999999999929e+01 -6.140879282380213959e-03 -4.552464754557273424e-03
1.130000000000000071e+01 -5.655150840172163892e-03 -5.389869844449883540e-03
1.139999999999999858e+01 -5.062905313490236731e-03 -6.436886072746395016e-03
1.150000000000000000e+01 -4.367773625622884369e-03 -7.454622747885875783e-03
1.159999999999999964e+01 -3.571980763913061921e-03 -2.016180636552518043e-02
1.169999999999999929e+01 -3.354123525178486723e-04 -1.751803461655482633e-02
1.179999999999999893e+01 -6.837384060209599141e-05 -1.595867531311337970e-03
1.190000000000000036e+01 -1.623884625558097400e-05 -3.418692030104799706e-04
1.200000000000000000e+01 0.000000000000000000e+00 -1.623884625558097536e-04
