0.000000000000000000e+00 3.668006183602610548e+01 1.012369309859002442e+01
1.000000000000000056e-01 3.566769252616710872e+01 1.012369309858996758e+01
2.000000000000000111e-01 3.465532321630811197e+01 1.012369309858996758e+01
3.000000000000000444e-01 3.364295390644911521e+01 1.012369309858999600e+01
4.000000000000000222e-01 3.263058459659011845e+01 1.012369309858996758e+01
5.000000000000000000e-01 3.161821528673111814e+01 1.012369309858996758e+01
6.000000000000000888e-01 3.060584597687212138e+01 1.012369309858999600e+01
6.999999999999999556e-01 2.959347666701312107e+01 1.012369309858996758e+01
8.000000000000000444e-01 2.858110735715412787e+01 1.012369309858996758e+01
8.999999999999999112e-01 2.756873804729512756e+01 1.012369309858999600e+01
1.000000000000000000e+00 2.655636873743613080e+01 1.012369309858998179e+01
1.099999999999999867e+00 2.554399942757713049e+01 1.012369309858998179e+01
1.200000000000000178e+00 2.453163011771813373e+01 1.012369309858996758e+01
1.300000000000000044e+00 2.351926080785913697e+01 1.012369309858998179e+01
1.399999999999999911e+00 2.250689149800013666e+01 1.012369309858998179e+01
1.500000000000000000e+00 2.149452218814113991e+01 1.012369309858996758e+01
1.600000000000000089e+00 2.048215287828214315e+01 1.012369309858996758e+01
1.699999999999999956e+00 1.946978356842314639e+01 1.012369309858998179e+01
1.799999999999999822e+00 1.845741425856414608e+01 1.012369309858998179e+01
1.899999999999999911e+00 1.744504494870514932e+01 1.012369309858996758e+01
2.000000000000000000e+00 1.643267563884615257e+01 1.012369309858998179e+01
2.099999999999999645e+00 1.542030632898715226e+01 1.012369309858998179e+01
2.199999999999999734e+00 1.440793701912815550e+01 1.012369309858998179e+01
2.299999999999999822e+00 1.339556770926915696e+01 1.012369309858999600e+01
2.400000000000000355e+00 1.238319839941015665e+01 1.012369309858998179e+01
2.500000000000000000e+00 1.137082908955115990e+01 1.012369309858998179e+01
2.600000000000000089e+00 1.035845977969216136e+01 1.012369309858998179e+01
2.700000000000000178e+00 9.346090469833162828e+00 1.012369309858997468e+01
2.799999999999999822e+00 8.333721159974166071e+00 1.012369309858998179e+01
2.899999999999999911e+00 7.321351850115167537e+00 1.012369309858997468e+01
3.000000000000000000e+00 6.308982540256170779e+00 1.012369309858995692e+01
3.099999999999999645e+00 5.296613230397175798e+00 1.012369309858997823e+01
3.200000000000000178e+00 4.284243920538174599e+00 1.012369309859001021e+01
3.300000000000000266e+00 3.271874610679173401e+00 1.012369309858997646e+01
3.399999999999999911e+00 2.259505300820179308e+00 7.619311349709645853e+00
3.500000000000000000e+00 1.748012340737244319e+00 4.501170217827151099e+00
3.599999999999999645e+00 1.359271257254748955e+00 3.514559463905636782e+00
3.700000000000000178e+00 1.045100447956117007e+00 2.848415496767239485e+00
3.799999999999999822e+00 7.895881579013011020e-01 2.337475482250486181e+00
3.900000000000000355e+00 5.776053515060196597e-01 1.947986236984694974e+00
4.000000000000000000e+00 3.999909105043620294e-01 1.633818643729856523e+00
4.099999999999999645e+00 2.508416227600483439e-01 1.364980958221492902e+00
4.199999999999999289e+00 1.269947188600634713e-01 1.130268615028306112e+00
4.299999999999999822e+00 2.478789975438710005e-02 9.312891312321833759e-01
4.399999999999999467e+00 -5.926310738637322051e-02 7.614378776821546513e-01
4.500000000000000000e+00 -1.274996757820438253e-01 6.122304275287794306e-01
4.599999999999999645e+00 -1.817091928921291122e-01 4.800810764749632309e-01
4.700000000000000178e+00 -2.235158910770364826e-01 3.653071468806898814e-01
4.800000000000000711e+00 -2.547706222682670774e-01 2.690088680554958422e-01
4.900000000000000355e+00 -2.773176646881356233e-01 1.945619061014787210e-01
5.000000000000000000e+00 -2.936830034885628549e-01 1.393586777295798829e-01
5.099999999999999645e+00 -3.051894002340516110e-01 9.614596676270581455e-02
5.200000000000000178e+00 -3.129121968411039956e-01 5.935045388344395434e-02
5.299999999999999822e+00 -3.170594910107404352e-01 2.529016542409912027e-02
5.400000000000000355e+00 -3.179702299259238307e-01 -8.855600627435844530e-03
5.500000000000000000e+00 -3.152883708852532441e-01 -4.226660719471109218e-02
5.599999999999999645e+00 -3.095169084869816012e-01 -7.014750877600328671e-02
5.699999999999999289e+00 -3.012588691300526200e-01 -8.908429027167441561e-02
5.799999999999999822e+00 -2.917000504326467403e-01 -1.005078216442893968e-01
5.899999999999999467e+00 -2.811573048011947185e-01 -1.081340911940920080e-01
6.000000000000000000e+00 -2.700732321938283387e-01 -1.130786448511642561e-01
6.099999999999999645e+00 -2.585415758309618783e-01 -1.159580615612352261e-01
6.199999999999999289e+00 -2.468816198815812768e-01 -1.177308698580592505e-01
6.300000000000000711e+00 -2.349954018593500005e-01 -1.188468219623268762e-01
6.400000000000000355e+00 -2.231122554891158960e-01 -1.180071652489027567e-01
6.500000000000000000e+00 -2.113939688095694547e-01 -1.151899667439402197e-01
6.600000000000000533e+00 -2.000742621403278632e-01 -1.122132938287162540e-01
6.700000000000000178e+00 -1.889513100438262039e-01 -1.110051385463595164e-01
6.799999999999999822e+00 -1.778732344310559599e-01 -1.105064753516290521e-01
6.899999999999999467e+00 -1.668500149735003824e-01 -1.079627971453944735e-01
7.000000000000000000e+00 -1.562806750019770652e-01 -1.011521547154977663e-01
7.099999999999999645e+00 -1.466195840304008458e-01 -9.107664425192973923e-02
7.199999999999999289e+00 -1.380653461515911062e-01 -8.069716948015970281e-02
7.299999999999998934e+00 -1.304801501343688941e-01 -7.200569615791785338e-02
7.400000000000000355e+00 -1.236642069200075272e-01 -6.480144646128194186e-02
7.500000000000000000e+00 -1.175198608421125085e-01 -5.907047765315376342e-02
7.599999999999999645e+00 -1.118501113893767829e-01 -5.538463035788332434e-02
7.699999999999999289e+00 -1.064429347705358464e-01 -5.277192765612703784e-02
7.800000000000000711e+00 -1.012957258581513725e-01 -4.899184082248725369e-02
7.900000000000000355e+00 -9.664456660603838734e-02 -4.410760668946273055e-02
8.000000000000000000e+00 -9.247420452025882642e-02 -3.996649972125787542e-02
8.100000000000001421e+00 -8.865126666178681225e-02 -3.715977909343021190e-02
8.199999999999999289e+00 -8.504224870157278682e-02 -3.481796752601895584e-02
8.300000000000000711e+00 -8.168767315658302663e-02 -3.315629325413166351e-02
8.399999999999998579e+00 -7.841099005074644857e-02 -3.321526120773099500e-02
8.500000000000000000e+00 -7.504462091503683041e-02 -3.418658807971419744e-02
8.599999999999999645e+00 -7.157367243480360075e-02 -3.424603725253994035e-02
8.699999999999999289e+00 -6.819541346452882846e-02 -3.309801590767813551e-02
8.799999999999998934e+00 -6.495406925326797920e-02 -3.169421897021029721e-02
8.900000000000000355e+00 -6.185656967048677735e-02 -3.108646220077232458e-02
9.000000000000000000e+00 -5.873677681311351151e-02 -3.163675666265669539e-02
9.099999999999999645e+00 -5.552921833795543272e-02 -3.284327172548434648e-02
9.199999999999999289e+00 -5.216812246801664360e-02 -3.399547334439767532e-02
9.300000000000000711e+00 -4.873012366907589904e-02 -3.460898408236187662e-02
9.400000000000000355e+00 -4.524632565154426689e-02 -3.449122467548162985e-02
9.500000000000000000e+00 -4.183187873397957446e-02 -3.329228910066073244e-02
9.600000000000001421e+00 -3.858786783141212456e-02 -3.110674298023430318e-02
9.699999999999999289e+00 -3.561053013793271521e-02 -2.845923949260237285e-02
9.800000000000000711e+00 -3.289601993289164444e-02 -2.575696220194870212e-02
9.899999999999998579e+00 -3.045913769754297201e-02 -2.328067788029700158e-02
1.000000000000000000e+01 -2.823988435683224760e-02 -2.140231945184428719e-02
1.009999999999999964e+01 -2.617867380717411527e-02 -2.034677664669379271e-02
1.019999999999999929e+01 -2.417052902749348975e-02 -1.994537643050410536e-02
1.029999999999999893e+01 -2.218959852107329350e-02 -1.978175674231764936e-02
1.040000000000000036e+01 -2.021417767902995710e-02 -1.964741989941684586e-02
1.050000000000000000e+01 -1.826011454118992364e-02 -1.932892957608667306e-02
1.059999999999999964e+01 -1.634839176381262457e-02 -1.861675997412030881e-02
1.069999999999999929e+01 -1.453676254636586222e-02 -1.754944012560545608e-02
1.080000000000000071e+01 -1.283850373869153266e-02 -1.638363397128420051e-02
1.090000000000000036e+01 -1.126003575210902247e-02 -1.529093791968711563e-02
1.100000000000000000e+01 -9.780316154754109537e-03 -1.434508385398759051e-02
1.109999999999999964e+01 -8.391018981311502631e-03 -1.346515194771536611e-02
1.119999999999999929e+01 -7.087285765211035621e-03 -1.253900177444573771e-02
1.130000000000000071e+01 -5.883218626422355782e-03 -1.149198166531338952e-02
1.139999999999999858e+01 -4.788889432148357196e-03 -1.038537091937999715e-02
1.150000000000000000e+01 -3.806144442546356352e-03 -9.380307443164637854e-03
1.159999999999999964e+01 -2.912827943515430059e-03 -1.456985459469091644e-02
1.169999999999999929e+01 -8.921735236081722396e-04 -1.408218110121528879e-02
1.179999999999999893e+01 -9.639172327237205374e-05 -4.425163656229943836e-03
1.190000000000000036e+01 -7.140792362183371117e-06 -4.819586163618602551e-04
1.200000000000000000e+01 0.000000000000000000e+00 -7.140792362183370778e-05
