0.000000000000000000e+00 3.580194016688870562e+01 1.174105497475591164e+01
1.000000000000000056e-01 3.462783466941311161e+01 1.174105497475594007e+01
2.000000000000000111e-01 3.345372917193751761e+01 1.174105497475594007e+01
3.000000000000000444e-01 3.227962367446192360e+01 1.174105497475594007e+01
4.000000000000000222e-01 3.110551817698632959e+01 1.174105497475594007e+01
5.000000000000000000e-01 2.993141267951073914e+01 1.174105497475594007e+01
6.000000000000000888e-01 2.875730718203514158e+01 1.174105497475596849e+01
6.999999999999999556e-01 2.758320168455954402e+01 1.174105497475594007e+01
8.000000000000000444e-01 2.640909618708395357e+01 1.174105497475594007e+01
8.999999999999999112e-01 2.523499068960835601e+01 1.174105497475594007e+01
1.000000000000000000e+00 2.406088519213276555e+01 1.174105497475594007e+01
1.099999999999999867e+00 2.288677969465716799e+01 1.174105497475595428e+01
1.200000000000000178e+00 2.171267419718157399e+01 1.174105497475594007e+01
1.300000000000000044e+00 2.053856869970597998e+01 1.174105497475594007e+01
1.399999999999999911e+00 1.936446320223038597e+01 1.174105497475594007e+01
1.500000000000000000e+00 1.819035770475479197e+01 1.174105497475594007e+01
1.600000000000000089e+00 1.701625220727919796e+01 1.174105497475594007e+01
1.699999999999999956e+00 1.584214670980360395e+01 1.174105497475594007e+01
1.799999999999999822e+00 1.466804121232800995e+01 1.174105497475594007e+01
1.899999999999999911e+00 1.349393571485241594e+01 1.174105497475594007e+01
2.000000000000000000e+00 1.231983021737682193e+01 1.174105497475594007e+01
2.099999999999999645e+00 1.114572471990122793e+01 1.174105497475594007e+01
2.199999999999999734e+00 9.971619222425633922e+00 1.174105497475593296e+01
2.299999999999999822e+00 8.797513724950041691e+00 1.174105497475595428e+01
2.400000000000000355e+00 7.623408227474442356e+00 1.174105497475596138e+01
2.500000000000000000e+00 6.449302729998848349e+00 1.174105497475594007e+01
2.600000000000000089e+00 5.275197232523254343e+00 1.174105497475594007e+01
2.700000000000000178e+00 4.101091735047660336e+00 1.174105497475593829e+01
2.799999999999999822e+00 2.926986237572066774e+00 1.174105497475593829e+01
2.899999999999999911e+00 1.752880740096472767e+00 8.945411313545037046e+00
3.000000000000000000e+00 1.137903974863059497e+00 4.982728703246126045e+00
3.099999999999999645e+00 7.563349994472475801e-01 3.118525251396944142e+00
3.200000000000000178e+00 5.141989245836706690e-01 1.942522208759942304e+00
3.300000000000000266e+00 3.678305576952591305e-01 1.130931706354027844e+00
3.399999999999999911e+00 2.880125833128650559e-01 6.016056017747339890e-01
3.500000000000000000e+00 2.475094373403123049e-01 3.443367980961191677e-01
3.599999999999999645e+00 2.191452236936412279e-01 3.243592877154259924e-01
3.700000000000000178e+00 1.826375797972271120e-01 4.381709464055197900e-01
3.799999999999999822e+00 1.315110344125372810e-01 5.600046792119584005e-01
3.900000000000000355e+00 7.063664395483541802e-02 6.190070264814364620e-01
4.000000000000000000e+00 7.709629116249961008e-03 6.044253014486565823e-01
4.099999999999999645e+00 -5.024841633489589982e-02 5.239589179834813759e-01
4.199999999999999289e+00 -9.708215448044631157e-02 3.964155645602683853e-01
4.299999999999999822e+00 -1.295315292469495783e-01 2.541847463852826561e-01
4.399999999999999467e+00 -1.479191037575028345e-01 1.309568216138136121e-01
4.500000000000000000e+00 -1.557228935697123062e-01 5.742988191482478744e-02
4.599999999999999645e+00 -1.594050801404678086e-01 5.082000566270616915e-02
4.700000000000000178e+00 -1.658868947022535401e-01 1.054776425025070186e-01
4.800000000000000711e+00 -1.805006086409692012e-01 1.926134282122932140e-01
4.900000000000000355e+00 -2.044095803447121829e-01 2.714369468261697005e-01
5.000000000000000000e+00 -2.347879980062031469e-01 2.996059889187383529e-01
5.099999999999999645e+00 -2.643307781284598423e-01 2.539878430716882018e-01
5.200000000000000178e+00 -2.855855666205407983e-01 1.392100473398145688e-01
5.299999999999999822e+00 -2.921727875964227894e-01 -2.632795325821812860e-02
5.400000000000000355e+00 -2.803199759688971837e-01 -2.178903580888844616e-01
5.500000000000000000e+00 -2.485947159786458804e-01 -4.017861453875155586e-01
5.599999999999999645e+00 -1.999627468913940387e-01 -5.361493513942583444e-01
5.699999999999999289e+00 -1.413648456997942116e-01 -5.808787058059796671e-01
5.799999999999999822e+00 -8.378700573019810804e-02 -5.216130487219883261e-01
5.899999999999999467e+00 -3.704223595539653247e-02 -3.902423865842900019e-01
6.000000000000000000e+00 -5.738528413340108353e-03 -2.486279039017628145e-01
6.099999999999999645e+00 1.268334482495603321e-02 -1.457692817212396519e-01
6.199999999999999289e+00 2.341532793090782619e-02 -8.781110809677789009e-02
6.300000000000000711e+00 3.024556644431161331e-02 -5.823930932609944211e-02
6.400000000000000355e+00 3.506318979612771392e-02 -4.207060008346152902e-02
6.500000000000000000e+00 3.865968646100392120e-02 -2.908832789516818673e-02
6.600000000000000533e+00 4.088085537516135404e-02 -1.193780146818462784e-02
6.700000000000000178e+00 4.104724675464084538e-02 9.984558646055352593e-03
6.799999999999999822e+00 3.888394364595028352e-02 3.338828311001634797e-02
6.899999999999999467e+00 3.436959013263757301e-02 5.532650518168041875e-02
7.000000000000000000e+00 2.781864260961419699e-02 7.512104802151356453e-02
7.099999999999999645e+00 1.934538052833486080e-02 9.239392850765990040e-02
7.199999999999999289e+00 9.339856908082217607e-03 1.055623761820141115e-01
7.299999999999998934e+00 -1.767094708067961338e-03 1.105451124842995736e-01
7.400000000000000355e+00 -1.276916558877769919e-02 1.027299504729131396e-01
7.500000000000000000e+00 -2.231308480265059221e-02 8.113641341856941969e-02
7.599999999999999645e+00 -2.899644827249158244e-02 4.925951234528838651e-02
7.699999999999999289e+00 -3.216498727170826605e-02 1.237665542370647298e-02
7.800000000000000711e+00 -3.147177935723288050e-02 -2.489360559112907545e-02
7.900000000000000355e+00 -2.718626615348245304e-02 -5.799428254997246457e-02
8.000000000000000000e+00 -1.987292284723838481e-02 -8.153033314244617635e-02
8.100000000000001421e+00 -1.088019952499321742e-02 -9.279103002492364305e-02
8.199999999999999289e+00 -1.314716842253656421e-03 -9.398206231780079078e-02
8.300000000000000711e+00 7.916212938566940041e-03 -8.830972458618502330e-02
8.399999999999998579e+00 1.634722807498334776e-02 -7.638085556534479625e-02
8.500000000000000000e+00 2.319238405163590033e-02 -5.852347026419292553e-02
8.599999999999999645e+00 2.805192212782193356e-02 -3.717593702363337915e-02
8.699999999999999289e+00 3.062757145636257547e-02 -1.500144725202931517e-02
8.799999999999998934e+00 3.105221157822779521e-02 4.491333537321423597e-03
8.900000000000000355e+00 2.972930474889828867e-02 1.779216054977802997e-02
9.000000000000000000e+00 2.749377946827219130e-02 2.446507956198434863e-02
9.099999999999999645e+00 2.483628883650142172e-02 2.761558122445553765e-02
9.199999999999999289e+00 2.197066322338108238e-02 2.898663313477994885e-02
9.300000000000000711e+00 1.903896220954542917e-02 2.861168616545187171e-02
9.400000000000000355e+00 1.624832599029070804e-02 2.620038484063190454e-02
9.500000000000000000e+00 1.379888524141904826e-02 2.144338149118158593e-02
9.600000000000001421e+00 1.195964969205439050e-02 1.412140200166775439e-02
9.699999999999999289e+00 1.097460484108549877e-02 5.625838227322849106e-03
9.800000000000000711e+00 1.083448204658982172e-02 -1.797272992209116016e-03
9.899999999999998579e+00 1.133405943952732128e-02 -6.917389945231930404e-03
1.000000000000000000e+01 1.221796003563620746e-02 -1.001402007889472950e-02
1.009999999999999964e+01 1.333686345530626753e-02 -1.175794407106702660e-02
1.019999999999999929e+01 1.456954884984961243e-02 -1.264712051579641727e-02
1.029999999999999893e+01 1.586628755846555133e-02 -1.261024257798071257e-02
1.040000000000000036e+01 1.709159736544575356e-02 -1.016555348600219066e-02
1.050000000000000000e+01 1.789939825566598877e-02 -4.157731756649074573e-03
1.059999999999999964e+01 1.792314371677556847e-02 4.474647273953039073e-03
1.069999999999999929e+01 1.700446880087538165e-02 1.350555408291682913e-02
1.080000000000000071e+01 1.522203290019220369e-02 2.141402411625002722e-02
1.090000000000000036e+01 1.272166397762537586e-02 2.731495084793141015e-02
1.100000000000000000e+01 9.759042730605922006e-03 3.045255612611246637e-02
1.109999999999999964e+01 6.631152752402881718e-03 3.052894687784908634e-02
1.119999999999999929e+01 3.653253355036104218e-03 2.787148340905459820e-02
1.130000000000000071e+01 1.056856070591962295e-03 2.309851120645700293e-02
1.139999999999999858e+01 -9.664488862552964325e-04 1.676237967340633156e-02
1.150000000000000000e+01 -2.295619864089304494e-03 9.493613216746434741e-03
1.159999999999999964e+01 -2.865171529604583836e-03 -3.541367139875333664e-03
1.169999999999999929e+01 -1.587346436114237718e-03 -1.269244286491110971e-02
1.179999999999999893e+01 -3.266829566223614176e-04 -7.786285617977579260e-03
1.190000000000000036e+01 -3.008931251872182448e-05 -1.633414783111807088e-03
1.200000000000000000e+01 0.000000000000000000e+00 -3.008931251872182244e-04
