0.000000000000000000e+00 4.220059817183472006e+01 1.159665224034745279e+01
1.000000000000000056e-01 4.104093294779997336e+01 1.159665224034742437e+01
2.000000000000000111e-01 3.988126772376523377e+01 1.159665224034742437e+01
3.000000000000000444e-01 3.872160249973049417e+01 1.159665224034742437e+01
4.000000000000000222e-01 3.756193727569574747e+01 1.159665224034739595e+01
5.000000000000000000e-01 3.640227205166100788e+01 1.159665224034742437e+01
6.000000000000000888e-01 3.524260682762626828e+01 1.159665224034745279e+01
6.999999999999999556e-01 3.408294160359152158e+01 1.159665224034742437e+01
8.000000000000000444e-01 3.292327637955678199e+01 1.159665224034742437e+01
8.999999999999999112e-01 3.176361115552203529e+01 1.159665224034742437e+01
1.000000000000000000e+00 3.060394593148729570e+01 1.159665224034742437e+01
1.099999999999999867e+00 2.944428070745254900e+01 1.159665224034745279e+01
1.200000000000000178e+00 2.828461548341780585e+01 1.159665224034742437e+01
1.300000000000000044e+00 2.712495025938306625e+01 1.159665224034739595e+01
1.399999999999999911e+00 2.596528503534832666e+01 1.159665224034742437e+01
1.500000000000000000e+00 2.480561981131357996e+01 1.159665224034743858e+01
1.600000000000000089e+00 2.364595458727883681e+01 1.159665224034742437e+01
1.699999999999999956e+00 2.248628936324409722e+01 1.159665224034742437e+01
1.799999999999999822e+00 2.132662413920935407e+01 1.159665224034742437e+01
1.899999999999999911e+00 2.016695891517461092e+01 1.159665224034742437e+01
2.000000000000000000e+00 1.900729369113986778e+01 1.159665224034742437e+01
2.099999999999999645e+00 1.784762846710512463e+01 1.159665224034742437e+01
2.199999999999999734e+00 1.668796324307038148e+01 1.159665224034741016e+01
2.299999999999999822e+00 1.552829801903564366e+01 1.159665224034743858e+01
2.400000000000000355e+00 1.436863279500089519e+01 1.159665224034745279e+01
2.500000000000000000e+00 1.320896757096615204e+01 1.159665224034741016e+01
2.600000000000000089e+00 1.204930234693141244e+01 1.159665224034741016e+01
2.700000000000000178e+00 1.088963712289667107e+01 1.159665224034742437e+01
2.799999999999999822e+00 9.729971898861927926e+00 1.159665224034742437e+01
2.899999999999999911e+00 8.570306674827184779e+00 1.159665224034742437e+01
3.000000000000000000e+00 7.410641450792443408e+00 1.159665224034740305e+01
3.099999999999999645e+00 6.250976226757704701e+00 1.159665224034742081e+01
3.200000000000000178e+00 5.091311002722958889e+00 1.159665224034745989e+01
3.300000000000000266e+00 3.931645778688212634e+00 1.159665224034742259e+01
3.399999999999999911e+00 2.771980554653474371e+00 1.159665224034742259e+01
3.500000000000000000e+00 1.612315330618728115e+00 7.635261220386603931e+00
3.599999999999999645e+00 1.244928310576153274e+00 3.144615671865997442e+00
3.700000000000000178e+00 9.833921962455285382e-01 2.336819294886205878e+00
3.799999999999999822e+00 7.775644515989120764e-01 1.871307393907003735e+00
3.900000000000000355e+00 6.091307174641278355e-01 1.530472100752216402e+00
4.000000000000000000e+00 4.714700314484687738e-01 1.248033531131869101e+00
4.099999999999999645e+00 3.595240112377540154e-01 1.012370780838676598e+00
4.199999999999999289e+00 2.689958752807334874e-01 8.182935583521550038e-01
4.299999999999999822e+00 1.958652995673229869e-01 6.589090139165706406e-01
4.399999999999999467e+00 1.372140724974193204e-01 5.263709467345532023e-01
4.500000000000000000e+00 9.059111022041232975e-02 4.160887044034874971e-01
4.599999999999999645e+00 5.399633161672182796e-02 3.249562683073676794e-01
4.700000000000000178e+00 2.559985655893880219e-02 2.486044842131588384e-01
4.800000000000000711e+00 4.275434774090056643e-03 1.827028604164691317e-01
4.900000000000000355e+00 -1.094071552435502831e-02 1.245993285357624020e-01
5.000000000000000000e+00 -2.064443093306242427e-02 7.309471030938136105e-02
5.099999999999999645e+00 -2.555965758623129913e-02 2.819767052346824898e-02
5.200000000000000178e+00 -2.628396503775607546e-02 -9.437478058350504129e-03
5.299999999999999822e+00 -2.367216197456119969e-02 -3.857858321816323710e-02
5.400000000000000355e+00 -1.856824839412342734e-02 -5.801015016217637987e-02
5.500000000000000000e+00 -1.207013194212592372e-02 -6.758723565070631767e-02
5.599999999999999645e+00 -5.050801263982162247e-03 -6.892783672532447337e-02
5.699999999999999289e+00 1.715435402938971432e-03 -6.499780544352370959e-02
5.799999999999999822e+00 7.948759824722579845e-03 -5.865895451920963982e-02
5.899999999999999467e+00 1.344722630678089892e-02 -5.188035369377975298e-02
6.000000000000000000e+00 1.832483056347853148e-02 -4.573774058292448541e-02
6.099999999999999645e+00 2.259477442336579878e-02 -4.010250558247806241e-02
6.199999999999999289e+00 2.634533167997414604e-02 -3.380499855274597676e-02
6.300000000000000711e+00 2.935577413391499135e-02 -2.612811827268246567e-02
6.400000000000000355e+00 3.157095533451063918e-02 -1.794888453694595820e-02
6.500000000000000000e+00 3.294555104130418577e-02 -1.087897459020004121e-02
6.600000000000000533e+00 3.374675025255064603e-02 -5.715786922346310917e-03
6.700000000000000178e+00 3.408870842577344656e-02 -2.330058252841521460e-03
6.799999999999999822e+00 3.421276190311894894e-02 -6.432551825492349717e-04
6.899999999999999467e+00 3.421735946228329078e-02 2.345559892554527348e-04
7.000000000000000000e+00 3.416585070526786255e-02 1.223779993316020942e-03
7.099999999999999645e+00 3.397260346362009076e-02 2.745102261285714551e-03
7.199999999999999289e+00 3.361683025301071687e-02 4.427109497374043245e-03
7.299999999999998934e+00 3.308718156414527933e-02 5.740011928468236047e-03
7.400000000000000355e+00 3.246882786731707105e-02 6.196104485014064522e-03
7.500000000000000000e+00 3.184796066714246782e-02 5.424535546990572055e-03
7.599999999999999645e+00 3.138392075791895247e-02 3.721938814266856355e-03
7.699999999999999289e+00 3.110357290428909793e-02 1.771869065815584454e-03
7.800000000000000711e+00 3.102954694475583766e-02 -3.245760346233805826e-04
7.900000000000000355e+00 3.116848811121377197e-02 -2.188456666919719185e-03
8.000000000000000000e+00 3.146723827813978358e-02 -3.354742013898875941e-03
8.100000000000001421e+00 3.183943651399354785e-02 -3.414068475366072164e-03
8.199999999999999289e+00 3.215005197321299524e-02 -2.491892608486562244e-03
8.300000000000000711e+00 3.233781503569085891e-02 -1.105177229734882749e-03
8.399999999999998579e+00 3.237108741915997040e-02 4.981488545752199570e-05
8.500000000000000000e+00 3.232785205859935868e-02 3.916398870696669032e-04
8.599999999999999645e+00 3.229275944174603979e-02 6.627662469027573167e-05
8.699999999999999289e+00 3.231459673366129937e-02 -1.837468566709410389e-04
8.799999999999998934e+00 3.232950881308022800e-02 3.144969865609970050e-04
8.900000000000000355e+00 3.225169733634910413e-02 1.795539823136516056e-03
9.000000000000000000e+00 3.197040084845292202e-02 4.124291605703128694e-03
9.099999999999999645e+00 3.142683901520847839e-02 6.703530528573808933e-03
9.199999999999999289e+00 3.062969474273816162e-02 8.501121311466824926e-03
9.300000000000000711e+00 2.972661475291511063e-02 9.011434163482962001e-03
9.400000000000000355e+00 2.882740791004156922e-02 8.747634921788316475e-03
9.500000000000000000e+00 2.797708776855744803e-02 8.492786777284988542e-03
9.600000000000001421e+00 2.712885055458457220e-02 8.690107788880852002e-03
9.699999999999999289e+00 2.623906621078127624e-02 9.374234780452045390e-03
9.800000000000000711e+00 2.525400359849416451e-02 1.043521039475507617e-02
9.899999999999998579e+00 2.415202413183026309e-02 1.160446127439256070e-02
1.000000000000000000e+01 2.293311134361565237e-02 1.250716843357609076e-02
1.009999999999999964e+01 2.165059044511504285e-02 1.283955856983354238e-02
1.019999999999999929e+01 2.036519962964894459e-02 1.263020492802956196e-02
1.029999999999999893e+01 1.912454945950912977e-02 1.216411303051703752e-02
1.040000000000000036e+01 1.793237702354553639e-02 1.187073058283737159e-02
1.050000000000000000e+01 1.675040334294165476e-02 1.191762738410616362e-02
1.059999999999999964e+01 1.554885154672430193e-02 1.214174378917849684e-02
1.069999999999999929e+01 1.432205458510595747e-02 1.234145599458909281e-02
1.080000000000000071e+01 1.308056034780648302e-02 1.242197341539402755e-02
1.090000000000000036e+01 1.183765990202715127e-02 1.228764405063886844e-02
1.100000000000000000e+01 1.062303153767871038e-02 1.190066157072865172e-02
1.109999999999999964e+01 9.457527587881420922e-03 1.142031337512072059e-02
1.119999999999999929e+01 8.338968862654566258e-03 1.103902822391999300e-02
1.130000000000000071e+01 7.249721943097421975e-03 1.079347342106712002e-02
1.139999999999999858e+01 6.180274178441141561e-03 1.064115104122037928e-02
1.150000000000000000e+01 5.121491734853346293e-03 1.055103485208145481e-02
1.159999999999999964e+01 4.070067208024850079e-03 1.926741756327880056e-02
1.169999999999999929e+01 1.268008222197586007e-03 1.960372240692269744e-02
1.179999999999999893e+01 1.493227266403109011e-04 6.278282971014455954e-03
1.190000000000000036e+01 1.235162799469489921e-05 7.466136332015544785e-04
1.200000000000000000e+01 0.000000000000000000e+00 1.235162799469489785e-04
