0.000000000000000000e+00 4.632528758959455217e+01 1.651184150442384180e+01
1.000000000000000056e-01 4.467410343915216231e+01 1.651184150442381338e+01
2.000000000000000111e-01 4.302291928870978666e+01 1.651184150442378495e+01
3.000000000000000444e-01 4.137173513826741100e+01 1.651184150442378495e+01
4.000000000000000222e-01 3.972055098782502824e+01 1.651184150442381338e+01
5.000000000000000000e-01 3.806936683738264549e+01 1.651184150442381338e+01
6.000000000000000888e-01 3.641818268694026273e+01 1.651184150442381338e+01
6.999999999999999556e-01 3.476699853649787997e+01 1.651184150442381338e+01
8.000000000000000444e-01 3.311581438605550431e+01 1.651184150442381338e+01
8.999999999999999112e-01 3.146463023561311800e+01 1.651184150442378495e+01
1.000000000000000000e+00 2.981344608517074590e+01 1.651184150442378495e+01
1.099999999999999867e+00 2.816226193472836314e+01 1.651184150442384180e+01
1.200000000000000178e+00 2.651107778428597683e+01 1.651184150442381338e+01
1.300000000000000044e+00 2.485989363384359763e+01 1.651184150442379917e+01
1.399999999999999911e+00 2.320870948340121842e+01 1.651184150442379917e+01
1.500000000000000000e+00 2.155752533295883921e+01 1.651184150442379917e+01
1.600000000000000089e+00 1.990634118251645646e+01 1.651184150442381338e+01
1.699999999999999956e+00 1.825515703207407725e+01 1.651184150442379917e+01
1.799999999999999822e+00 1.660397288163169804e+01 1.651184150442379917e+01
1.899999999999999911e+00 1.495278873118931529e+01 1.651184150442379917e+01
2.000000000000000000e+00 1.330160458074693786e+01 1.651184150442379917e+01
2.099999999999999645e+00 1.165042043030455687e+01 1.651184150442379917e+01
2.199999999999999734e+00 9.999236279862177668e+00 1.651184150442379917e+01
2.299999999999999822e+00 8.348052129419796685e+00 1.651184150442383469e+01
2.400000000000000355e+00 6.696867978977410374e+00 1.651184150442382759e+01
2.500000000000000000e+00 5.045683828535030280e+00 1.651184150442380272e+01
2.600000000000000089e+00 3.394499678092649742e+00 1.651184150442380627e+01
2.700000000000000178e+00 1.743315527650269203e+00 1.213281767839558611e+01
2.799999999999999822e+00 9.679361424135324299e-01 6.243669051148187599e+00
2.899999999999999911e+00 4.945817174206317279e-01 3.887108853985597801e+00
3.000000000000000000e+00 1.905143716164128531e-01 2.478049445217768376e+00
3.099999999999999645e+00 -1.028171622922016736e-03 1.563749289085040406e+00
3.200000000000000178e+00 -1.222354862005952392e-01 1.059408138982301129e+00
3.300000000000000266e+00 -2.129097994193822618e-01 8.913815424056948933e-01
3.399999999999999911e+00 -3.005117946817342234e-01 8.894523439540932275e-01
3.500000000000000000e+00 -3.908002682102009739e-01 8.522201281426857733e-01
3.599999999999999645e+00 -4.709558203102713891e-01 6.619958015563121023e-01
3.700000000000000178e+00 -5.231994285214633944e-01 3.187990745432700557e-01
3.799999999999999822e+00 -5.347156352189254003e-01 -1.066744220328517123e-01
3.900000000000000355e+00 -5.018645441148930075e-01 -5.174678394773200019e-01
4.000000000000000000e+00 -4.312220673234614110e-01 -8.043647638573969694e-01
4.099999999999999645e+00 -3.409915913434136137e-01 -8.705927126446506570e-01
4.199999999999999289e+00 -2.571035247945312463e-01 -7.073377254721937568e-01
4.299999999999999822e+00 -1.995240462489748789e-01 -4.409191627036534999e-01
4.399999999999999467e+00 -1.689196922538005463e-01 -2.392672048999484602e-01
4.500000000000000000e+00 -1.516706052689851814e-01 -1.553405102026768070e-01
4.599999999999999645e+00 -1.378515902132651794e-01 -1.107119575670255651e-01
4.700000000000000178e+00 -1.295282137555800739e-01 -3.163367712184361746e-02
4.800000000000000711e+00 -1.315248547888964725e-01 6.332286960760591388e-02
4.900000000000000355e+00 -1.421927876771012511e-01 1.268449995219314008e-01
5.000000000000000000e+00 -1.568938546932827638e-01 1.429663249589142593e-01
5.099999999999999645e+00 -1.707860526688841085e-01 1.156465075192509850e-01
5.200000000000000178e+00 -1.800231561971329386e-01 5.822540107560758571e-02
5.299999999999999822e+00 -1.824311328840056146e-01 -1.245008093735378019e-02
5.400000000000000355e+00 -1.775331400096621937e-01 -8.180469547698843158e-02
5.500000000000000000e+00 -1.660701937886079338e-01 -1.399444209660032357e-01
5.599999999999999645e+00 -1.495442558164615521e-01 -1.816301599131336930e-01
5.699999999999999289e+00 -1.297441618059811952e-01 -2.029488251772518792e-01
5.799999999999999822e+00 -1.089544907810111596e-01 -2.052807860212158553e-01
5.899999999999999467e+00 -8.868800460173802136e-02 -1.970352546388887682e-01
6.000000000000000000e+00 -6.954743985323340316e-02 -1.847672097477847664e-01
6.099999999999999645e+00 -5.173456265218106392e-02 -1.690740742351785897e-01
6.199999999999999289e+00 -3.573262500619769216e-02 -1.524598621484820615e-01
6.300000000000000711e+00 -2.124259022248464746e-02 -1.377939131759362001e-01
6.400000000000000355e+00 -8.173842371010448665e-03 -1.247978735388256682e-01
6.500000000000000000e+00 3.716984485280488970e-03 -1.132740797097087498e-01
6.600000000000000533e+00 1.448097357093130338e-02 -1.017250767910794912e-01
6.700000000000000178e+00 2.406199984349638790e-02 -8.696774061465679939e-02
6.799999999999999822e+00 3.187452169386266465e-02 -6.835162784296715255e-02
6.899999999999999467e+00 3.773232541208981772e-02 -4.483766438410877186e-02
7.000000000000000000e+00 4.084205457068441902e-02 -1.711500119105321960e-02
7.099999999999999645e+00 4.115532565030046580e-02 1.046978762590877743e-02
7.199999999999999289e+00 3.874809704550266631e-02 3.478250776574298708e-02
7.299999999999998934e+00 3.419882409715186561e-02 5.222487401200351376e-02
7.400000000000000355e+00 2.830312224310195870e-02 6.081638492347765657e-02
7.500000000000000000e+00 2.203554711245633499e-02 6.166854004798785760e-02
7.599999999999999645e+00 1.596941423350438718e-02 5.787339408461084772e-02
7.699999999999999289e+00 1.046086829553416302e-02 5.320778961759364822e-02
7.800000000000000711e+00 5.327856309985656673e-03 5.135013833219614909e-02
7.900000000000000355e+00 1.908406290949328672e-04 5.278493847816832785e-02
8.000000000000000000e+00 -5.229131385648008896e-03 5.407803949070319471e-02
8.100000000000001421e+00 -1.062476726904570783e-02 5.174134552448016178e-02
8.199999999999999289e+00 -1.557740049054404108e-02 4.521937528601627232e-02
8.300000000000000711e+00 -1.966864232624896194e-02 3.506172646273501836e-02
8.399999999999998579e+00 -2.258974578309104475e-02 2.068377787462451212e-02
8.500000000000000000e+00 -2.380539790117386367e-02 3.612841895387131075e-03
8.599999999999999645e+00 -2.331231416216847374e-02 -1.194058454203078545e-02
8.699999999999999289e+00 -2.141728099276770866e-02 -2.205692960331864794e-02
8.799999999999998934e+00 -1.890092824150474415e-02 -2.636783394181456408e-02
8.900000000000000355e+00 -1.614371420440479515e-02 -2.548070779916609963e-02
9.000000000000000000e+00 -1.380478668167152249e-02 -1.901326772595803016e-02
9.099999999999999645e+00 -1.234106065921318843e-02 -9.004276030219193760e-03
9.199999999999999289e+00 -1.200393147562768374e-02 -2.074312873270103830e-04
9.300000000000000711e+00 -1.229957440174778670e-02 3.850831293281897771e-03
9.400000000000000355e+00 -1.277409773428406226e-02 3.200574538646284994e-03
9.500000000000000000e+00 -1.293968930947704370e-02 1.434423545128141186e-03
9.600000000000001421e+00 -1.306098244330969153e-02 3.138204502981328803e-03
9.699999999999999289e+00 -1.356733021007330842e-02 8.022227165755360656e-03
9.800000000000000711e+00 -1.466542787646076332e-02 1.179480137914987181e-02
9.899999999999998579e+00 -1.592629048590328208e-02 1.121364242705116809e-02
1.000000000000000000e+01 -1.690815636187099555e-02 5.786093047078125218e-03
1.009999999999999964e+01 -1.708350909531890921e-02 -3.820682378493825415e-03
1.019999999999999929e+01 -1.614401988617223185e-02 -1.551397151009592523e-02
1.029999999999999893e+01 -1.398071479329972278e-02 -2.619218648191008747e-02
1.040000000000000036e+01 -1.090558258979021367e-02 -3.304751622688209545e-02
1.050000000000000000e+01 -7.371211547923303860e-03 -3.494984605543295653e-02
1.059999999999999964e+01 -3.915613378703622360e-03 -3.241898538368963301e-02
1.069999999999999929e+01 -8.874144711853767381e-04 -2.675442754568584103e-02
1.080000000000000071e+01 1.435272130433546149e-03 -1.948747271252632141e-02
1.090000000000000036e+01 3.010080071319887543e-03 -1.213719453818070879e-02
1.100000000000000000e+01 3.862711038069687602e-03 -5.845426919920142586e-03
1.109999999999999964e+01 4.179165455303916407e-03 -1.718479814261226341e-03
1.119999999999999929e+01 4.206407000921933217e-03 2.029612484493736879e-04
1.130000000000000071e+01 4.138573205614041843e-03 1.241480114695169695e-03
1.139999999999999858e+01 3.958110977982899452e-03 2.773334523813977132e-03
1.150000000000000000e+01 3.583906300851246243e-03 5.025857734861907331e-03
1.159999999999999964e+01 2.952939431010517552e-03 1.594151430491807381e-02
1.169999999999999929e+01 3.956034398676314817e-04 1.459237041206753148e-02
1.179999999999999893e+01 3.446534859701113018e-05 1.966100300085456189e-03
1.190000000000000036e+01 2.383379850540253585e-06 1.723267429850556848e-04
1.200000000000000000e+01 0.000000000000000000e+00 2.383379850540253331e-05
