0.000000000000000000e+00 1.285750000000000000e+03 1.959166666666666742e+03
1.000000200000000089e-01 1.102730000000000018e+03 1.701383333333333212e+03
1.999999800000000216e-01 9.454790000000001555e+02 1.461651666666666642e+03
3.000000000000000444e-01 8.103970000000000482e+02 1.255513333333333321e+03
4.000000200000000117e-01 6.943760000000000900e+02 1.078273333333333312e+03
4.999999800000000105e-01 5.947430000000000518e+02 9.258916666666666515e+02
6.000000000000000888e-01 5.091979999999999791e+02 7.948933333333333167e+02
7.000000200000000561e-01 4.357640000000000668e+02 6.822883333333334122e+02
7.999999799999999439e-01 3.727400000000000091e+02 5.855049999999999955e+02
8.999999999999999112e-01 3.186630000000000109e+02 5.023283333333333189e+02
1.000000019999999878e+00 2.722740000000000009e+02 4.308549999999999613e+02
1.099999979999999988e+00 2.324920000000000186e+02 3.694449999999999932e+02
1.200000000000000178e+00 1.983849999999999909e+02 3.166899999999999977e+02
1.300000020000000145e+00 1.691539999999999964e+02 2.713783333333333303e+02
1.399999980000000033e+00 1.441099999999999852e+02 2.324633333333333098e+02
1.500000000000000000e+00 1.226610000000000014e+02 1.990500000000000114e+02
1.600000019999999967e+00 1.043000000000000114e+02 1.703649999999999807e+02
1.699999979999999855e+00 8.858809999999999718e+01 1.457458333333333371e+02
1.799999999999999822e+00 7.515059999999999718e+01 1.246196666666666744e+02
1.900000019999999790e+00 6.366420000000000812e+01 1.064958333333333371e+02
1.999999979999999900e+00 5.385150000000000148e+01 9.095166666666666799e+01
2.099999999999999645e+00 4.547390000000000043e+01 7.762416666666666742e+01
2.200000020000000056e+00 3.832660000000000622e+01 6.620050000000000523e+01
2.299999979999999944e+00 3.223380000000000223e+01 5.641233333333332922e+01
2.400000000000000355e+00 2.704420000000000357e+01 4.802850000000000108e+01
2.500000019999999878e+00 2.262810000000000343e+01 4.085050000000000381e+01
2.599999980000000210e+00 1.887410000000000210e+01 3.470766666666666822e+01
2.700000000000000178e+00 1.568650000000000233e+01 3.771999999999999886e+01
2.800000020000000145e+00 1.133010000000000161e+01 5.079783333333332962e+01
2.899999980000000033e+00 5.526980000000000004e+00 3.569449999999999790e+01
3.000000000000000000e+00 4.191170000000000506e+00 8.022216666666666995e+00
3.100000019999999967e+00 3.922530000000000072e+00 5.117033333333333545e+00
3.199999980000000299e+00 3.167760000000000353e+00 7.547699999999999854e+00
3.300000000000000266e+00 2.413000000000000256e+00 5.130833333333333357e+00
3.400000020000000234e+00 2.141599999999999948e+00 2.910866666666666269e+00
3.499999980000000122e+00 1.830820000000000114e+00 3.002433333333333287e+00
3.599999999999999645e+00 1.541109999999999980e+00 2.719916666666666316e+00
3.700000020000000056e+00 1.286839999999999984e+00 2.384216666666666651e+00
3.799999979999999944e+00 1.064270000000000049e+00 2.125150000000000095e+00
3.900000000000000355e+00 8.618090000000000472e-01 1.959000000000000075e+00
4.000000019999999878e+00 6.724689999999999834e-01 1.830199999999999827e+00
4.099999979999999766e+00 4.957700000000000440e-01 1.694316666666666693e+00
4.199999999999999289e+00 3.336060000000000136e-01 1.549573333333333469e+00
4.300000019999999701e+00 1.858560000000000212e-01 1.410120000000000040e+00
4.399999980000000477e+00 5.158240000000000047e-02 1.281739999999999879e+00
4.500000000000000000e+00 -7.049249999999999960e-02 1.165151666666666586e+00
4.600000019999999523e+00 -1.814480000000000259e-01 1.058873333333333333e+00
4.699999980000000299e+00 -2.822669999999999901e-01 9.599449999999999372e-01
4.800000000000000711e+00 -3.734370000000000189e-01 8.633283333333333642e-01
4.900000020000000234e+00 -4.549330000000000318e-01 7.653733333333333499e-01
4.999999980000000122e+00 -5.265119999999999800e-01 6.671250000000000790e-01
5.099999999999999645e+00 -5.883580000000000476e-01 5.713616666666666566e-01
5.200000020000000056e+00 -6.407840000000000202e-01 4.817449999999999788e-01
5.299999979999999944e+00 -6.847070000000000656e-01 3.997516666666666718e-01
5.400000000000000355e+00 -7.207340000000000968e-01 3.238633333333333364e-01
5.500000019999999878e+00 -7.494790000000000063e-01 2.540916666666666601e-01
5.599999979999999766e+00 -7.715520000000000156e-01 1.927999999999999992e-01
5.699999999999999289e+00 -7.880390000000000450e-01 1.400101666666666578e-01
5.800000019999999701e+00 -7.995550000000000157e-01 9.259983333333333955e-02
5.899999980000000477e+00 -8.065590000000000259e-01 4.901883333333333093e-02
6.000000000000000000e+00 -8.093580000000000219e-01 1.151865000000000007e-02
6.100000019999999523e+00 -8.088630000000001097e-01 -1.864299999999999985e-02
6.199999980000000299e+00 -8.056300000000000683e-01 -4.612333333333332869e-02
6.300000000000000711e+00 -7.996380000000000710e-01 -7.548016666666666763e-02
6.400000020000000234e+00 -7.905340000000000700e-01 -1.061278333333333379e-01
6.499999980000000122e+00 -7.784130000000000216e-01 -1.359219999999999873e-01
6.600000000000000533e+00 -7.633490000000000553e-01 -1.636004999999999820e-01
6.700000020000000944e+00 -7.456930000000000502e-01 -1.866966666666666774e-01
6.799999979999999056e+00 -7.260100000000000442e-01 -2.036733333333333174e-01
6.899999999999999467e+00 -7.049579999999999735e-01 -2.147149999999999892e-01
7.000000019999999878e+00 -6.830669999999999797e-01 -2.212100000000000177e-01
7.099999979999999766e+00 -6.607160000000000810e-01 -2.273683333333333112e-01
7.199999999999999289e+00 -6.375930000000000764e-01 -2.368533333333333324e-01
7.300000019999999701e+00 -6.133450000000000291e-01 -2.483216666666666628e-01
7.399999980000000477e+00 -5.879290000000000349e-01 -2.579133333333333278e-01
7.500000000000000000e+00 -5.617630000000000123e-01 -2.646999999999999909e-01
7.600000019999999523e+00 -5.349890000000000478e-01 -2.697016666666666174e-01
7.699999980000000299e+00 -5.078219999999999956e-01 -2.736116666666666419e-01
7.800000000000000711e+00 -4.802660000000000817e-01 -2.760283333333333200e-01
7.900000020000000234e+00 -4.526169999999999916e-01 -2.767966666666666908e-01
7.999999980000000122e+00 -4.249069999999999792e-01 -2.757600000000000051e-01
8.100000000000001421e+00 -3.974650000000000127e-01 -2.720233333333333392e-01
8.200000020000000944e+00 -3.705020000000000535e-01 -2.646783333333332933e-01
8.299999979999999056e+00 -3.445290000000000297e-01 -2.543666666666666853e-01
8.399999999999998579e+00 -3.196289999999999965e-01 -2.431766666666666799e-01
8.500000019999999878e+00 -2.958940000000000459e-01 -2.328233333333333266e-01
8.599999979999999766e+00 -2.730640000000000289e-01 -2.239999999999999769e-01
8.699999999999999289e+00 -2.510940000000000394e-01 -2.151033333333333408e-01
8.800000019999998813e+00 -2.300440000000000262e-01 -2.034533333333333471e-01
8.899999980000000477e+00 -2.104030000000000067e-01 -1.888566666666666727e-01
9.000000000000000000e+00 -1.922719999999999985e-01 -1.734950000000000103e-01
9.100000019999999523e+00 -1.757039999999999991e-01 -1.588273333333333481e-01
9.199999980000001187e+00 -1.605070000000000108e-01 -1.454165000000000041e-01
9.300000000000000711e+00 -1.466210000000000013e-01 -1.337446666666666784e-01
9.400000020000000234e+00 -1.337580000000000158e-01 -1.236281666666666640e-01
9.499999980000000122e+00 -1.218950000000000033e-01 -1.138148333333333373e-01
9.600000000000001421e+00 -1.109950000000000103e-01 -1.032869999999999899e-01
9.700000020000000944e+00 -1.012380000000000085e-01 -9.165549999999998698e-02
9.799999979999999056e+00 -9.266390000000000737e-02 -7.934383333333333566e-02
9.899999999999998579e+00 -8.536890000000001144e-02 -6.731899999999998996e-02
1.000000001999999988e+01 -7.920009999999999550e-02 -5.703816666666666063e-02
1.009999997999999977e+01 -7.396129999999999372e-02 -4.917666666666666714e-02
1.019999999999999929e+01 -6.936480000000000423e-02 -4.336583333333333262e-02
1.030000001999999881e+01 -6.528810000000000169e-02 -3.904699999999999838e-02
1.039999998000000048e+01 -6.155540000000001011e-02 -3.606600000000000084e-02
1.050000000000000000e+01 -5.807489999999999875e-02 -3.385483333333332706e-02
1.060000001999999952e+01 -5.478440000000000393e-02 -3.218000000000000027e-02
1.069999998000000119e+01 -5.163890000000000147e-02 -3.116816666666666694e-02
1.080000000000000071e+01 -4.855070000000000219e-02 -3.094916666666666649e-02
1.090000002000000023e+01 -4.544909999999999922e-02 -3.143116666666666281e-02
1.099999998000000012e+01 -4.226450000000000345e-02 -3.243116666666666370e-02
1.110000000000000142e+01 -3.896290000000000170e-02 -3.335166666666666835e-02
1.120000002000000094e+01 -3.559410000000000351e-02 -3.381766666666666254e-02
1.129999997999999906e+01 -3.219940000000000302e-02 -3.434616666666667067e-02
1.139999999999999858e+01 -2.872489999999999766e-02 -3.594933333333333314e-02
1.150000001999999988e+01 -2.500950000000000395e-02 -3.924033333333333540e-02
1.159999997999999977e+01 -2.087690000000000379e-02 -1.087944999999999884e-01
1.169999999999999929e+01 -3.250580000000000309e-03 -1.027506666666666707e-01
1.180000001999999881e+01 -3.267410000000000214e-04 -1.610473333333333271e-02
1.189999998000000048e+01 -2.963200000000000022e-05 -1.633705000000000053e-03
1.200000000000000000e+01 0.000000000000000000e+00 1.041053333333333275e-03
