0.000000000000000000e+00 5.758218224077616298e+01 1.605398940841428157e+01
1.000000000000000056e-01 5.597678329993473767e+01 1.605398940841422473e+01
2.000000000000000111e-01 5.437138435909331946e+01 1.605398940841416788e+01
3.000000000000000444e-01 5.276598541825190125e+01 1.605398940841416788e+01
4.000000000000000222e-01 5.116058647741048304e+01 1.605398940841416788e+01
5.000000000000000000e-01 4.955518753656906483e+01 1.605398940841416788e+01
6.000000000000000888e-01 4.794978859572765373e+01 1.605398940841422473e+01
6.999999999999999556e-01 4.634438965488622131e+01 1.605398940841416788e+01
8.000000000000000444e-01 4.473899071404481731e+01 1.605398940841416788e+01
8.999999999999999112e-01 4.313359177320339199e+01 1.605398940841416788e+01
1.000000000000000000e+00 4.152819283236198089e+01 1.605398940841416788e+01
1.099999999999999867e+00 3.992279389152055558e+01 1.605398940841422473e+01
1.200000000000000178e+00 3.831739495067913737e+01 1.605398940841416788e+01
1.300000000000000044e+00 3.671199600983771916e+01 1.605398940841416788e+01
1.399999999999999911e+00 3.510659706899630095e+01 1.605398940841416788e+01
1.500000000000000000e+00 3.350119812815488984e+01 1.605398940841416788e+01
1.600000000000000089e+00 3.189579918731347163e+01 1.605398940841419630e+01
1.699999999999999956e+00 3.029040024647204632e+01 1.605398940841419630e+01
1.799999999999999822e+00 2.868500130563063166e+01 1.605398940841419630e+01
1.899999999999999911e+00 2.707960236478920990e+01 1.605398940841418209e+01
2.000000000000000000e+00 2.547420342394779524e+01 1.605398940841415367e+01
2.099999999999999645e+00 2.386880448310637703e+01 1.605398940841418209e+01
2.199999999999999734e+00 2.226340554226495883e+01 1.605398940841418209e+01
2.299999999999999822e+00 2.065800660142354062e+01 1.605398940841419630e+01
2.400000000000000355e+00 1.905260766058211885e+01 1.605398940841419630e+01
2.500000000000000000e+00 1.744720871974070064e+01 1.605398940841418209e+01
2.600000000000000089e+00 1.584180977889928243e+01 1.605398940841419630e+01
2.700000000000000178e+00 1.423641083805786245e+01 1.605398940841417499e+01
2.799999999999999822e+00 1.263101189721644602e+01 1.605398940841416788e+01
2.899999999999999911e+00 1.102561295637502781e+01 1.605398940841417499e+01
3.000000000000000000e+00 9.420214015533611374e+00 1.605398940841415367e+01
3.099999999999999645e+00 7.814815074692197605e+00 1.605398940841418209e+01
3.200000000000000178e+00 6.209416133850774955e+00 1.605398940841422828e+01
3.300000000000000266e+00 4.604017193009351416e+00 1.361811063204600458e+01
3.399999999999999911e+00 3.485794007441573861e+00 9.578836204464980852e+00
3.500000000000000000e+00 2.688249952116355423e+00 7.126383099756058215e+00
3.599999999999999645e+00 2.060517387490361951e+00 5.700359090608523971e+00
3.700000000000000178e+00 1.548178133994650763e+00 4.693651234675323636e+00
3.799999999999999822e+00 1.121787140555297491e+00 3.895776344516665990e+00
3.900000000000000355e+00 7.690228650913173425e-01 3.228031068643272050e+00
4.000000000000000000e+00 4.761809268266430917e-01 2.667202793812378570e+00
4.099999999999999645e+00 2.355823063288416397e-01 2.199440406362483280e+00
4.199999999999999289e+00 3.629284555414646202e-02 1.810968726876458490e+00
4.299999999999999822e+00 -1.266114390464500861e-01 1.468438859515152961e+00
4.399999999999999467e+00 -2.573949263488841122e-01 1.159562122604046008e+00
4.500000000000000000e+00 -3.585238635672592933e-01 8.946352242988186987e-01
4.599999999999999645e+00 -4.363219712086479074e-01 6.779113921496142670e-01
4.700000000000000178e+00 -4.941061419971821689e-01 4.816911641376022679e-01
4.800000000000000711e+00 -5.326602040361683166e-01 2.973781710824696667e-01
4.900000000000000355e+00 -5.535817762136761022e-01 1.395883907665216306e-01
5.000000000000000000e+00 -5.605778821894726871e-01 9.923257080539205077e-03
5.099999999999999645e+00 -5.555664276297839210e-01 -9.806901822903135724e-02
5.200000000000000178e+00 -5.409640785436663490e-01 -1.735050368486250605e-01
5.299999999999999822e+00 -5.208654202600588867e-01 -2.077267212921363182e-01
5.400000000000000355e+00 -4.994187342852391409e-01 -2.066115104415335857e-01
5.500000000000000000e+00 -4.795431181717522140e-01 -1.819506966835140460e-01
5.599999999999999645e+00 -4.630285949485363206e-01 -1.507450236854288583e-01
5.699999999999999289e+00 -4.493941134346663979e-01 -1.372247024831820816e-01
5.799999999999999822e+00 -4.355836544518998932e-01 -1.492084453784952025e-01
5.899999999999999467e+00 -4.195524243589673907e-01 -1.698279037205083775e-01
6.000000000000000000e+00 -4.016180737077982288e-01 -1.920521657726466103e-01
6.099999999999999645e+00 -3.811419912044380354e-01 -2.180931689302187948e-01
6.199999999999999289e+00 -3.579994399217544809e-01 -2.405146401273372536e-01
6.300000000000000711e+00 -3.330390631789705846e-01 -2.517757832403730855e-01
6.400000000000000355e+00 -3.076442832736798749e-01 -2.644865810007823725e-01
6.500000000000000000e+00 -2.801417469788141101e-01 -2.794806242723342216e-01
6.600000000000000533e+00 -2.517481584192129973e-01 -2.744488534438183081e-01
6.700000000000000178e+00 -2.252519762900504485e-01 -2.483733193787491800e-01
6.799999999999999822e+00 -2.020734945434631558e-01 -2.175536753904422360e-01
6.899999999999999467e+00 -1.817412412119620013e-01 -1.882702424447650902e-01
7.000000000000000000e+00 -1.644194460545101433e-01 -1.664044826886920125e-01
7.099999999999999645e+00 -1.484603446742236155e-01 -1.617875542999746008e-01
7.199999999999999289e+00 -1.320619351945152287e-01 -1.650025629948044248e-01
7.299999999999998934e+00 -1.154598320752627250e-01 -1.586850274561359964e-01
7.400000000000000355e+00 -1.003249297032880183e-01 -1.380360582563628369e-01
7.500000000000000000e+00 -8.785262042399015481e-02 -1.083044323294278799e-01
7.599999999999999645e+00 -7.866404323740244786e-02 -7.268778213078974648e-02
7.699999999999999289e+00 -7.331506399783220551e-02 -4.504306322975176746e-02
7.800000000000000711e+00 -6.965543059145208604e-02 -4.327119127754308625e-02
7.900000000000000355e+00 -6.466082574232358271e-02 -6.346802553732938668e-02
8.000000000000000000e+00 -5.696182548398620593e-02 -7.948851137244999920e-02
8.100000000000001421e+00 -4.876312346783358287e-02 -7.405163355942470660e-02
8.199999999999999289e+00 -4.215149877210126739e-02 -5.323704011358135202e-02
8.300000000000000711e+00 -3.811571544511731247e-02 -2.926839373481762707e-02
8.399999999999998579e+00 -3.629782002513774058e-02 -1.483034977540551025e-02
8.500000000000000000e+00 -3.514964549003620625e-02 -1.834377588723679064e-02
8.599999999999999645e+00 -3.262906484769038246e-02 -3.007239838127723219e-02
8.699999999999999289e+00 -2.913516581378076259e-02 -3.408698023797115950e-02
8.799999999999998934e+00 -2.581166880009615194e-02 -2.850606433335989287e-02
8.900000000000000355e+00 -2.343395294710878471e-02 -1.794027346534925182e-02
9.000000000000000000e+00 -2.222361410702630019e-02 -8.162890703038688800e-03
9.099999999999999645e+00 -2.180137480650104487e-02 -5.532504941165972134e-03
9.199999999999999289e+00 -2.111711311879310715e-02 -1.121418349953351434e-02
9.300000000000000711e+00 -1.955853810659434477e-02 -1.871358945851137046e-02
9.400000000000000355e+00 -1.737439522709082959e-02 -2.203180744732460838e-02
9.500000000000000000e+00 -1.515217661712942032e-02 -2.043533642389581961e-02
9.600000000000001421e+00 -1.328732794231166775e-02 -1.755411744642832589e-02
9.699999999999999289e+00 -1.164135312784375653e-02 -1.610738868266348850e-02
9.800000000000000711e+00 -1.006585020577896970e-02 -1.500317263278710955e-02
9.899999999999998579e+00 -8.640718601286333581e-03 -1.249945759114269583e-02
1.000000000000000000e+01 -7.565958687550430016e-03 -9.001485878507013705e-03
1.009999999999999964e+01 -6.840421425584931187e-03 -5.717923356990887995e-03
1.019999999999999929e+01 -6.422374016152252070e-03 -4.177334125256219888e-03
1.029999999999999893e+01 -6.004954600533686862e-03 -2.831980010729324981e-03
1.040000000000000036e+01 -5.855978014006387594e-03 2.140552956857263989e-03
1.050000000000000000e+01 -6.433065191905139313e-03 9.710311507312135992e-03
1.059999999999999964e+01 -7.798040315468814272e-03 1.328741878893905520e-02
1.069999999999999929e+01 -9.090548949692951394e-03 8.162376233436248463e-03
1.080000000000000071e+01 -9.430515562156065179e-03 -3.131939890483645406e-03
1.090000000000000036e+01 -8.464160971596221966e-03 -1.314688100064157622e-02
1.100000000000000000e+01 -6.801139362027749241e-03 -1.564008287189911153e-02
1.109999999999999964e+01 -5.336144397216399660e-03 -1.122670375862505621e-02
1.119999999999999929e+01 -4.555798610302737826e-03 -4.531013811392033824e-03
1.130000000000000071e+01 -4.429941634937992548e-03 5.296222159431457355e-04
1.139999999999999858e+01 -4.661723053491366280e-03 1.602044176163868600e-03
1.150000000000000000e+01 -4.750350470170766441e-03 -1.857438052846344806e-03
1.159999999999999964e+01 -4.290235442922097318e-03 -1.663000801498650677e-02
1.169999999999999929e+01 -1.424348867173464957e-03 -2.053380243959658513e-02
1.179999999999999893e+01 -1.834749550027801293e-04 -7.047538441428453579e-03
1.190000000000000036e+01 -1.484117888777424535e-05 -9.173747750139005924e-04
1.200000000000000000e+01 0.000000000000000000e+00 -1.484117888777424399e-04
