0.000000000000000000e+00 5.148621331451296612e+01 1.580382206930323719e+01
1.000000000000000056e-01 4.990583110758264240e+01 1.580382206930318034e+01
2.000000000000000111e-01 4.832544890065233290e+01 1.580382206930315192e+01
3.000000000000000444e-01 4.674506669372200918e+01 1.580382206930315192e+01
4.000000000000000222e-01 4.516468448679169967e+01 1.580382206930315192e+01
5.000000000000000000e-01 4.358430227986138306e+01 1.580382206930318034e+01
6.000000000000000888e-01 4.200392007293106644e+01 1.580382206930318034e+01
6.999999999999999556e-01 4.042353786600074272e+01 1.580382206930315192e+01
8.000000000000000444e-01 3.884315565907043322e+01 1.580382206930315192e+01
8.999999999999999112e-01 3.726277345214011660e+01 1.580382206930315192e+01
1.000000000000000000e+00 3.568239124520979999e+01 1.580382206930318034e+01
1.099999999999999867e+00 3.410200903827947627e+01 1.580382206930318034e+01
1.200000000000000178e+00 3.252162683134916676e+01 1.580382206930315192e+01
1.300000000000000044e+00 3.094124462441884660e+01 1.580382206930315192e+01
1.399999999999999911e+00 2.936086241748853354e+01 1.580382206930315192e+01
1.500000000000000000e+00 2.778048021055821692e+01 1.580382206930315192e+01
1.600000000000000089e+00 2.620009800362790386e+01 1.580382206930315192e+01
1.699999999999999956e+00 2.461971579669758725e+01 1.580382206930318034e+01
1.799999999999999822e+00 2.303933358976726709e+01 1.580382206930315192e+01
1.899999999999999911e+00 2.145895138283695758e+01 1.580382206930315192e+01
2.000000000000000000e+00 1.987856917590663741e+01 1.580382206930315192e+01
2.099999999999999645e+00 1.829818696897632435e+01 1.580382206930315192e+01
2.199999999999999734e+00 1.671780476204600774e+01 1.580382206930316613e+01
2.299999999999999822e+00 1.513742255511569113e+01 1.580382206930318034e+01
2.400000000000000355e+00 1.355704034818537096e+01 1.580382206930318745e+01
2.500000000000000000e+00 1.197665814125505435e+01 1.580382206930316613e+01
2.600000000000000089e+00 1.039627593432473773e+01 1.580382206930315903e+01
2.700000000000000178e+00 8.815893727394422896e+00 1.580382206930315192e+01
2.799999999999999822e+00 7.235511520464107171e+00 1.580382206930315547e+01
2.899999999999999911e+00 5.655129313533791446e+00 1.183453573773097389e+01
3.000000000000000000e+00 4.868604372917912038e+00 1.327634489042568866e+01
3.099999999999999645e+00 2.999860335448653270e+00 1.474639993702472829e+01
3.200000000000000178e+00 1.919324385512966247e+00 9.084555288827983688e+00
3.300000000000000266e+00 1.182949277683056355e+00 6.301076372599817788e+00
3.399999999999999911e+00 6.591091109930028447e-01 4.503680657174228941e+00
3.500000000000000000e+00 2.822131462482105890e-01 3.191088938065353098e+00
3.599999999999999645e+00 2.089132337993225216e-02 2.146949213596973216e+00
3.700000000000000178e+00 -1.471766964711840320e-01 1.305370921793479466e+00
3.799999999999999822e+00 -2.401828609787636515e-01 6.435064912474786070e-01
3.900000000000000355e+00 -2.758779947206797534e-01 1.453459495736539875e-01
4.000000000000000000e+00 -2.692520508934944656e-01 -2.011674667779954628e-01
4.099999999999999645e+00 -2.356445013650806664e-01 -4.041600816587349598e-01
4.199999999999999289e+00 -1.884200345617474681e-01 -4.932921083902430670e-01
4.299999999999999822e+00 -1.369860796870320530e-01 -5.078434447375166361e-01
4.399999999999999467e+00 -8.685134561424413813e-02 -4.776383041094696691e-01
4.500000000000000000e+00 -4.145841886513811775e-02 -4.399852842244638684e-01
4.599999999999999645e+00 1.145711230648643626e-03 -4.283634298668153040e-01
4.700000000000000178e+00 4.421426710822494444e-02 -4.316972451002521471e-01
4.800000000000000711e+00 8.748516025069907887e-02 -4.150329814109274817e-01
4.900000000000000355e+00 1.272208633904104436e-01 -3.716738774502637566e-01
5.000000000000000000e+00 1.618199357407518191e-01 -3.042289401416665706e-01
5.099999999999999645e+00 1.880666514187437632e-01 -2.160592306676757390e-01
5.200000000000000178e+00 2.050317818742869724e-01 -1.221452940200354886e-01
5.299999999999999822e+00 2.124957102227508499e-01 -3.972812635814904070e-02
5.400000000000000355e+00 2.129774071459167861e-01 2.699576708613715681e-02
5.500000000000000000e+00 2.070965568055234129e-01 7.829050684211102951e-02
5.599999999999999645e+00 1.973193057774945691e-01 1.195056895054288360e-01
5.699999999999999289e+00 1.831954189044376624e-01 1.541636929042997650e-01
5.799999999999999822e+00 1.664865671966346272e-01 1.779530219847423878e-01
5.899999999999999467e+00 1.476048145074891627e-01 1.849271865101094203e-01
6.000000000000000000e+00 1.295011298946127376e-01 1.756579890981725400e-01
6.099999999999999645e+00 1.124732166878546630e-01 1.670476056976780144e-01
6.199999999999999289e+00 9.609160875507713473e-02 1.695531455091351392e-01
6.300000000000000711e+00 7.856258758602763237e-02 1.800488771053310733e-01
6.400000000000000355e+00 6.008183333401091730e-02 1.905395864637786929e-01
6.500000000000000000e+00 4.045467029327189795e-02 1.916184638500078585e-01
6.600000000000000533e+00 2.175814056400934490e-02 1.725294015299610462e-01
6.700000000000000178e+00 5.948789987279691494e-03 1.420564645929692782e-01
6.799999999999999822e+00 -6.653152354584511777e-03 1.187515666082011867e-01
6.899999999999999467e+00 -1.780152333436054932e-02 1.065831055124913662e-01
7.000000000000000000e+00 -2.796977345708278814e-02 9.709037679520485242e-02
7.099999999999999645e+00 -3.721959869340151633e-02 8.145557195910840820e-02
7.199999999999999289e+00 -4.426088784890447325e-02 5.280747784882547369e-02
7.299999999999998934e+00 -4.778109426316661662e-02 1.280675280021473239e-02
7.400000000000000355e+00 -4.682223840894741973e-02 -2.830536264530644774e-02
7.500000000000000000e+00 -4.212002173410532568e-02 -5.691200066691864956e-02
7.599999999999999645e+00 -3.543983827556368427e-02 -6.742943783846758188e-02
7.699999999999999289e+00 -2.863413416641180653e-02 -6.747429392535608805e-02
7.800000000000000711e+00 -2.194497949049246943e-02 -6.336258843961155296e-02
7.900000000000000355e+00 -1.596161647848949594e-02 -5.613117769886846048e-02
8.000000000000000000e+00 -1.071874395071877560e-02 -4.714769865520952730e-02
8.100000000000001421e+00 -6.532076747447591175e-03 -3.520510718306921194e-02
8.199999999999999289e+00 -3.677722514104931825e-03 -2.007114539546031237e-02
8.300000000000000711e+00 -2.517847668355528180e-03 -8.096584809075445949e-03
8.399999999999998579e+00 -2.058405552289842462e-03 -4.817283766651670428e-03
8.500000000000000000e+00 -1.554390915025193965e-03 -7.780795800590718792e-03
8.599999999999999645e+00 -5.022463921716986820e-04 -1.164319440918591339e-02
8.699999999999999289e+00 7.742479668119889085e-04 -1.218680052120075206e-02
8.799999999999998934e+00 1.935113712068451969e-03 -7.276925951931882339e-03
8.900000000000000355e+00 2.229633157198365398e-03 1.729803746807888343e-03
9.000000000000000000e+00 1.589152962706874214e-03 9.637099597953564800e-03
9.099999999999999645e+00 3.022132376076523729e-04 1.394587472530920379e-02
9.199999999999999289e+00 -1.200021982354966587e-03 1.590563711172412673e-02
9.300000000000000711e+00 -2.878914184737173254e-03 1.704144526990641201e-02
9.400000000000000355e+00 -4.608311036336249465e-03 1.734340961004321446e-02
9.500000000000000000e+00 -6.347596106745816667e-03 1.785591227638023970e-02
9.600000000000001421e+00 -8.179493491612297232e-03 1.903861109686737219e-02
9.699999999999999289e+00 -1.015531832611929128e-02 1.982303031207221372e-02
9.800000000000000711e+00 -1.214409955402673963e-02 1.983800920251841543e-02
9.899999999999998579e+00 -1.412292016662297471e-02 1.940138363866180521e-02
1.000000000000000000e+01 -1.602437628175910206e-02 1.788875894845851078e-02
1.009999999999999964e+01 -1.770067195631467791e-02 1.459761192052393131e-02
1.019999999999999929e+01 -1.894389866586388901e-02 9.299479310826808121e-03
1.029999999999999893e+01 -1.956056781848003814e-02 2.215510997219172218e-03
1.040000000000000036e+01 -1.938700086530772276e-02 -5.386748438347771506e-03
1.050000000000000000e+01 -1.848321813081048315e-02 -1.156673886557718633e-02
1.059999999999999964e+01 -1.707365309219228619e-02 -1.519587235908821665e-02
1.069999999999999929e+01 -1.544404365899284051e-02 -1.717059678823622260e-02
1.080000000000000071e+01 -1.363953373454503994e-02 -1.837149788583498228e-02
1.090000000000000036e+01 -1.176974408182584336e-02 -1.865924465722296199e-02
1.100000000000000000e+01 -9.907684803100447191e-03 -1.870198676728940246e-02
1.109999999999999964e+01 -8.029346728367962871e-03 -1.926001195310303449e-02
1.119999999999999929e+01 -6.055682412479840813e-03 -1.936488091050076951e-02
1.130000000000000071e+01 -4.156370546267809142e-03 -1.791542242198181437e-02
1.139999999999999858e+01 -2.472597928083477680e-03 -1.505991870377043108e-02
1.150000000000000000e+01 -1.144386805513722839e-03 -1.119188944261858935e-02
1.159999999999999964e+01 -2.342200395597595654e-04 -3.074798989034789078e-03
1.169999999999999929e+01 -5.294270077067649797e-04 -6.461657765384082059e-04
1.179999999999999893e+01 -1.049868842520779188e-04 -2.604596962421950115e-03
1.190000000000000036e+01 -8.507615222374906129e-06 -5.249344212603895398e-04
1.200000000000000000e+01 0.000000000000000000e+00 -8.507615222374905113e-05
