0.000000000000000000e+00 3.178730000000000018e+03 5.280850000000000364e+03
1.000000200000000089e-01 2.688380000000000109e+03 4.526183333333333394e+03
1.999999800000000216e-01 2.273500000000000000e+03 3.829516666666666424e+03
3.000000000000000444e-01 1.922480000000000018e+03 3.239949999999999818e+03
4.000000200000000117e-01 1.625510000000000218e+03 2.741033333333333303e+03
4.999999800000000105e-01 1.374270000000000209e+03 2.318816666666666606e+03
6.000000000000000888e-01 1.161740000000000009e+03 1.961549999999999955e+03
7.000000200000000561e-01 9.819639999999999418e+02 1.659218333333333476e+03
7.999999799999999439e-01 8.298990000000000009e+02 1.403400000000000091e+03
8.999999999999999112e-01 7.012840000000001055e+02 1.186941666666666606e+03
1.000000019999999878e+00 5.925100000000001046e+02 1.003794999999999959e+03
1.099999979999999988e+00 5.005250000000000341e+02 8.488400000000000318e+02
1.200000000000000178e+00 4.227420000000000186e+02 7.177400000000000091e+02
1.300000020000000145e+00 3.569760000000000559e+02 6.068300000000000409e+02
1.399999980000000033e+00 3.013760000000000332e+02 5.130049999999999955e+02
1.500000000000000000e+00 2.543750000000000000e+02 4.336366666666666561e+02
1.600000019999999967e+00 2.146490000000000009e+02 3.665016666666666652e+02
1.699999979999999855e+00 1.810750000000000171e+02 3.097183333333333053e+02
1.799999999999999822e+00 1.527050000000000125e+02 2.616949999999999932e+02
1.900000019999999790e+00 1.287359999999999900e+02 2.210799999999999841e+02
1.999999979999999900e+00 1.084890000000000185e+02 1.867366666666666788e+02
2.099999999999999645e+00 9.138870000000000005e+01 1.576976666666666631e+02
2.200000020000000056e+00 7.694930000000000803e+01 1.331463333333333310e+02
2.299999979999999944e+00 6.475940000000001362e+01 1.123913333333333213e+02
2.400000000000000355e+00 5.447100000000000364e+01 9.484783333333332678e+01
2.500000019999999878e+00 4.578980000000000672e+01 8.002083333333332860e+01
2.599999980000000210e+00 3.846690000000000254e+01 6.749116666666665765e+01
2.700000000000000178e+00 3.229160000000000252e+01 5.690466666666667095e+01
2.800000020000000145e+00 2.708600000000000207e+01 4.796133333333332871e+01
2.899999980000000033e+00 2.269930000000000092e+01 4.040766666666666396e+01
3.000000000000000000e+00 1.900440000000000040e+01 3.402883333333333127e+01
3.100000019999999967e+00 1.589360000000000106e+01 2.864333333333333087e+01
3.199999980000000299e+00 1.327580000000000204e+01 2.409749999999999659e+01
3.300000000000000266e+00 1.107410000000000139e+01 2.026133333333333297e+01
3.400000020000000234e+00 9.223480000000000345e+00 1.702516666666666723e+01
3.499999980000000122e+00 7.669039999999999857e+00 1.429574999999999996e+01
3.599999999999999645e+00 6.364320000000000199e+00 1.199463333333333281e+01
3.700000020000000056e+00 5.270109999999999850e+00 1.005529999999999902e+01
3.799999979999999944e+00 4.353260000000000574e+00 8.421516666666667206e+00
3.900000000000000355e+00 3.585810000000000386e+00 9.431833333333333513e+00
4.000000019999999878e+00 2.466900000000000315e+00 1.118908333333333438e+01
4.099999979999999766e+00 1.347990000000000244e+00 7.446333333333332583e+00
4.199999999999999289e+00 9.776310000000001388e-01 2.850433333333333596e+00
4.300000019999999701e+00 7.779030000000000111e-01 1.997283333333333299e+00
4.399999980000000477e+00 5.781749999999999945e-01 1.190503333333333247e+00
4.500000000000000000e+00 5.398020000000000040e-01 5.113149999999999640e-01
4.600000019999999523e+00 4.759120000000000572e-01 6.573600000000000554e-01
4.699999980000000299e+00 4.083300000000000818e-01 6.468583333333333130e-01
4.800000000000000711e+00 3.465400000000000147e-01 5.798766666666667069e-01
4.900000020000000234e+00 2.923550000000000315e-01 5.130166666666666764e-01
4.999999980000000122e+00 2.439369999999999872e-01 4.639633333333333387e-01
5.099999999999999645e+00 1.995620000000000172e-01 4.248783333333333023e-01
5.200000020000000056e+00 1.589610000000000190e-01 3.874183333333333645e-01
5.299999979999999944e+00 1.220790000000000070e-01 3.541249999999999676e-01
5.400000000000000355e+00 8.813600000000000600e-02 3.293366666666666664e-01
5.500000019999999878e+00 5.621129999999999877e-02 3.111949999999999994e-01
5.599999979999999766e+00 2.589690000000000047e-02 2.942783333333333640e-01
5.699999999999999289e+00 -2.644370000000000054e-03 2.731133333333333191e-01
5.800000019999999701e+00 -2.872560000000000391e-02 2.454016666666666568e-01
5.899999980000000477e+00 -5.172470000000000540e-02 2.136683333333333212e-01
6.000000000000000000e+00 -7.145930000000000337e-02 1.822016666666666784e-01
6.100000019999999523e+00 -8.816490000000000438e-02 1.540536666666666721e-01
6.199999980000000299e+00 -1.022699999999999998e-01 1.309606666666666697e-01
6.300000000000000711e+00 -1.143570000000000003e-01 1.132829999999999948e-01
6.400000020000000234e+00 -1.249270000000000103e-01 9.884683333333332822e-02
6.499999980000000122e+00 -1.341259999999999952e-01 8.457533333333332182e-02
6.600000000000000533e+00 -1.418419999999999959e-01 6.960949999999999083e-02
6.700000020000000944e+00 -1.480480000000000129e-01 5.455533333333333068e-02
6.799999979999999056e+00 -1.527530000000000276e-01 3.970850000000000074e-02
6.899999999999999467e+00 -1.559900000000000175e-01 2.500566666666666563e-02
7.000000019999999878e+00 -1.577540000000000053e-01 1.005424999999999895e-02
7.099999979999999766e+00 -1.580010000000000026e-01 -5.176949999999999608e-03
7.199999999999999289e+00 -1.567180000000000240e-01 -1.973449999999999857e-02
7.300000019999999701e+00 -1.540540000000000243e-01 -3.226450000000000151e-02
7.399999980000000477e+00 -1.502660000000000107e-01 -4.170333333333333531e-02
7.500000000000000000e+00 -1.457130000000000092e-01 -4.776499999999999496e-02
7.600000019999999523e+00 -1.407130000000000047e-01 -5.025949999999999862e-02
7.699999980000000299e+00 -1.356610000000000038e-01 -4.999833333333333213e-02
7.800000000000000711e+00 -1.307129999999999959e-01 -4.950866666666666610e-02
7.900000020000000234e+00 -1.257600000000000107e-01 -5.065399999999999764e-02
7.999999980000000122e+00 -1.205819999999999947e-01 -5.294433333333333630e-02
8.100000000000001421e+00 -1.151710000000000095e-01 -5.509449999999999764e-02
8.200000020000000944e+00 -1.095630000000000215e-01 -5.661733333333333201e-02
8.299999979999999056e+00 -1.038470000000000087e-01 -5.740400000000000363e-02
8.399999999999998579e+00 -9.808240000000001402e-02 -5.718049999999999522e-02
8.500000019999999878e+00 -9.241120000000001278e-02 -5.579800000000000038e-02
8.599999979999999766e+00 -8.692280000000000839e-02 -5.327950000000000047e-02
8.699999999999999289e+00 -8.175530000000000297e-02 -4.964083333333333542e-02
8.800000019999998813e+00 -7.699460000000001025e-02 -4.553183333333333388e-02
8.899999980000000477e+00 -7.264900000000000524e-02 -4.164716666666666567e-02
9.000000000000000000e+00 -6.866520000000000956e-02 -3.832449999999999746e-02
9.100000019999999523e+00 -6.498410000000000297e-02 -3.577600000000000224e-02
9.199999980000001187e+00 -6.151000000000000217e-02 -3.437783333333332969e-02
9.300000000000000711e+00 -5.810850000000000043e-02 -3.386600000000000027e-02
9.400000020000000234e+00 -5.473680000000000212e-02 -3.353366666666666995e-02
9.499999980000000122e+00 -5.140179999999999749e-02 -3.324133333333333107e-02
9.600000000000001421e+00 -4.808860000000000218e-02 -3.334449999999999914e-02
9.700000020000000944e+00 -4.473289999999999905e-02 -3.384016666666666423e-02
9.799999979999999056e+00 -4.132050000000000306e-02 -3.423133333333332889e-02
9.899999999999998579e+00 -3.788659999999999944e-02 -3.385683333333333600e-02
1.000000001999999988e+01 -3.454920000000000213e-02 -3.233733333333332904e-02
1.009999997999999977e+01 -3.141920000000000129e-02 -2.985016666666666721e-02
1.019999999999999929e+01 -2.857910000000000311e-02 -2.703133333333333430e-02
1.030000001999999881e+01 -2.601290000000000199e-02 -2.460833333333333275e-02
1.039999998000000048e+01 -2.365750000000000144e-02 -2.282516666666666721e-02
1.050000000000000000e+01 -2.144780000000000297e-02 -2.161099999999999827e-02
1.060000001999999952e+01 -1.933529999999999971e-02 -2.079016666666666513e-02
1.069999998000000119e+01 -1.728980000000000100e-02 -2.006483333333333036e-02
1.080000000000000071e+01 -1.532230000000000050e-02 -1.917716666666666875e-02
1.090000002000000023e+01 -1.345440000000000004e-02 -1.813349999999999684e-02
1.099999998000000012e+01 -1.169560000000000044e-02 -1.705833333333333507e-02
1.110000000000000142e+01 -1.004270000000000163e-02 -1.602128333333333390e-02
1.120000002000000094e+01 -8.491379999999999761e-03 -1.496933333333333276e-02
1.129999997999999906e+01 -7.048860000000000542e-03 -1.382605000000000119e-02
1.139999999999999858e+01 -5.726170000000000045e-03 -1.261838333333333180e-02
1.150000001999999988e+01 -4.525180000000000174e-03 -1.145208333333333321e-02
1.159999997999999977e+01 -3.435750000000000002e-03 -1.998549999999999979e-02
1.169999999999999929e+01 -5.280909999999999554e-04 -1.693633333333333449e-02
1.180000001999999881e+01 -4.847839999999999989e-05 -2.619983333333333365e-03
1.189999998000000048e+01 -4.093200000000000045e-06 -2.423916666666666450e-04
1.200000000000000000e+01 0.000000000000000000e+00 1.605258333333333136e-04
