0.000000000000000000e+00 5.094985662645152047e+01 1.152143823610441586e+01
1.000000000000000056e-01 4.979771280284108315e+01 1.152143823610438744e+01
2.000000000000000111e-01 4.864556897923064582e+01 1.152143823610438744e+01
3.000000000000000444e-01 4.749342515562020139e+01 1.152143823610438744e+01
4.000000000000000222e-01 4.634128133200977118e+01 1.152143823610438744e+01
5.000000000000000000e-01 4.518913750839932675e+01 1.152143823610435902e+01
6.000000000000000888e-01 4.403699368478889653e+01 1.152143823610435902e+01
6.999999999999999556e-01 4.288484986117845210e+01 1.152143823610438744e+01
8.000000000000000444e-01 4.173270603756802188e+01 1.152143823610438744e+01
8.999999999999999112e-01 4.058056221395757746e+01 1.152143823610438744e+01
1.000000000000000000e+00 3.942841839034714013e+01 1.152143823610438744e+01
1.099999999999999867e+00 3.827627456673669570e+01 1.152143823610438744e+01
1.200000000000000178e+00 3.712413074312626549e+01 1.152143823610435902e+01
1.300000000000000044e+00 3.597198691951582816e+01 1.152143823610438744e+01
1.399999999999999911e+00 3.481984309590538373e+01 1.152143823610438744e+01
1.500000000000000000e+00 3.366769927229494641e+01 1.152143823610435902e+01
1.600000000000000089e+00 3.251555544868451619e+01 1.152143823610438744e+01
1.699999999999999956e+00 3.136341162507407176e+01 1.152143823610438744e+01
1.799999999999999822e+00 3.021126780146363444e+01 1.152143823610435902e+01
1.899999999999999911e+00 2.905912397785320067e+01 1.152143823610438744e+01
2.000000000000000000e+00 2.790698015424275980e+01 1.152143823610438744e+01
2.099999999999999645e+00 2.675483633063232247e+01 1.152143823610435902e+01
2.199999999999999734e+00 2.560269250702188515e+01 1.152143823610438744e+01
2.299999999999999822e+00 2.445054868341144427e+01 1.152143823610441586e+01
2.400000000000000355e+00 2.329840485980100340e+01 1.152143823610438744e+01
2.500000000000000000e+00 2.214626103619056607e+01 1.152143823610435902e+01
2.600000000000000089e+00 2.099411721258013230e+01 1.152143823610438744e+01
2.700000000000000178e+00 1.984197338896969143e+01 1.152143823610438744e+01
2.799999999999999822e+00 1.868982956535925410e+01 1.152143823610435902e+01
2.899999999999999911e+00 1.753768574174881678e+01 1.152143823610438744e+01
3.000000000000000000e+00 1.638554191813837591e+01 1.152143823610435902e+01
3.099999999999999645e+00 1.523339809452794569e+01 1.152143823610435902e+01
3.200000000000000178e+00 1.408125427091750481e+01 1.152143823610443008e+01
3.300000000000000266e+00 1.292911044730706038e+01 1.152143823610438744e+01
3.399999999999999911e+00 1.177696662369662661e+01 1.152143823610437323e+01
3.500000000000000000e+00 1.062482280008618574e+01 1.152143823610437323e+01
3.599999999999999645e+00 9.472678976475751966e+00 1.152143823610437323e+01
3.700000000000000178e+00 8.320535152865309314e+00 1.152143823610438034e+01
3.799999999999999822e+00 7.168391329254875544e+00 1.107529137821039100e+01
3.900000000000000355e+00 6.105476877223232179e+00 9.269674993136124641e+00
4.000000000000000000e+00 5.314456330627650438e+00 7.694032912784670941e+00
4.099999999999999645e+00 4.566670294666297814e+00 7.252682731589594312e+00
4.199999999999999289e+00 3.863919784309731487e+00 6.696618037593289330e+00
4.299999999999999822e+00 3.227346687147639503e+00 5.956190088193817900e+00
4.399999999999999467e+00 2.672681766670967907e+00 5.123968597153019999e+00
4.500000000000000000e+00 2.202552967717035681e+00 4.274079940222794249e+00
4.599999999999999645e+00 1.817865778626408968e+00 3.469976318026484208e+00
4.700000000000000178e+00 1.508557704111738618e+00 2.792268124271847007e+00
4.800000000000000711e+00 1.259412153772039744e+00 2.304230045646130876e+00
4.900000000000000355e+00 1.047711694982512487e+00 1.983062527990823831e+00
5.000000000000000000e+00 8.627996481738748891e-01 1.767408275395800032e+00
5.099999999999999645e+00 6.942300399033524139e-01 1.604881400698295657e+00
5.200000000000000178e+00 5.418233680342157133e-01 1.442735133865930219e+00
5.299999999999999822e+00 4.056830131301663589e-01 1.253050788461280929e+00
5.400000000000000355e+00 2.912132103419595164e-01 1.058956790051788666e+00
5.500000000000000000e+00 1.938916551198086591e-01 9.054310683315501818e-01
5.599999999999999645e+00 1.101269966756494578e-01 8.020560001485558255e-01
5.699999999999999289e+00 3.348045509009747039e-02 7.299474644969075054e-01
5.799999999999999822e+00 -3.586249622373205437e-02 6.575224289911196784e-01
5.899999999999999467e+00 -9.802403070812647223e-02 5.592743861695865792e-01
6.000000000000000000e+00 -1.477173734576493480e-01 4.426962494042145924e-01
6.099999999999999645e+00 -1.865632805889693990e-01 3.387359523235944359e-01
6.199999999999999289e+00 -2.154645639223682352e-01 2.612849790524691684e-01
6.300000000000000711e+00 -2.388202763994632383e-01 2.085428909813937803e-01
6.400000000000000355e+00 -2.571731421186470024e-01 1.630538016367706344e-01
6.500000000000000000e+00 -2.714310367268173430e-01 1.133869347547866724e-01
6.600000000000000533e+00 -2.798505290696043368e-01 5.623169476845535364e-02
6.700000000000000178e+00 -2.826773756805084359e-01 -2.588525149801901293e-03
6.799999999999999822e+00 -2.793328240396439344e-01 -4.980134652151946284e-02
6.899999999999999467e+00 -2.727171063762045544e-01 -7.850274373418009155e-02
7.000000000000000000e+00 -2.636322752928079161e-01 -9.722518940557711709e-02
7.099999999999999645e+00 -2.532720684950890977e-01 -1.168451481619838805e-01
7.199999999999999289e+00 -2.402632456604111566e-01 -1.429068539479247946e-01
7.299999999999998934e+00 -2.246906977055041499e-01 -1.676880617974940701e-01
7.400000000000000355e+00 -2.067256333009123426e-01 -1.798569616522752712e-01
7.500000000000000000e+00 -1.887193053750491067e-01 -1.783071989751789932e-01
7.599999999999999645e+00 -1.710641935058765384e-01 -1.725920428530109962e-01
7.699999999999999289e+00 -1.542008968044469019e-01 -1.663128227927553882e-01
7.800000000000000711e+00 -1.378016289473254774e-01 -1.579552013356485540e-01
7.900000000000000355e+00 -1.226098565373171800e-01 -1.490657145451105281e-01
8.000000000000000000e+00 -1.079884860383033551e-01 -1.386106345286044483e-01
8.100000000000001421e+00 -9.488772963159629315e-02 -1.212922287504342167e-01
8.199999999999999289e+00 -8.373004028821651179e-02 -1.019344188347777180e-01
8.300000000000000711e+00 -7.450084586464074399e-02 -8.702434180673479514e-02
8.399999999999998579e+00 -6.632517192686955554e-02 -7.907476550625081035e-02
8.500000000000000000e+00 -5.868589276339058330e-02 -7.394997768392885806e-02
8.599999999999999645e+00 -5.153517639008378670e-02 -6.855203650143235072e-02
8.699999999999999289e+00 -4.497548546310411316e-02 -5.899492871601927368e-02
8.799999999999998934e+00 -3.973619064687992919e-02 -4.053720077610414863e-02
8.900000000000000355e+00 -3.686804530788328343e-02 -1.603219522281013054e-02
9.000000000000000000e+00 -3.652975160231790308e-02 4.946202933828219850e-03
9.099999999999999645e+00 -3.785728589464892879e-02 1.747179460271111595e-02
9.199999999999999289e+00 -4.002411052286012488e-02 1.823084897771359847e-02
9.300000000000000711e+00 -4.150345569019164849e-02 7.553000740778526012e-03
9.400000000000000355e+00 -4.153471067101582870e-02 -3.816516208438730517e-03
9.500000000000000000e+00 -4.074015244850390238e-02 -6.899389660045163186e-03
9.600000000000001421e+00 -4.015483273900680161e-02 -4.476089760862639322e-03
9.699999999999999289e+00 -3.984493449633137035e-02 -3.042731729205216951e-03
9.800000000000000711e+00 -3.954628639316575683e-02 -4.245131337228286172e-03
9.899999999999998579e+00 -3.899590822888571173e-02 -8.497161286631221833e-03
1.000000000000000000e+01 -3.784685413583951247e-02 -1.437666059704728605e-02
1.009999999999999964e+01 -3.612057610947625591e-02 -1.641988008573153079e-02
1.019999999999999929e+01 -3.456287811869320631e-02 -1.248444088217126602e-02
1.029999999999999893e+01 -3.362368793304200409e-02 -8.485941227156568178e-03
1.040000000000000036e+01 -3.286568987326188990e-02 -1.103808280860263391e-02
1.050000000000000000e+01 -3.141607137132147731e-02 -1.894755754251256641e-02
1.059999999999999964e+01 -2.907617836475937662e-02 -2.684762030393247900e-02
1.069999999999999929e+01 -2.604654731053497943e-02 -3.115038130736726141e-02
1.080000000000000071e+01 -2.284610210328592503e-02 -3.116217291985742821e-02
1.090000000000000036e+01 -1.981411272656349518e-02 -2.861106145534399181e-02
1.100000000000000000e+01 -1.712388981221712667e-02 -2.696796476035710766e-02
1.109999999999999964e+01 -1.442051977449207260e-02 -2.734584326494956391e-02
1.119999999999999929e+01 -1.165472115922721284e-02 -2.763564228461558303e-02
1.130000000000000071e+01 -8.893391317568955998e-03 -2.596838911284725382e-02
1.139999999999999858e+01 -6.461043336657761212e-03 -2.179743927548344687e-02
1.150000000000000000e+01 -4.533903462472265930e-03 -1.637304930435236686e-02
1.159999999999999964e+01 -3.186433475787287840e-03 -1.851822714570586226e-02
1.169999999999999929e+01 -8.302580333310934785e-04 -1.535639269120526312e-02
1.179999999999999893e+01 -1.151549375462349582e-04 -4.102330999373865299e-03
1.190000000000000036e+01 -9.791833456320365883e-06 -5.757746877311747773e-04
1.200000000000000000e+01 0.000000000000000000e+00 -9.791833456320365883e-05
