0.000000000000000000e+00 6.218622943158898408e+01 1.762228691785867341e+01
1.000000000000000056e-01 6.042400073980311959e+01 1.762228691785861656e+01
2.000000000000000111e-01 5.866177204801726219e+01 1.762228691785855972e+01
3.000000000000000444e-01 5.689954335623140480e+01 1.762228691785861656e+01
4.000000000000000222e-01 5.513731466444554030e+01 1.762228691785867341e+01
5.000000000000000000e-01 5.337508597265966870e+01 1.762228691785861656e+01
6.000000000000000888e-01 5.161285728087381131e+01 1.762228691785867341e+01
6.999999999999999556e-01 4.985062858908793260e+01 1.762228691785867341e+01
8.000000000000000444e-01 4.808839989730208231e+01 1.762228691785861656e+01
8.999999999999999112e-01 4.632617120551621070e+01 1.762228691785864498e+01
1.000000000000000000e+00 4.456394251373035331e+01 1.762228691785864498e+01
1.099999999999999867e+00 4.280171382194448171e+01 1.762228691785864498e+01
1.200000000000000178e+00 4.103948513015862432e+01 1.762228691785864498e+01
1.300000000000000044e+00 3.927725643837275271e+01 1.762228691785864498e+01
1.399999999999999911e+00 3.751502774658688821e+01 1.762228691785861656e+01
1.500000000000000000e+00 3.575279905480103082e+01 1.762228691785864498e+01
1.600000000000000089e+00 3.399057036301515922e+01 1.762228691785864498e+01
1.699999999999999956e+00 3.222834167122930182e+01 1.762228691785861656e+01
1.799999999999999822e+00 3.046611297944343733e+01 1.762228691785861656e+01
1.899999999999999911e+00 2.870388428765757638e+01 1.762228691785864498e+01
2.000000000000000000e+00 2.694165559587170833e+01 1.762228691785864498e+01
2.099999999999999645e+00 2.517942690408584738e+01 1.762228691785861656e+01
2.199999999999999734e+00 2.341719821229998644e+01 1.762228691785863077e+01
2.299999999999999822e+00 2.165496952051412194e+01 1.762228691785867341e+01
2.400000000000000355e+00 1.989274082872825034e+01 1.762228691785867341e+01
2.500000000000000000e+00 1.813051213694238584e+01 1.762228691785863077e+01
2.600000000000000089e+00 1.636828344515652489e+01 1.762228691785863077e+01
2.700000000000000178e+00 1.460605475337066039e+01 1.762228691785864498e+01
2.799999999999999822e+00 1.284382606158479589e+01 1.762228691785863077e+01
2.899999999999999911e+00 1.108159736979893495e+01 1.762228691785863077e+01
3.000000000000000000e+00 9.319368678013068674e+00 1.762228691785860946e+01
3.099999999999999645e+00 7.557139986227212169e+00 1.762228691785863433e+01
3.200000000000000178e+00 5.794911294441342342e+00 1.131637373415599512e+01
3.300000000000000266e+00 5.293865239396012612e+00 8.398177672796634852e+00
3.399999999999999911e+00 4.115275759882015549e+00 1.023556081039939869e+01
3.500000000000000000e+00 3.246753077316133052e+00 7.648646346791100115e+00
3.599999999999999645e+00 2.585546490523795260e+00 5.872530266016422473e+00
3.700000000000000178e+00 2.072247024112848557e+00 4.623368202817569994e+00
3.799999999999999822e+00 1.660872849960281172e+00 3.684277977682941518e+00
3.900000000000000355e+00 1.335391428576260253e+00 2.941688669916564969e+00
4.000000000000000000e+00 1.072535115976968267e+00 2.364331512952973391e+00
4.099999999999999645e+00 8.625251259856654418e-01 1.904507234300312213e+00
4.199999999999999289e+00 6.916336691169058248e-01 1.541006366176089770e+00
4.299999999999999822e+00 5.543238527504474877e-01 1.254976288138257345e+00
4.399999999999999467e+00 4.406384114892543113e-01 1.052033530809131756e+00
4.500000000000000000e+00 3.439171465886211032e-01 9.177934212891698529e-01
4.599999999999999645e+00 2.570797272314203075e-01 8.265925847138674287e-01
4.700000000000000178e+00 1.785986296458476064e-01 7.481606444403651190e-01
4.800000000000000711e+00 1.074475983433472726e-01 6.595245468190421567e-01
4.900000000000000355e+00 4.669372028203916392e-02 5.497901924938922713e-01
5.000000000000000000e+00 -2.510440155431180580e-03 4.329678423793331121e-01
5.099999999999999645e+00 -3.989984819382746961e-02 3.195297531748290121e-01
5.200000000000000178e+00 -6.641639079039698967e-02 2.169404848179291856e-01
5.299999999999999822e+00 -8.328794515741330673e-02 1.328865177019597499e-01
5.400000000000000355e+00 -9.299369433078893965e-02 7.451031593137380504e-02
5.500000000000000000e+00 -9.819000834368807329e-02 3.528059694385571321e-02
5.599999999999999645e+00 -1.000498137195600795e-01 4.035079467222091321e-03
5.699999999999999289e+00 -9.899702423713248323e-02 -2.746074506628720657e-02
5.799999999999999822e+00 -9.455766470630264098e-02 -5.913071668668212766e-02
5.899999999999999467e+00 -8.717088089979606325e-02 -8.382352915533219928e-02
6.000000000000000000e+00 -7.779295887523619835e-02 -8.872796298937696280e-02
6.099999999999999645e+00 -6.942528830192067069e-02 -6.776511723357930839e-02
6.199999999999999289e+00 -6.423993542852034222e-02 -3.289087201766838220e-02
6.300000000000000711e+00 -6.284711389838698592e-02 -4.409632605949620476e-03
6.400000000000000355e+00 -6.335800890733041257e-02 9.548284495082992596e-03
6.500000000000000000e+00 -6.475677079740359277e-02 1.036706096096612351e-02
6.600000000000000533e+00 -6.543142109952364283e-02 -3.791127642010505561e-04
6.700000000000000178e+00 -6.468094824456337155e-02 -1.786454895395900300e-02
6.799999999999999822e+00 -6.185851130873183668e-02 -3.056435759212300374e-02
6.899999999999999467e+00 -5.856807672613877774e-02 -3.186943595118268968e-02
7.000000000000000000e+00 -5.548462411849530013e-02 -2.637613223046053612e-02
7.099999999999999645e+00 -5.329285028004666913e-02 -1.914706690996270666e-02
7.199999999999999289e+00 -5.165521073650275463e-02 -1.070493188004367768e-02
7.299999999999998934e+00 -5.115186390403793359e-02 -1.514288932318585967e-03
7.400000000000000355e+00 -5.135235295003903744e-02 9.089712045757647463e-03
7.500000000000000000e+00 -5.296980631318946170e-02 2.141242524484282539e-02
7.599999999999999645e+00 -5.563483799900760529e-02 3.158425427972055832e-02
7.699999999999999289e+00 -5.928665716913357475e-02 3.624761207918886230e-02
7.800000000000000711e+00 -6.288436041484538053e-02 3.571183360568941367e-02
7.900000000000000355e+00 -6.642902389027145749e-02 3.153344522156148466e-02
8.000000000000000000e+00 -6.919104945915767468e-02 2.543452418656494407e-02
8.100000000000001421e+00 -7.151592872758444352e-02 2.018272149598637766e-02
8.199999999999999289e+00 -7.322759375835495577e-02 1.513047364258790495e-02
8.300000000000000711e+00 -7.454202345610203007e-02 7.932307723756193418e-03
8.399999999999998579e+00 -7.481405530310618335e-02 -3.930695665159467111e-03
8.500000000000000000e+00 -7.375588432307013387e-02 -1.792917540111760299e-02
8.599999999999999645e+00 -7.122822022288266552e-02 -2.925537287632329342e-02
8.699999999999999289e+00 -6.790480974780548074e-02 -3.547365915902400690e-02
8.799999999999998934e+00 -6.413348839107786692e-02 -3.777269686773537805e-02
8.900000000000000355e+00 -6.035027037425839957e-02 -3.801458080555941699e-02
9.000000000000000000e+00 -5.653057222996598491e-02 -3.961513931192134352e-02
9.099999999999999645e+00 -5.242724251187413226e-02 -4.437193012057036312e-02
9.199999999999999289e+00 -4.765618620585190812e-02 -5.148005546338196847e-02
9.300000000000000711e+00 -4.213123141919773718e-02 -5.803169382858427983e-02
9.400000000000000355e+00 -3.604984744013505632e-02 -6.101251111487471235e-02
9.500000000000000000e+00 -2.992872919622279262e-02 -6.001872580053130291e-02
9.600000000000001421e+00 -2.404610228002879158e-02 -5.620183204094590657e-02
9.699999999999999289e+00 -1.868836278803361062e-02 -4.902552316383060327e-02
9.800000000000000711e+00 -1.424099764726267231e-02 -3.893175021903631794e-02
9.899999999999998579e+00 -1.090201274422634807e-02 -2.985710403334947832e-02
1.000000000000000000e+01 -8.269576840592774911e-03 -2.487549825998372141e-02
1.009999999999999964e+01 -5.926913092229603094e-03 -2.292612118314611355e-02
1.019999999999999929e+01 -3.684352603963552894e-03 -2.098292923210762218e-02
1.029999999999999893e+01 -1.730327245808078139e-03 -1.683444369833189680e-02
1.040000000000000036e+01 -3.174638642971731439e-04 -1.014911916307286409e-02
1.050000000000000000e+01 2.994965868064948956e-04 -2.877324053052403730e-03
1.059999999999999964e+01 2.580009463133076456e-04 1.975647322192861880e-03
1.069999999999999929e+01 -9.563287763207753466e-05 3.382406670892958503e-03
1.080000000000000071e+01 -4.184803878652840984e-04 2.754286369334407129e-03
1.090000000000000036e+01 -6.464901514989589929e-04 1.464370947058957293e-03
1.100000000000000000e+01 -7.113545772770755136e-04 1.215677826890116352e-04
1.109999999999999964e+01 -6.708037080367613633e-04 -6.323508403577328928e-04
1.119999999999999929e+01 -5.848844092055289785e-04 -3.651308424066235930e-04
1.130000000000000071e+01 -5.977775395554366447e-04 6.602012150701275228e-04
1.139999999999999858e+01 -7.169246522195544830e-04 1.760044426244649057e-03
1.150000000000000000e+01 -9.497864248043663693e-04 2.213218959873723343e-03
1.159999999999999964e+01 -1.159568444194299108e-03 -2.390325936946957955e-03
1.169999999999999929e+01 -4.717212374149748109e-04 -5.331605549317199044e-03
1.179999999999999893e+01 -9.324733433085929946e-05 -2.309257994032836835e-03
1.190000000000000036e+01 -9.869638608407382818e-06 -4.662366716542964973e-04
1.200000000000000000e+01 0.000000000000000000e+00 -9.869638608407382818e-05
