0.000000000000000000e+00 6.338310660683662690e+01 1.480317807669541708e+01
1.000000000000000056e-01 6.190278879916708377e+01 1.480317807669541708e+01
2.000000000000000111e-01 6.042247099149754064e+01 1.480317807669541708e+01
3.000000000000000444e-01 5.894215318382799751e+01 1.480317807669530339e+01
4.000000000000000222e-01 5.746183537615848280e+01 1.480317807669530339e+01
5.000000000000000000e-01 5.598151756848893967e+01 1.480317807669541708e+01
6.000000000000000888e-01 5.450119976081939654e+01 1.480317807669541708e+01
6.999999999999999556e-01 5.302088195314985342e+01 1.480317807669536023e+01
8.000000000000000444e-01 5.154056414548032450e+01 1.480317807669536023e+01
8.999999999999999112e-01 5.006024633781078137e+01 1.480317807669536023e+01
1.000000000000000000e+00 4.857992853014125245e+01 1.480317807669536023e+01
1.099999999999999867e+00 4.709961072247170932e+01 1.480317807669536023e+01
1.200000000000000178e+00 4.561929291480218041e+01 1.480317807669536023e+01
1.300000000000000044e+00 4.413897510713263728e+01 1.480317807669541708e+01
1.399999999999999911e+00 4.265865729946310125e+01 1.480317807669536023e+01
1.500000000000000000e+00 4.117833949179356523e+01 1.480317807669536023e+01
1.600000000000000089e+00 3.969802168412402921e+01 1.480317807669536023e+01
1.699999999999999956e+00 3.821770387645449318e+01 1.480317807669536023e+01
1.799999999999999822e+00 3.673738606878495006e+01 1.480317807669536023e+01
1.899999999999999911e+00 3.525706826111542114e+01 1.480317807669536023e+01
2.000000000000000000e+00 3.377675045344587801e+01 1.480317807669538865e+01
2.099999999999999645e+00 3.229643264577634199e+01 1.480317807669536023e+01
2.199999999999999734e+00 3.081611483810680951e+01 1.480317807669538865e+01
2.299999999999999822e+00 2.933579703043726639e+01 1.480317807669541708e+01
2.400000000000000355e+00 2.785547922276772681e+01 1.480317807669536023e+01
2.500000000000000000e+00 2.637516141509819434e+01 1.480317807669536023e+01
2.600000000000000089e+00 2.489484360742865476e+01 1.480317807669538865e+01
2.700000000000000178e+00 2.341452579975911874e+01 1.480317807669536023e+01
2.799999999999999822e+00 2.193420799208958272e+01 1.480317807669536023e+01
2.899999999999999911e+00 2.045389018442004669e+01 1.480317807669536023e+01
3.000000000000000000e+00 1.897357237675050712e+01 1.480317807669536023e+01
3.099999999999999645e+00 1.749325456908097109e+01 1.480317807669538865e+01
3.200000000000000178e+00 1.601293676141143152e+01 1.480317807669541708e+01
3.300000000000000266e+00 1.453261895374188839e+01 1.480317807669536023e+01
3.399999999999999911e+00 1.305230114607235947e+01 1.480317807669536023e+01
3.500000000000000000e+00 1.157198333840281634e+01 1.480317807669536734e+01
3.599999999999999645e+00 1.009166553073328565e+01 1.480317807669536734e+01
3.700000000000000178e+00 8.611347723063742521e+00 1.480317807669536734e+01
3.799999999999999822e+00 7.131029915394211827e+00 8.787489917307262033e+00
3.900000000000000355e+00 6.853849739602290825e+00 7.084199010417112419e+00
4.000000000000000000e+00 5.714190113310788632e+00 1.064228663071757808e+01
4.099999999999999645e+00 4.725392413458775032e+00 8.952066406990837777e+00
4.199999999999999289e+00 3.923776831912621166e+00 7.311998073434747170e+00
4.299999999999999822e+00 3.262992798771825687e+00 6.125981042815078936e+00
4.399999999999999467e+00 2.698580623349605467e+00 5.270897888733831138e+00
4.500000000000000000e+00 2.208813221025059281e+00 4.575748822801086746e+00
4.599999999999999645e+00 1.783430858789388118e+00 3.965073808714782544e+00
4.700000000000000178e+00 1.415798459282102684e+00 3.409607514271785433e+00
4.800000000000000711e+00 1.101509355935030854e+00 2.909044145535785830e+00
4.900000000000000355e+00 8.339896301749455398e-01 2.484219194961362565e+00
5.000000000000000000e+00 6.046655169427583854e-01 2.135113847778524310e+00
5.099999999999999645e+00 4.069668606192407001e-01 1.835699484536544190e+00
5.200000000000000178e+00 2.375256200354495251e-01 1.573155313262254662e+00
5.299999999999999822e+00 9.233579796678972884e-02 1.340833309820491870e+00
5.400000000000000355e+00 -3.064104192864884960e-02 1.123849664026764561e+00
5.500000000000000000e+00 -1.324341348385631723e-01 9.177957702489224490e-01
5.599999999999999645e+00 -2.142001959784333442e-01 7.336282537957622418e-01
5.699999999999999289e+00 -2.791597855977156484e-01 5.848075162644705838e-01
5.799999999999999822e+00 -3.311616992313274888e-01 4.757262533301684915e-01
5.899999999999999467e+00 -3.743050362637493356e-01 3.922234460108573462e-01
6.000000000000000000e+00 -4.096063884334989469e-01 3.125227018995608841e-01
6.099999999999999645e+00 -4.368095766436614902e-01 2.259105160586263317e-01
6.199999999999999289e+00 -4.547884916452242243e-01 1.343206556490676995e-01
6.300000000000000711e+00 -4.636737077734750523e-01 4.711473119327003189e-02
6.400000000000000355e+00 -4.642114378838781974e-01 -2.725726216553647774e-02
6.500000000000000000e+00 -4.582222553403677567e-01 -8.539154208046939587e-02
6.600000000000000533e+00 -4.471331294677843293e-01 -1.263689762148270113e-01
6.700000000000000178e+00 -4.329484600974023434e-01 -1.555562330967741325e-01
6.799999999999999822e+00 -4.160218828484295028e-01 -1.874968763298126007e-01
6.899999999999999467e+00 -3.954490848314398121e-01 -2.255782039167948394e-01
7.000000000000000000e+00 -3.709062420650705572e-01 -2.567690070390038493e-01
7.099999999999999645e+00 -3.440952834236390423e-01 -2.726472512548250293e-01
7.199999999999999289e+00 -3.163767918141055513e-01 -2.741309268861051862e-01
7.299999999999998934e+00 -2.892690980464180384e-01 -2.638062403579144455e-01
7.400000000000000355e+00 -2.636155437425226622e-01 -2.489821929264326439e-01
7.500000000000000000e+00 -2.394726594611314985e-01 -2.373152667915505720e-01
7.599999999999999645e+00 -2.161524903842125256e-01 -2.279272395474314372e-01
7.699999999999999289e+00 -1.938872115516452055e-01 -2.172792284834439425e-01
7.800000000000000711e+00 -1.726966446875237426e-01 -2.036184979482894564e-01
7.900000000000000355e+00 -1.531635119619872976e-01 -1.877284755965956675e-01
8.000000000000000000e+00 -1.351509495682045869e-01 -1.719466151053905545e-01
8.100000000000001421e+00 -1.187741889409091867e-01 -1.579453085930924150e-01
8.199999999999999289e+00 -1.035618878495861150e-01 -1.448561437576580957e-01
8.300000000000000711e+00 -8.980296018937757030e-02 -1.281569414484324265e-01
8.399999999999998579e+00 -7.793049955989962696e-02 -1.041201839493182124e-01
8.500000000000000000e+00 -6.897892339951393337e-02 -7.809183175648348740e-02
8.599999999999999645e+00 -6.231213320860293226e-02 -5.694190049521796748e-02
8.699999999999999289e+00 -5.759054330047033710e-02 -3.797418124277129881e-02
8.799999999999998934e+00 -5.471729696004867111e-02 -1.816057732451709095e-02
8.900000000000000355e+00 -5.395842783556691752e-02 -6.525573766195114089e-04
9.000000000000000000e+00 -5.458678548472476605e-02 1.098209745800726722e-02
9.099999999999999645e+00 -5.615484732716836958e-02 1.654362859997809965e-02
9.199999999999999289e+00 -5.789551120472039014e-02 1.537070432046044877e-02
9.300000000000000711e+00 -5.922898819126046210e-02 1.021769165950114910e-02
9.400000000000000355e+00 -5.993904953662061719e-02 5.569142067483046077e-03
9.500000000000000000e+00 -6.034281660475707132e-02 4.137743652815606410e-03
9.600000000000001421e+00 -6.076659826718373847e-02 4.289957552508716354e-03
9.699999999999999289e+00 -6.120080811525881181e-02 3.896846734801562295e-03
9.800000000000000711e+00 -6.154596761414404815e-02 1.184191133684786568e-03
9.899999999999998579e+00 -6.143764634199577052e-02 -4.431631934014135243e-03
1.000000000000000000e+01 -6.065964122734122249e-02 -1.291002842970179199e-02
1.009999999999999964e+01 -5.885564065605541212e-02 -2.177916315202843567e-02
1.019999999999999929e+01 -5.630380859693553952e-02 -2.890003563652987495e-02
1.029999999999999893e+01 -5.307563352874943713e-02 -3.398009044279667878e-02
1.040000000000000036e+01 -4.950779050837619821e-02 -3.658114168118697940e-02
1.050000000000000000e+01 -4.575940519251203709e-02 -3.710153238976141021e-02
1.059999999999999964e+01 -4.208748403042392172e-02 -3.727602725492379365e-02
1.069999999999999929e+01 -3.830419974152728113e-02 -3.901341376357667090e-02
1.080000000000000071e+01 -3.428480127770858199e-02 -4.207532385153725518e-02
1.090000000000000036e+01 -2.988913497121982801e-02 -4.481836062026456347e-02
1.100000000000000000e+01 -2.532112915365566930e-02 -4.470505285072044754e-02
1.109999999999999964e+01 -2.094812440107574059e-02 -4.044203955551234353e-02
1.119999999999999929e+01 -1.723272124255320267e-02 -3.319689856065971556e-02
1.130000000000000071e+01 -1.430874468894379609e-02 -2.635819216741394980e-02
1.139999999999999858e+01 -1.196108280907041098e-02 -2.275055934732837098e-02
1.150000000000000000e+01 -9.758632819478120501e-03 -2.260115277955344198e-02
1.159999999999999964e+01 -7.440852253159721888e-03 -4.024162363861455427e-02
1.169999999999999929e+01 -1.710308091755209994e-03 -3.619325060149373302e-02
1.179999999999999893e+01 -2.022021328609750290e-04 -8.475324152214283938e-03
1.190000000000000036e+01 -1.524326131235329456e-05 -1.011010664304875118e-03
1.200000000000000000e+01 0.000000000000000000e+00 -1.524326131235329354e-04
