0.000000000000000000e+00 1.198443299999999994e+02 4.016330333333333868e+01
1.001999999999999974e-01 1.158280000000000030e+02 4.016330333333333868e+01
1.998000000000000331e-01 1.118116700000000066e+02 4.016330333333333868e+01
3.000000000000000444e-01 1.077953400000000101e+02 4.016330333333333868e+01
4.002000000000000002e-01 1.037790099999999995e+02 4.016330333333333868e+01
4.998000000000000220e-01 9.976268000000000313e+01 4.016330333333333868e+01
6.000000000000000888e-01 9.574635000000000673e+01 4.016330333333333868e+01
7.001999999999999336e-01 9.173002000000001033e+01 4.016330333333333868e+01
7.998000000000000664e-01 8.771368999999999971e+01 4.016330333333333868e+01
8.999999999999999112e-01 8.369736000000000331e+01 4.016330333333333868e+01
1.000199999999999978e+00 7.968103000000000691e+01 4.016330333333333868e+01
1.099799999999999889e+00 7.566468999999999312e+01 4.016330333333333868e+01
1.200000000000000178e+00 7.164836000000001093e+01 4.016330333333333868e+01
1.300200000000000022e+00 6.763203000000000031e+01 4.016330333333333868e+01
1.399799999999999933e+00 6.361570000000000391e+01 4.016330333333333868e+01
1.500000000000000000e+00 5.959937000000000040e+01 4.016330333333333868e+01
1.600200000000000067e+00 5.558304000000001110e+01 4.016330333333333868e+01
1.699799999999999978e+00 5.156671000000000049e+01 4.016330333333333868e+01
1.799999999999999822e+00 4.755038000000000409e+01 4.016330333333333868e+01
1.900199999999999889e+00 4.353405000000000769e+01 4.016330333333333868e+01
1.999800000000000022e+00 3.951772000000000418e+01 4.016330333333333868e+01
2.099999999999999645e+00 3.550139000000000067e+01 4.016330333333333868e+01
2.200200000000000156e+00 3.148506000000000071e+01 4.016330333333333868e+01
2.299799999999999844e+00 2.746873000000000076e+01 4.016330333333333868e+01
2.400000000000000355e+00 2.345240000000000080e+01 4.016330333333333868e+01
2.500199999999999978e+00 1.943607000000000085e+01 4.016330333333333868e+01
2.599800000000000111e+00 1.541973999999999911e+01 4.016330333333333868e+01
2.700000000000000178e+00 1.140341000000000093e+01 4.016330333333333868e+01
2.800200000000000244e+00 7.387080000000000979e+00 4.068991499999999917e+01
2.899799999999999933e+00 3.265430000000000277e+00 2.713680333333333294e+01
3.000000000000000000e+00 1.959720000000000129e+00 1.145865666666666627e+01
3.100200000000000067e+00 9.736900000000000555e-01 8.753009999999999735e+00
3.199799999999999756e+00 2.091200000000000281e-01 6.950455000000000716e+00
3.300000000000000266e+00 -4.163999999999999924e-01 5.683645000000000280e+00
3.400199999999999889e+00 -9.276100000000000456e-01 4.701591666666667280e+00
3.499800000000000466e+00 -1.356720000000000148e+00 3.882221666666666682e+00
3.599999999999999645e+00 -1.704060000000000130e+00 3.213403333333333389e+00
3.700200000000000156e+00 -1.999400000000000066e+00 2.745489999999999764e+00
3.799799999999999844e+00 -2.253160000000000274e+00 2.358138333333333669e+00
3.900000000000000355e+00 -2.471020000000000216e+00 2.029099999999999682e+00
4.000199999999999534e+00 -2.658980000000000121e+00 1.680343333333333300e+00
4.099800000000000111e+00 -2.807090000000000529e+00 1.266703333333333292e+00
4.199999999999999289e+00 -2.912320000000000242e+00 8.953433333333332689e-01
4.300200000000000244e+00 -2.986159999999999926e+00 5.859383333333333388e-01
4.399799999999999933e+00 -3.029500000000000526e+00 3.026749999999999718e-01
4.500000000000000000e+00 -3.046699999999999964e+00 -3.962333333333333679e-02
4.600200000000000067e+00 -3.021580000000000155e+00 -4.196166666666666378e-01
4.699799999999999756e+00 -2.962770000000000348e+00 -7.118800000000000683e-01
4.800000000000000711e+00 -2.879200000000000426e+00 -8.639033333333333564e-01
4.900199999999999889e+00 -2.789989999999999970e+00 -8.930083333333332929e-01
4.999800000000000466e+00 -2.700600000000000112e+00 -9.183883333333332510e-01
5.099999999999999645e+00 -2.606310000000000127e+00 -9.585550000000000459e-01
5.200200000000000600e+00 -2.508890000000000065e+00 -9.577783333333333982e-01
5.299799999999999400e+00 -2.414760000000000240e+00 -9.072566666666667112e-01
5.400000000000000355e+00 -2.327440000000000175e+00 -8.588700000000000223e-01
5.500199999999999534e+00 -2.242980000000000196e+00 -8.536583333333332968e-01
5.599800000000000111e+00 -2.156709999999999905e+00 -8.670616666666666195e-01
5.699999999999999289e+00 -2.069570000000000132e+00 -8.799866666666665838e-01
5.800200000000000244e+00 -1.980709999999999971e+00 -8.726116666666665633e-01
5.899799999999999933e+00 -1.895050000000000345e+00 -8.773466666666666081e-01
6.000000000000000000e+00 -1.805239999999999956e+00 -8.726283333333333392e-01
6.100199999999999179e+00 -1.720520000000000271e+00 -8.683716666666666528e-01
6.199800000000000644e+00 -1.631569999999999965e+00 -9.133816666666666473e-01
6.300000000000000711e+00 -1.537850000000000161e+00 -9.241800000000000015e-01
6.400199999999999889e+00 -1.446730000000000071e+00 -8.973549999999999027e-01
6.499799999999999578e+00 -1.358380000000000143e+00 -8.725166666666666071e-01
6.600000000000000533e+00 -1.272230000000000194e+00 -8.462549999999999795e-01
6.700200000000000600e+00 -1.189130000000000020e+00 -7.659500000000000197e-01
6.799799999999999400e+00 -1.119040000000000035e+00 -6.876916666666665900e-01
6.899999999999999467e+00 -1.051590000000000025e+00 -6.380933333333334012e-01
7.000200000000000422e+00 -9.914199999999999680e-01 -5.467466666666667141e-01
7.099800000000000111e+00 -9.422399999999999665e-01 -4.735650000000000137e-01
7.199999999999999289e+00 -8.967100000000001181e-01 -4.348500000000000143e-01
7.300199999999999356e+00 -8.552699999999999747e-01 -4.083866666666666756e-01
7.399800000000000821e+00 -8.150300000000000322e-01 -3.339183333333333170e-01
7.500000000000000000e+00 -7.884800000000000697e-01 -2.388433333333333242e-01
7.600199999999999179e+00 -7.672600000000000531e-01 -1.857133333333333136e-01
7.699800000000000644e+00 -7.513400000000000079e-01 -1.126400000000000040e-01
7.800000000000000711e+00 -7.447300000000001141e-01 -6.782666666666667399e-02
7.900199999999999889e+00 -7.377799999999999914e-01 -7.134000000000000064e-02
7.999799999999999578e+00 -7.304599999999999982e-01 -5.340833333333332850e-02
8.100000000000001421e+00 -7.270900000000000141e-01 -2.580333333333333437e-02
8.200200000000000600e+00 -7.253000000000000558e-01 -1.253166666666666665e-02
8.299799999999999400e+00 -7.245900000000000674e-01 5.911666666666666632e-03
8.399999999999998579e+00 -7.264900000000000801e-01 3.631666666666666377e-02
8.500199999999999534e+00 -7.318500000000001116e-01 5.082999999999999324e-02
8.599800000000000111e+00 -7.366500000000000270e-01 4.893499999999999933e-02
8.699999999999999289e+00 -7.416400000000000770e-01 5.794500000000000345e-02
8.800200000000000244e+00 -7.482400000000000162e-01 5.765166666666666356e-02
8.899800000000000821e+00 -7.531700000000000061e-01 3.289333333333332998e-02
9.000000000000000000e+00 -7.548200000000000465e-01 9.570000000000000381e-03
9.100199999999999179e+00 -7.550799999999999734e-01 -1.385833333333333361e-02
9.199799999999999756e+00 -7.520500000000001073e-01 -3.476333333333333359e-02
9.300000000000000711e+00 -7.481300000000000727e-01 -5.055500000000000271e-02
9.400199999999999889e+00 -7.419400000000000439e-01 -8.253833333333333855e-02
9.499800000000000466e+00 -7.316200000000000481e-01 -1.200433333333333352e-01
9.600000000000001421e+00 -7.179299999999999571e-01 -1.362849999999999895e-01
9.700200000000000600e+00 -7.043700000000000516e-01 -1.400600000000000178e-01
9.799799999999999400e+00 -6.899200000000000887e-01 -1.657133333333333236e-01
9.899999999999998579e+00 -6.712200000000000388e-01 -2.158150000000000068e-01
1.000019999999999953e+01 -6.467500000000000471e-01 -2.657116666666666793e-01
1.009980000000000011e+01 -6.180799999999999628e-01 -2.888183333333333436e-01
1.019999999999999929e+01 -5.889900000000000135e-01 -2.939999999999999836e-01
1.030020000000000024e+01 -5.592800000000001104e-01 -3.272866666666666702e-01
1.039980000000000082e+01 -5.235299999999999399e-01 -3.580349999999999921e-01
1.050000000000000000e+01 -4.876699999999999924e-01 -3.656983333333333475e-01
1.060019999999999918e+01 -4.503900000000000126e-01 -3.680249999999999910e-01
1.069979999999999976e+01 -4.140699999999999936e-01 -3.580583333333333118e-01
1.080000000000000071e+01 -3.787800000000000056e-01 -3.908699999999999952e-01
1.090019999999999989e+01 -3.358900000000000219e-01 -4.774116666666666786e-01
1.099980000000000047e+01 -2.833000000000000518e-01 -5.339200000000000612e-01
1.110000000000000142e+01 -2.291100000000000358e-01 -5.261200000000000321e-01
1.120020000000000060e+01 -1.780700000000000061e-01 -4.912799999999999945e-01
1.129979999999999940e+01 -1.308499999999999941e-01 -4.436483333333333112e-01
1.139999999999999858e+01 -8.934000000000000274e-02 -3.682199999999999918e-01
1.150019999999999953e+01 -5.721000000000001084e-02 -2.803683333333333305e-01
1.159980000000000011e+01 -3.327000000000000096e-02 -2.625666666666666704e-01
1.169999999999999929e+01 -4.700000000000000185e-03 -1.643266666666666764e-01
1.180020000000000024e+01 -4.100000000000000454e-04 -2.330666666666666650e-02
1.189980000000000082e+01 -4.000000000000000327e-05 -2.026666666666666634e-03
1.200000000000000000e+01 0.000000000000000000e+00 -3.583333333333332794e-04
