0.000000000000000000e+00 4.896188106395592143e+01 1.557722623558851183e+01
1.000000000000000056e-01 4.740415844039706883e+01 1.557722623558851183e+01
2.000000000000000111e-01 4.584643581683821623e+01 1.557722623558851183e+01
3.000000000000000444e-01 4.428871319327936362e+01 1.557722623558851183e+01
4.000000000000000222e-01 4.273099056972051812e+01 1.557722623558851183e+01
5.000000000000000000e-01 4.117326794616166552e+01 1.557722623558854025e+01
6.000000000000000888e-01 3.961554532260280581e+01 1.557722623558854025e+01
6.999999999999999556e-01 3.805782269904395321e+01 1.557722623558854025e+01
8.000000000000000444e-01 3.650010007548510060e+01 1.557722623558851183e+01
8.999999999999999112e-01 3.494237745192625511e+01 1.557722623558851183e+01
1.000000000000000000e+00 3.338465482836739540e+01 1.557722623558851183e+01
1.099999999999999867e+00 3.182693220480854990e+01 1.557722623558851183e+01
1.200000000000000178e+00 3.026920958124969374e+01 1.557722623558854025e+01
1.300000000000000044e+00 2.871148695769084114e+01 1.557722623558851183e+01
1.399999999999999911e+00 2.715376433413199209e+01 1.557722623558851183e+01
1.500000000000000000e+00 2.559604171057313948e+01 1.557722623558851183e+01
1.600000000000000089e+00 2.403831908701428688e+01 1.557722623558851183e+01
1.699999999999999956e+00 2.248059646345543783e+01 1.557722623558851183e+01
1.799999999999999822e+00 2.092287383989658522e+01 1.557722623558851183e+01
1.899999999999999911e+00 1.936515121633773617e+01 1.557722623558851183e+01
2.000000000000000000e+00 1.780742859277888357e+01 1.557722623558851183e+01
2.099999999999999645e+00 1.624970596922003097e+01 1.557722623558851183e+01
2.199999999999999734e+00 1.469198334566118014e+01 1.557722623558852604e+01
2.299999999999999822e+00 1.313426072210232576e+01 1.557722623558855446e+01
2.400000000000000355e+00 1.157653809854346960e+01 1.557722623558854025e+01
2.500000000000000000e+00 1.001881547498461877e+01 1.557722623558851183e+01
2.600000000000000089e+00 8.461092851425766170e+00 1.557722623558851183e+01
2.700000000000000178e+00 6.903370227866915343e+00 1.557722623558851893e+01
2.799999999999999822e+00 5.345647604308062739e+00 1.557722623558851893e+01
2.899999999999999911e+00 3.787924980749211912e+00 1.557722623558851360e+01
3.000000000000000000e+00 2.230202357190360196e+00 1.123366844149587962e+01
3.099999999999999645e+00 1.541191292450035943e+00 5.892807332045738811e+00
3.200000000000000178e+00 1.051640890781212256e+00 4.289888141795767496e+00
3.300000000000000266e+00 6.832136640908822445e-01 3.225170774321167055e+00
3.399999999999999911e+00 4.066067359169788786e-01 2.382052220122374386e+00
3.500000000000000000e+00 2.068032200664073617e-01 1.680496260032195766e+00
3.599999999999999645e+00 7.050748391053969499e-02 1.122667840854502108e+00
3.700000000000000178e+00 -1.773034810449308427e-02 7.192802172859600329e-01
3.799999999999999822e+00 -7.334855954665232824e-02 4.607016317113186710e-01
3.900000000000000355e+00 -1.098706744467568275e-01 3.247981129002510126e-01
4.000000000000000000e+00 -1.383081821267025391e-01 2.743069178526765795e-01
4.099999999999999645e+00 -1.647320580172921545e-01 2.597594713425932511e-01
4.199999999999999289e+00 -1.902600763952211893e-01 2.371705323284756251e-01
4.299999999999999822e+00 -2.121661644829872795e-01 1.819393710424686006e-01
4.399999999999999467e+00 -2.266479506037148983e-01 9.241314651256682389e-02
4.500000000000000000e+00 -2.306487937855006276e-01 -1.348014388426177490e-02
4.599999999999999645e+00 -2.239519218268625489e-01 -1.122562853545625572e-01
4.700000000000000178e+00 -2.081975367145881273e-01 -1.884320570210888945e-01
4.800000000000000711e+00 -1.862655104226447755e-01 -2.375771991267293659e-01
4.900000000000000355e+00 -1.606820968892422596e-01 -2.586862276718684406e-01
5.000000000000000000e+00 -1.345282648882710763e-01 -2.451086479246550320e-01
5.099999999999999645e+00 -1.116603673043112394e-01 -1.950456339195369426e-01
5.200000000000000178e+00 -9.551913810436368779e-02 -1.214826966518511853e-01
5.299999999999999822e+00 -8.736382797394100230e-02 -4.514864401521295756e-02
5.400000000000000355e+00 -8.648940930132109628e-02 1.484268983082465132e-02
5.500000000000000000e+00 -9.033236594010593534e-02 4.317037617948871198e-02
5.599999999999999645e+00 -9.512348453721884700e-02 3.889888192548740520e-02
5.699999999999999289e+00 -9.811214232520341916e-02 1.954273787160804021e-02
5.799999999999999822e+00 -9.903203211154044949e-02 6.409007145956713281e-03
5.899999999999999467e+00 -9.939394375439475349e-02 6.855521220631433099e-03
6.000000000000000000e+00 -1.004031363556667361e-01 1.651814367548493090e-02
6.099999999999999645e+00 -1.026975724894917397e-01 3.076236043298974376e-02
6.199999999999999289e+00 -1.065556084422646932e-01 4.873305532660854311e-02
6.300000000000000711e+00 -1.124441835548134483e-01 6.968056178044657045e-02
6.400000000000000355e+00 -1.204917207983540045e-01 8.680489247635259087e-02
6.500000000000000000e+00 -1.298051620500839665e-01 8.883228912257101761e-02
6.600000000000000533e+00 -1.382581786228682108e-01 6.181606449816057225e-02
6.700000000000000178e+00 -1.421683749497160976e-01 -2.951094866638692693e-03
6.799999999999999822e+00 -1.376679596495404556e-01 -9.669190560785645427e-02
6.899999999999999467e+00 -1.228299938281448012e-01 -1.902934004457799144e-01
7.000000000000000000e+00 -9.960927956038448383e-02 -2.501333176628265376e-01
7.099999999999999645e+00 -7.280333029557949087e-02 -2.536184902785982298e-01
7.199999999999999289e+00 -4.888558150466483510e-02 -2.029180232962145558e-01
7.299999999999998934e+00 -3.221972563633657138e-02 -1.228125222024655100e-01
7.400000000000000355e+00 -2.432307706417173240e-02 -4.239120412709941610e-02
7.500000000000000000e+00 -2.374148481091668816e-02 2.070496275873463798e-02
7.599999999999999645e+00 -2.846406961591865792e-02 6.380205630663270122e-02
7.699999999999999289e+00 -3.650189607224323118e-02 9.077432216752165384e-02
7.800000000000000711e+00 -4.661893404942299424e-02 1.038946476889192200e-01
7.900000000000000355e+00 -5.728082561002707795e-02 1.043339661422267306e-01
8.000000000000000000e+00 -6.748572727786833481e-02 9.370445438034141761e-02
8.100000000000001421e+00 -7.602171648609536148e-02 7.380018734518789536e-02
8.199999999999999289e+00 -8.224576474690592498e-02 5.013150917547687380e-02
8.300000000000000711e+00 -8.604801832119074456e-02 2.860975116067598911e-02
8.399999999999998579e+00 -8.796771497904111448e-02 1.069231002210901949e-02
8.500000000000000000e+00 -8.818648032561254846e-02 -4.583067618942060495e-03
8.599999999999999645e+00 -8.705110145525270238e-02 -1.782819908337496262e-02
8.699999999999999289e+00 -8.462084050893754761e-02 -3.071423975929510330e-02
8.799999999999998934e+00 -8.090825350339368727e-02 -4.361008772523755628e-02
8.900000000000000355e+00 -7.589882296389004190e-02 -5.532904683273864865e-02
9.000000000000000000e+00 -6.984244413684595476e-02 -6.481157856929403716e-02
9.099999999999999645e+00 -6.293650725003123447e-02 -7.040886624985914777e-02
9.199999999999999289e+00 -5.576067088687412104e-02 -7.089959021225616942e-02
9.300000000000000711e+00 -4.875658920757999781e-02 -6.692598349048498041e-02
9.400000000000000355e+00 -4.237547418877712913e-02 -6.013875042517013991e-02
9.500000000000000000e+00 -3.672883912254596567e-02 -5.306931930316263757e-02
9.600000000000001421e+00 -3.176161032814459745e-02 -4.735755748558576061e-02
9.699999999999999289e+00 -2.725732762542881424e-02 -4.356333997320256668e-02
9.800000000000000711e+00 -2.304894233350408481e-02 -4.196054096057785787e-02
9.899999999999998579e+00 -1.886521943331324197e-02 -4.015380511420274523e-02
1.000000000000000000e+01 -1.501818131066353507e-02 -3.478523490425058928e-02
1.009999999999999964e+01 -1.190817245246312411e-02 -2.591651617508343441e-02
1.019999999999999929e+01 -9.834878075646848183e-03 -1.604588589137819626e-02
1.029999999999999893e+01 -8.698995274187484514e-03 -7.993027490256529588e-03
1.040000000000000036e+01 -8.236272577595541919e-03 -3.519597465969831473e-03
1.050000000000000000e+01 -7.995075780993517178e-03 -2.523776613428695137e-03
1.059999999999999964e+01 -7.731517254909801851e-03 -3.570621812374191739e-03
1.069999999999999929e+01 -7.280951418518678830e-03 -5.312534988922201773e-03
1.080000000000000071e+01 -6.669010257125362190e-03 -6.713892839767483800e-03
1.090000000000000036e+01 -5.938172850565182764e-03 -7.579511016142657237e-03
1.100000000000000000e+01 -5.153108053896830569e-03 -8.260171598313204716e-03
1.109999999999999964e+01 -4.286138530902541648e-03 -9.169685115652088936e-03
1.119999999999999929e+01 -3.319171030766412522e-03 -1.002119258159343308e-02
1.130000000000000071e+01 -2.281900014583854424e-03 -1.013841384865724060e-02
1.139999999999999858e+01 -1.291488261034964185e-03 -8.986687617212673479e-03
1.150000000000000000e+01 -4.845624911413198475e-04 -6.869316227641911708e-03
1.159999999999999964e+01 8.237498449341816521e-05 -2.270412047449545459e-03
1.169999999999999929e+01 -3.048008165141075023e-05 3.603695217571421350e-04
1.179999999999999893e+01 1.030108014198973280e-05 -1.661194848679777448e-04
1.190000000000000036e+01 2.743815322184797799e-06 5.150540070994865722e-05
1.200000000000000000e+01 0.000000000000000000e+00 2.743815322184797715e-05
