0.000000000000000000e+00 7.603350460168741847e+03 1.069647577977175388e+04
1.000000000000000056e-01 6.533702882191566459e+03 9.947692240597349155e+03
2.000000000000000111e-01 5.613812012049271289e+03 8.554700515252519835e+03
3.000000000000000444e-01 4.822762779141062310e+03 7.356273056578593241e+03
4.000000000000000222e-01 4.142557400733552640e+03 6.325270200394621497e+03
5.000000000000000000e-01 3.557708739062137738e+03 5.438335396906937603e+03
6.000000000000000888e-01 3.054890321352165302e+03 4.675368052492514835e+03
6.999999999999999556e-01 2.622635128563634680e+03 4.019069814908321860e+03
8.000000000000000444e-01 2.251076358370500657e+03 3.454554070796926680e+03
8.999999999999999112e-01 1.931724314404249299e+03 2.969009849547695922e+03
1.000000000000000000e+00 1.657274388460961745e+03 2.551412554240870122e+03
1.099999999999999867e+00 1.421441803556075229e+03 2.192274996199836096e+03
1.200000000000000178e+00 1.218819389220994481e+03 1.883433118404136621e+03
1.300000000000000044e+00 1.044755179875247904e+03 1.617861575162260124e+03
1.399999999999999911e+00 8.952470741885423422e+02 1.389515008637544724e+03
1.500000000000000000e+00 7.668521781477388686e+02 1.193191442241248751e+03
1.600000000000000089e+00 6.566087857402926602e+02 1.024414709614806270e+03
1.699999999999999956e+00 5.619692362247776600e+02 8.793332671623893475e+02
1.799999999999999822e+00 4.807421323078146997e+02 7.546331075413759208e+02
1.899999999999999911e+00 4.110426147165024418e+02 6.474628095008388300e+02
2.000000000000000000e+00 3.512495704076469565e+02 5.553690331457630691e+02
2.099999999999999645e+00 2.999688080873498279e+02 4.762410052676664236e+02
2.199999999999999734e+00 2.560013693541136490e+02 4.082627421305992357e+02
2.299999999999999822e+00 2.183162596612299922e+02 3.498719316067697491e+02
2.400000000000000355e+00 1.860269830327597163e+02 2.997245467520988313e+02
2.500000000000000000e+00 1.583713503108102145e+02 2.566643921852753465e+02
2.600000000000000089e+00 1.346941045957046299e+02 2.196968958986684584e+02
2.700000000000000178e+00 1.144319711310765229e+02 1.879665548944423108e+02
2.799999999999999822e+00 9.710079361681617627e+01 1.607375254635448982e+02
2.899999999999999911e+00 8.228446603836754036e+01 1.373769198671353138e+02
3.000000000000000000e+00 6.962540964338910499e+01 1.173404322390741754e+02
3.099999999999999645e+00 5.881637959055269960e+01 1.001599690809991046e+02
3.200000000000000178e+00 4.959341582718928976e+01 8.543300495313317811e+01
3.300000000000000266e+00 4.172977859992606398e+01 7.281342289425094805e+01
3.399999999999999911e+00 3.503073124833909446e+01 6.200363261089376010e+01
3.500000000000000000e+00 2.932905207774730982e+01 5.274778831454577244e+01
3.599999999999999645e+00 2.448117358542994282e+01 4.482595290637068786e+01
3.700000000000000178e+00 2.036386149647317367e+01 3.804907657187200698e+01
3.799999999999999822e+00 1.687135827105553787e+01 3.225467623430755282e+01
3.900000000000000355e+00 1.391292624961166169e+01 2.730311814043425755e+01
4.000000000000000000e+00 1.141073464296868778e+01 3.570154400180175003e+01
4.099999999999999645e+00 6.772617449251311150e+00 3.636964801635301114e+01
4.199999999999999289e+00 4.136805039698084663e+00 1.719503845232816630e+01
4.299999999999999822e+00 3.333609758785677890e+00 1.224922206636979638e+01
4.399999999999999467e+00 1.686960626424125032e+00 8.275052480734006011e+00
4.500000000000000000e+00 1.678599262638876599e+00 1.512012302391657848e+00
4.599999999999999645e+00 1.384558165945793284e+00 2.999014394002936790e+00
4.700000000000000178e+00 1.078796383838289241e+00 2.829069336798329282e+00
4.800000000000000711e+00 8.187442985861275169e-01 2.329686281204055742e+00
4.900000000000000355e+00 6.128591275974780705e-01 1.827055262775339362e+00
5.000000000000000000e+00 4.533332460310595668e-01 1.435739775729188983e+00
5.099999999999999645e+00 3.257111724516402185e-01 1.181391862283198924e+00
5.200000000000000178e+00 2.170548735744197710e-01 1.026654282294553466e+00
5.299999999999999822e+00 1.203803159927295252e-01 9.213782154701141147e-01
5.400000000000000355e+00 3.277923048039694393e-02 8.490870320972662144e-01
5.500000000000000000e+00 -4.943709042672373571e-02 8.075492368002544774e-01
5.599999999999999645e+00 -1.287306168796539529e-01 7.815573390332971604e-01
5.699999999999999289e+00 -2.057485582333831720e-01 7.520444125414695868e-01
5.799999999999999822e+00 -2.791394993879478537e-01 7.059874463321029747e-01
5.899999999999999467e+00 -3.469460474998037891e-01 6.373496982428634716e-01
6.000000000000000000e+00 -4.066094390365205813e-01 5.452054661680814096e-01
6.099999999999999645e+00 -4.559871407334200599e-01 4.337651975548295624e-01
6.199999999999999289e+00 -4.933624785474864938e-01 3.185482141244611043e-01
6.300000000000000711e+00 -5.196967835583122808e-01 2.173671855920007445e-01
6.400000000000000355e+00 -5.368359156658866205e-01 1.363037037268721718e-01
6.500000000000000000e+00 -5.469575243036867152e-01 7.172854513057735915e-02
6.600000000000000533e+00 -5.511816246920021589e-01 2.081692340829377486e-02
6.700000000000000178e+00 -5.511209089853454923e-01 -1.999613972323732725e-02
6.799999999999999822e+00 -5.471823967473546935e-01 -4.968424761134970780e-02
6.899999999999999467e+00 -5.411840594630755730e-01 -6.355598989647326391e-02
7.000000000000000000e+00 -5.344711987680600407e-01 -6.246242342594277019e-02
7.099999999999999645e+00 -5.286915747778869745e-01 -5.389354001096924307e-02
7.199999999999999289e+00 -5.236924907658661033e-01 -4.156404357502951896e-02
7.299999999999998934e+00 -5.203787660628810263e-01 -2.683665937462542672e-02
7.400000000000000355e+00 -5.183251588909411067e-01 -1.665820136225137915e-02
7.500000000000000000e+00 -5.170471257904307727e-01 -2.144489391977266735e-02
7.599999999999999645e+00 -5.140361801069864844e-01 -4.443229845282115065e-02
7.699999999999999289e+00 -5.081606660998665426e-01 -8.129361591909889384e-02
7.800000000000000711e+00 -4.977774569231667723e-01 -1.262049070035740073e-01
7.900000000000000355e+00 -4.829196846991517522e-01 -1.689320814636929846e-01
8.000000000000000000e+00 -4.639910406304281754e-01 -2.008219105500046453e-01
8.100000000000001421e+00 -4.427553025891508565e-01 -2.198345841469544482e-01
8.199999999999999289e+00 -4.200241238010372635e-01 -2.256017968870314139e-01
8.300000000000000711e+00 -3.976349432117445293e-01 -2.191728323408590473e-01
8.399999999999998579e+00 -3.761895573328654652e-01 -2.087627699708676232e-01
8.500000000000000000e+00 -3.558823892175710379e-01 -2.033284123965553025e-01
8.599999999999999645e+00 -3.355238748535543936e-01 -2.052516598883300514e-01
8.699999999999999289e+00 -3.148320572399050388e-01 -2.127706016681414347e-01
8.799999999999998934e+00 -2.929697545199260733e-01 -2.230435725635060429e-01
8.900000000000000355e+00 -2.702233427272037747e-01 -2.294009379133497006e-01
9.000000000000000000e+00 -2.470895669372561443e-01 -2.245018208143056970e-01
9.099999999999999645e+00 -2.253229785643426630e-01 -2.079935489428721418e-01
9.199999999999999289e+00 -2.054908571486817326e-01 -1.870466444906767611e-01
9.300000000000000711e+00 -1.879136496662072997e-01 -1.670777793995720240e-01
9.400000000000000355e+00 -1.720753012687673278e-01 -1.488360567992971228e-01
9.500000000000000000e+00 -1.581464383063478918e-01 -1.318756114786431288e-01
9.600000000000001421e+00 -1.457001789730386909e-01 -1.177606940172913896e-01
9.699999999999999289e+00 -1.345942995028895917e-01 -1.084223146229155166e-01
9.800000000000000711e+00 -1.240157160484555848e-01 -1.061194077168570171e-01
9.899999999999998579e+00 -1.133704179595181882e-01 -1.097878287156925925e-01
1.000000000000000000e+01 -1.020581503053170636e-01 -1.148197000015535596e-01
1.009999999999999964e+01 -9.040647795920747631e-02 -1.174155791679956651e-01
1.019999999999999929e+01 -7.857503447171793054e-02 -1.168890233731365580e-01
1.029999999999999893e+01 -6.702867328458016194e-02 -1.136086797835703099e-01
1.040000000000000036e+01 -5.585329851500386855e-02 -1.092412997111126272e-01
1.050000000000000000e+01 -4.518041334235764483e-02 -1.044547065397379570e-01
1.059999999999999964e+01 -3.496235720705628131e-02 -9.833594464904249488e-02
1.069999999999999929e+01 -2.551322441254914170e-02 -8.977900891416937257e-02
1.080000000000000071e+01 -1.700655542422240332e-02 -7.920449175870061809e-02
1.090000000000000036e+01 -9.672326060809019466e-03 -6.714387152379695800e-02
1.100000000000000000e+01 -3.577781119463010594e-03 -5.402079763477428409e-02
1.109999999999999964e+01 1.131833466145838784e-03 -3.977917565856001203e-02
1.119999999999999929e+01 4.378054012248991898e-03 -2.519779597743520075e-02
1.130000000000000071e+01 6.171392661632879063e-03 -1.167692708639817001e-02
1.139999999999999858e+01 6.713439429528626073e-03 -8.223873649389652762e-04
1.150000000000000000e+01 6.335870134620672639e-03 6.668940418943957588e-03
1.159999999999999964e+01 5.379651345739834382e-03 2.453330538281325857e-02
1.169999999999999929e+01 1.429209058058020058e-03 2.600655383151045941e-02
1.179999999999999893e+01 1.783405794377419860e-04 7.052268740600214393e-03
1.190000000000000036e+01 1.875530993797690742e-05 8.917028971887099031e-04
1.200000000000000000e+01 0.000000000000000000e+00 1.875530993797690606e-04
