0.000000000000000000e+00 8.350164999999999793e+01 2.178543166666666764e+01
1.001999999999999974e-01 8.132310999999999979e+01 2.178543166666666764e+01
1.998000000000000331e-01 7.914456000000001268e+01 2.178543166666666764e+01
3.000000000000000444e-01 7.696602000000001453e+01 2.178543166666666764e+01
4.002000000000000002e-01 7.478748000000000218e+01 2.178543166666666764e+01
4.998000000000000220e-01 7.260893000000000086e+01 2.178543166666666764e+01
6.000000000000000888e-01 7.043039000000000271e+01 2.178543166666666764e+01
7.001999999999999336e-01 6.825185000000000457e+01 2.178543166666666764e+01
7.998000000000000664e-01 6.607330000000000325e+01 2.178543166666666764e+01
8.999999999999999112e-01 6.389475999999999800e+01 2.178543166666666764e+01
1.000199999999999978e+00 6.171621999999999986e+01 2.178543166666666764e+01
1.099799999999999889e+00 5.953767000000000564e+01 2.178543166666666764e+01
1.200000000000000178e+00 5.735913000000000750e+01 2.178543166666666764e+01
1.300200000000000022e+00 5.518058999999999514e+01 2.178543166666666764e+01
1.399799999999999933e+00 5.300204000000000093e+01 2.178543166666666764e+01
1.500000000000000000e+00 5.082350000000000279e+01 2.178543166666666764e+01
1.600200000000000067e+00 4.864495999999999754e+01 2.178543166666666764e+01
1.699799999999999978e+00 4.646641999999999939e+01 2.178543166666666764e+01
1.799999999999999822e+00 4.428786999999999807e+01 2.178543166666666764e+01
1.900199999999999889e+00 4.210932999999999993e+01 2.178543166666666764e+01
1.999800000000000022e+00 3.993079000000000178e+01 2.178543166666666764e+01
2.099999999999999645e+00 3.775224000000000046e+01 2.178543166666666764e+01
2.200200000000000156e+00 3.557370000000000232e+01 2.178543166666666764e+01
2.299799999999999844e+00 3.339515999999999707e+01 2.178543166666666764e+01
2.400000000000000355e+00 3.121660999999999930e+01 2.178543166666666764e+01
2.500199999999999978e+00 2.903807000000000116e+01 2.178543166666666764e+01
2.599800000000000111e+00 2.685953000000000301e+01 2.178543166666666764e+01
2.700000000000000178e+00 2.468098000000000170e+01 2.178543166666666764e+01
2.800200000000000244e+00 2.250244000000000355e+01 2.178543166666666764e+01
2.899799999999999933e+00 2.032390000000000185e+01 2.178543166666666764e+01
3.000000000000000000e+00 1.814535000000000053e+01 2.178543166666666764e+01
3.100200000000000067e+00 1.596681000000000239e+01 2.178543166666666764e+01
3.199799999999999756e+00 1.378827000000000069e+01 2.178543166666666764e+01
3.300000000000000266e+00 1.160972000000000115e+01 2.178543166666666764e+01
3.400199999999999889e+00 9.431180000000001229e+00 2.178543166666666764e+01
3.499800000000000466e+00 7.252639999999999532e+00 2.178543166666666764e+01
3.599999999999999645e+00 5.074090000000000877e+00 2.178543166666666764e+01
3.700200000000000156e+00 2.895550000000000068e+00 1.540052666666666603e+01
3.799799999999999844e+00 1.993990000000000151e+00 8.409979999999999123e+00
3.900000000000000355e+00 1.213550000000000129e+00 7.283749999999999503e+00
4.000199999999999534e+00 5.372400000000000508e-01 6.136198333333332755e+00
4.099800000000000111e+00 -1.368000000000000119e-02 4.851658333333332962e+00
4.199999999999999289e+00 -4.330899999999999750e-01 3.719408333333333427e+00
4.300200000000000244e+00 -7.575700000000000767e-01 2.864034999999999886e+00
4.399799999999999933e+00 -1.005900000000000016e+00 2.247453333333333081e+00
4.500000000000000000e+00 -1.207060000000000244e+00 1.832694999999999963e+00
4.600200000000000067e+00 -1.372440000000000104e+00 1.446250000000000036e+00
4.699799999999999756e+00 -1.496310000000000251e+00 1.094330000000000025e+00
4.800000000000000711e+00 -1.591310000000000002e+00 8.183749999999999636e-01
4.900199999999999889e+00 -1.659980000000000011e+00 6.442983333333333062e-01
4.999800000000000466e+00 -1.720159999999999911e+00 5.208549999999999569e-01
5.099999999999999645e+00 -1.764150000000000107e+00 3.075483333333333125e-01
5.200200000000000600e+00 -1.781670000000000087e+00 1.126516666666666638e-01
5.299799999999999400e+00 -1.786680000000000268e+00 -3.742999999999999799e-02
5.400000000000000355e+00 -1.774190000000000156e+00 -1.400766666666666826e-01
5.500199999999999534e+00 -1.758670000000000178e+00 -1.627800000000000080e-01
5.599800000000000111e+00 -1.741630000000000011e+00 -2.655700000000000283e-01
5.699999999999999289e+00 -1.705549999999999899e+00 -4.806850000000000289e-01
5.800200000000000244e+00 -1.645499999999999963e+00 -5.979366666666665608e-01
5.899799999999999933e+00 -1.585970000000000102e+00 -6.019266666666667209e-01
6.000000000000000000e+00 -1.525109999999999966e+00 -6.289500000000000091e-01
6.100199999999999179e+00 -1.460180000000000256e+00 -6.747733333333333361e-01
6.199800000000000644e+00 -1.390160000000000062e+00 -6.705849999999999866e-01
6.300000000000000711e+00 -1.326060000000000016e+00 -6.611366666666665948e-01
6.400199999999999889e+00 -1.257929999999999993e+00 -6.267399999999999638e-01
6.499799999999999578e+00 -1.200709999999999944e+00 -6.062216666666666587e-01
6.600000000000000533e+00 -1.136679999999999913e+00 -6.334100000000000286e-01
6.700200000000000600e+00 -1.074030000000000040e+00 -6.373416666666665842e-01
6.799799999999999400e+00 -1.009220000000000006e+00 -5.190449999999999786e-01
6.899999999999999467e+00 -9.702199999999999713e-01 -4.361716666666666797e-01
7.000200000000000422e+00 -9.219800000000000217e-01 -4.477566666666666917e-01
7.099800000000000111e+00 -8.806699999999999529e-01 -4.254683333333332818e-01
7.199999999999999289e+00 -8.368900000000000228e-01 -3.903150000000000230e-01
7.300199999999999356e+00 -8.026100000000000456e-01 -4.024933333333333141e-01
7.399800000000000821e+00 -7.563900000000001178e-01 -4.939933333333333398e-01
7.500000000000000000e+00 -7.038100000000000467e-01 -6.035266666666666557e-01
7.600199999999999179e+00 -6.356800000000000228e-01 -6.223983333333332757e-01
7.699800000000000644e+00 -5.793300000000000116e-01 -6.083166666666667277e-01
7.800000000000000711e+00 -5.140200000000000324e-01 -5.631049999999999667e-01
7.900199999999999889e+00 -4.667099999999999582e-01 -5.211949999999999639e-01
7.999799999999999578e+00 -4.097800000000000331e-01 -5.133300000000000640e-01
8.100000000000001421e+00 -3.640400000000000302e-01 -3.933833333333333626e-01
8.200200000000000600e+00 -3.311000000000000054e-01 -2.322966666666666513e-01
8.299799999999999400e+00 -3.175800000000000289e-01 -1.271100000000000008e-01
8.399999999999998579e+00 -3.056800000000000073e-01 -5.926499999999999824e-02
8.500199999999999534e+00 -3.057300000000000573e-01 9.069999999999999937e-03
8.599800000000000111e+00 -3.075000000000000511e-01 2.316333333333333092e-02
8.699999999999999289e+00 -3.103600000000000247e-01 2.977499999999999938e-02
8.800200000000000244e+00 -3.134500000000000064e-01 8.125833333333332131e-02
8.899800000000000821e+00 -3.266100000000000114e-01 1.176916666666666528e-01
9.000000000000000000e+00 -3.369900000000000118e-01 1.270950000000000135e-01
9.100199999999999179e+00 -3.520300000000000651e-01 1.598133333333333350e-01
9.199799999999999756e+00 -3.689500000000000002e-01 1.882016666666666560e-01
9.300000000000000711e+00 -3.896700000000000164e-01 2.118983333333333274e-01
9.400199999999999889e+00 -4.113299999999999734e-01 2.128016666666666667e-01
9.499800000000000466e+00 -4.322300000000000586e-01 1.566333333333333189e-01
9.600000000000001421e+00 -4.426599999999999979e-01 1.175966666666666549e-01
9.700200000000000600e+00 -4.557500000000000440e-01 1.002049999999999885e-01
9.799799999999999400e+00 -4.627000000000000002e-01 4.833500000000000296e-02
9.899999999999998579e+00 -4.654200000000000559e-01 -2.128333333333333639e-03
1.000019999999999953e+01 -4.622700000000000142e-01 -2.402500000000000122e-02
1.009980000000000011e+01 -4.606099999999999639e-01 -4.529333333333333128e-02
1.019999999999999929e+01 -4.532199999999999562e-01 -6.904000000000000414e-02
1.030020000000000024e+01 -4.468099999999999850e-01 -9.010999999999999566e-02
1.039980000000000082e+01 -4.351899999999999658e-01 -1.312949999999999950e-01
1.050000000000000000e+01 -4.205499999999999794e-01 -1.605499999999999705e-01
1.060019999999999918e+01 -4.030800000000000494e-01 -1.542550000000000032e-01
1.069979999999999976e+01 -3.896999999999999909e-01 -1.707866666666666422e-01
1.080000000000000071e+01 -3.689299999999999802e-01 -2.603066666666666307e-01
1.090019999999999989e+01 -3.376300000000000412e-01 -3.545633333333333415e-01
1.099980000000000047e+01 -2.980100000000000526e-01 -4.219866666666666211e-01
1.110000000000000142e+01 -2.532400000000000206e-01 -4.706966666666667076e-01
1.120020000000000060e+01 -2.038699999999999957e-01 -4.654033333333333355e-01
1.129979999999999940e+01 -1.601599999999999968e-01 -4.286050000000000137e-01
1.139999999999999858e+01 -1.181500000000000050e-01 -3.885033333333333116e-01
1.150019999999999953e+01 -8.246000000000000552e-02 -3.257916666666666461e-01
1.159980000000000011e+01 -5.300000000000000544e-02 -3.733849999999999669e-01
1.169999999999999929e+01 -7.779999999999999589e-03 -2.618900000000000117e-01
1.180020000000000024e+01 -6.199999999999999999e-04 -3.857999999999999624e-02
1.189980000000000082e+01 -5.999999999999999474e-05 -3.086666666666666812e-03
1.200000000000000000e+01 0.000000000000000000e+00 -6.233333333333333781e-04
