0.000000000000000000e+00 1.412427438961216285e+04 2.182525873806932941e+04
1.000000000000000056e-01 1.194174851580522954e+04 2.014429666329342581e+04
2.000000000000000111e-01 1.009541505695347769e+04 1.704088458294605516e+04
3.000000000000000444e-01 8.533571599216018512e+03 1.441477404052103520e+04
4.000000000000000222e-01 7.212460248849271011e+03 1.219262088042606047e+04
5.000000000000000000e-01 6.095047423130807147e+03 1.031234618397401937e+04
6.000000000000000888e-01 5.149991012054466410e+03 8.721406404400211613e+03
6.999999999999999556e-01 4.350766142250764460e+03 7.375329103367152129e+03
8.000000000000000444e-01 3.674925191381036257e+03 6.236473511429383507e+03
8.999999999999999112e-01 3.103471439964887395e+03 5.272981395252083530e+03
1.000000000000000000e+00 2.620328912330619460e+03 4.457889013609796166e+03
1.099999999999999867e+00 2.211893637242928435e+03 3.768375429877194620e+03
1.200000000000000178e+00 1.866653826355180399e+03 3.185126245758005098e+03
1.300000000000000044e+00 1.574868388091327233e+03 2.691795035107138574e+03
1.399999999999999911e+00 1.328294819333752685e+03 2.274547477369115768e+03
1.500000000000000000e+00 1.119958892617504034e+03 1.921675493142517553e+03
1.600000000000000089e+00 9.439597207052491967e+02 1.623270633802977500e+03
1.699999999999999956e+00 7.953047658569084888e+02 1.370947627259533419e+03
1.799999999999999822e+00 6.697701952533425356e+02 1.157610378724220027e+03
1.899999999999999911e+00 5.637826901120645289e+02 9.772539077363007891e+02
2.000000000000000000e+00 4.743194137060822868e+02 8.247967035221793139e+02
2.099999999999999645e+00 3.988233494076286547e+02 6.959388279571815019e+02
2.199999999999999734e+00 3.351316481146459978e+02 5.870418125154378686e+02
2.299999999999999822e+00 2.814149869045410810e+02 4.950270026168384447e+02
2.400000000000000355e+00 2.361262475912783145e+02 4.172895166081714251e+02
2.500000000000000000e+00 1.979570835829067619e+02 3.516254215564864580e+02
2.600000000000000089e+00 1.658011632799810116e+02 2.961700961973183439e+02
2.700000000000000178e+00 1.387230643434430988e+02 2.493460630206948281e+02
2.799999999999999822e+00 1.159319506758420459e+02 2.098188352716380791e+02
2.899999999999999911e+00 9.675929728911548011e+01 1.764595479346864977e+02
3.000000000000000000e+00 8.064004108890475209e+01 1.483133307818132494e+02
3.099999999999999645e+00 6.709663113275283308e+01 1.245725415533808018e+02
3.200000000000000178e+00 5.572553277822858320e+01 1.045541127676763438e+02
3.300000000000000266e+00 4.618580857921756433e+01 8.768038028744689427e+01
3.399999999999999911e+00 3.818945672073920150e+01 7.346285880402155044e+01
3.500000000000000000e+00 3.149323681841325140e+01 6.148851153330414832e+01
3.599999999999999645e+00 2.589175441407837397e+01 5.140813094051863175e+01
3.700000000000000178e+00 2.121161063030952221e+01 4.292650615825766636e+01
3.799999999999999822e+00 1.730645318242683928e+01 3.579410257411252871e+01
3.900000000000000355e+00 1.405279011548701718e+01 2.980002122725706926e+01
4.000000000000000000e+00 1.134644893697542578e+01 2.938511243433924847e+01
4.099999999999999645e+00 8.175767628619167837e+00 3.337114359289738275e+01
4.199999999999999289e+00 4.672220218395948699e+00 2.565888222816723641e+01
4.299999999999999822e+00 3.043991182985719135e+00 1.297995864385048215e+01
4.399999999999999467e+00 2.076228489625851825e+00 7.575767810454093087e+00
4.500000000000000000e+00 1.528837620894900606e+00 3.348303310813225409e+00
4.599999999999999645e+00 1.406567827463206743e+00 1.582096333821572998e+00
4.700000000000000178e+00 1.212418354130585962e+00 2.012367339696666590e+00
4.800000000000000711e+00 1.004094359523873381e+00 2.025709028503134945e+00
4.900000000000000355e+00 8.072765484299589955e-01 1.863304879825269822e+00
5.000000000000000000e+00 6.314333835588193944e-01 1.662860693130927991e+00
5.099999999999999645e+00 4.747044098037733750e-01 1.496266344106963020e+00
5.200000000000000178e+00 3.321801147374268126e-01 1.366919701914496965e+00
5.299999999999999822e+00 2.013204694208739487e-01 1.255255588364618591e+00
5.400000000000000355e+00 8.112899706450306392e-02 1.150949280154013987e+00
5.500000000000000000e+00 -2.886938660992888206e-02 1.048881766905806590e+00
5.599999999999999645e+00 -1.286473563166582457e-01 9.445009352340100195e-01
5.699999999999999289e+00 -2.177695736567308860e-01 8.359384930292038662e-01
5.799999999999999822e+00 -2.958350549224990078e-01 7.260220744078196287e-01
5.899999999999999467e+00 -3.629739885382948228e-01 6.230681740813137637e-01
6.000000000000000000e+00 -4.204486897387618161e-01 5.348475948357784837e-01
6.099999999999999645e+00 -4.699435075054505528e-01 4.588699544787018247e-01
6.199999999999999289e+00 -5.122226806345021588e-01 3.862579853271048691e-01
6.300000000000000711e+00 -5.471951045708715045e-01 3.131826009422389312e-01
6.400000000000000355e+00 -5.748592008229499450e-01 2.408256893906286500e-01
6.500000000000000000e+00 -5.953602424489972123e-01 1.703120599691438919e-01
6.600000000000000533e+00 -6.089216128167787012e-01 1.061679914718935969e-01
6.700000000000000178e+00 -6.165938407433759760e-01 5.464524087531685836e-02
6.799999999999999822e+00 -6.198506609918421617e-01 1.390035826805524621e-02
6.899999999999999467e+00 -6.193739123969870253e-01 -2.372234957940833056e-02
7.000000000000000000e+00 -6.151061910759604290e-01 -6.204842252148567994e-02
7.099999999999999645e+00 -6.069642278926898893e-01 -9.947077734995035669e-02
7.199999999999999289e+00 -5.952120356059703576e-01 -1.302916249155923190e-01
7.299999999999998934e+00 -5.809059029095714477e-01 -1.500087669675513879e-01
7.400000000000000355e+00 -5.652102822124600578e-01 -1.648246444093564023e-01
7.500000000000000000e+00 -5.479409740277001450e-01 -1.845649874362393916e-01
7.599999999999999645e+00 -5.282972847252122017e-01 -2.065499988607770732e-01
7.699999999999999289e+00 -5.066309742555447082e-01 -2.202627281899740552e-01
7.800000000000000711e+00 -4.842447390872173796e-01 -2.253193322198394632e-01
7.900000000000000355e+00 -4.615671078115768378e-01 -2.321502019523431493e-01
8.000000000000000000e+00 -4.378146986967487719e-01 -2.451475213325973179e-01
8.100000000000001421e+00 -4.125376035450573631e-01 -2.577209617661557761e-01
8.199999999999999289e+00 -3.862705063435176167e-01 -2.659053202429266793e-01
8.300000000000000711e+00 -3.593565394964720050e-01 -2.720532562197186532e-01
8.399999999999998579e+00 -3.318598550995738861e-01 -2.765660887510557053e-01
8.500000000000000000e+00 -3.040433217462608639e-01 -2.768586907354533277e-01
8.599999999999999645e+00 -2.764881169524832094e-01 -2.715328013626843173e-01
8.699999999999999289e+00 -2.497367614737240060e-01 -2.614396731511070548e-01
8.799999999999998934e+00 -2.242001823222617984e-01 -2.497092493493753285e-01
8.900000000000000355e+00 -1.997949116038489348e-01 -2.388307017355103534e-01
9.000000000000000000e+00 -1.764340419751597167e-01 -2.271435680414465308e-01
9.099999999999999645e+00 -1.543661979955596175e-01 -2.125208136447526153e-01
9.199999999999999289e+00 -1.339298792462091936e-01 -1.955230551353549506e-01
9.300000000000000711e+00 -1.152615869684886357e-01 -1.774981920730180907e-01
9.400000000000000355e+00 -9.843024083160556437e-02 -1.594977802746227469e-01
9.500000000000000000e+00 -8.336203091356408912e-02 -1.426256511488361856e-01
9.600000000000001421e+00 -6.990511060183833558e-02 -1.272438298768714393e-01
9.699999999999999289e+00 -5.791326493818979571e-02 -1.124351283767469761e-01
9.800000000000000711e+00 -4.741808492648893342e-02 -9.706934019772014977e-02
9.899999999999998579e+00 -3.849939689864576020e-02 -8.104325011723609307e-02
1.000000000000000000e+01 -3.120943490304171203e-02 -6.579257717985381726e-02
1.009999999999999964e+01 -2.534088146267499814e-02 -5.286857491256770347e-02
1.019999999999999929e+01 -2.063571992052817133e-02 -4.206901281628731837e-02
1.029999999999999893e+01 -1.692707889941753516e-02 -3.295061620383003820e-02
1.040000000000000036e+01 -1.404559667976216369e-02 -2.528140491603236145e-02
1.050000000000000000e+01 -1.187079791621106079e-02 -1.825103048558511520e-02
1.059999999999999964e+01 -1.039539058264513961e-02 -1.163902382646666428e-02
1.069999999999999929e+01 -9.542993150917729317e-03 -6.538754431568032099e-03
1.080000000000000071e+01 -9.087639696331533887e-03 -3.913109381989861302e-03
1.090000000000000036e+01 -8.760371274519755322e-03 -3.108321253508586346e-03
1.100000000000000000e+01 -8.465975445629816618e-03 -2.722860973373868176e-03
1.109999999999999964e+01 -8.215799079844982380e-03 -2.444310665569347785e-03
1.119999999999999929e+01 -7.977113312515946367e-03 -2.356334837324711162e-03
1.130000000000000071e+01 -7.744532112380040322e-03 -2.235592566930767744e-03
1.139999999999999858e+01 -7.529994799129792644e-03 -2.669352424419305092e-03
1.150000000000000000e+01 -7.210661627496179303e-03 -4.824810283806747757e-03
1.159999999999999964e+01 -6.565032742368442920e-03 -3.243320532689571850e-02
1.169999999999999929e+01 -7.240205621170350174e-04 -3.233537428212261006e-02
1.179999999999999893e+01 -9.795788594392054499e-05 -3.519538051346300048e-03
1.190000000000000036e+01 -2.011295184777496642e-05 -4.897894297196026979e-04
1.200000000000000000e+01 0.000000000000000000e+00 -2.011295184777496439e-04
