0.000000000000000000e+00 3.731315824592816455e+01 1.027801376497473029e+01
1.000000000000000056e-01 3.628535686943069294e+01 1.027801376497467345e+01
2.000000000000000111e-01 3.525755549293322844e+01 1.027801376497467345e+01
3.000000000000000444e-01 3.422975411643575683e+01 1.027801376497467345e+01
4.000000000000000222e-01 3.320195273993829232e+01 1.027801376497464503e+01
5.000000000000000000e-01 3.217415136344082782e+01 1.027801376497467345e+01
6.000000000000000888e-01 3.114634998694335977e+01 1.027801376497470187e+01
6.999999999999999556e-01 3.011854861044588461e+01 1.027801376497467345e+01
8.000000000000000444e-01 2.909074723394842366e+01 1.027801376497467345e+01
8.999999999999999112e-01 2.806294585745095205e+01 1.027801376497470187e+01
1.000000000000000000e+00 2.703514448095348399e+01 1.027801376497467345e+01
1.099999999999999867e+00 2.600734310445601594e+01 1.027801376497467345e+01
1.200000000000000178e+00 2.497954172795854788e+01 1.027801376497467345e+01
1.300000000000000044e+00 2.395174035146108338e+01 1.027801376497467345e+01
1.399999999999999911e+00 2.292393897496361532e+01 1.027801376497467345e+01
1.500000000000000000e+00 2.189613759846614727e+01 1.027801376497467345e+01
1.600000000000000089e+00 2.086833622196867921e+01 1.027801376497467345e+01
1.699999999999999956e+00 1.984053484547121116e+01 1.027801376497467345e+01
1.799999999999999822e+00 1.881273346897374310e+01 1.027801376497467345e+01
1.899999999999999911e+00 1.778493209247627860e+01 1.027801376497467345e+01
2.000000000000000000e+00 1.675713071597881054e+01 1.027801376497467345e+01
2.099999999999999645e+00 1.572932933948134249e+01 1.027801376497467345e+01
2.199999999999999734e+00 1.470152796298387443e+01 1.027801376497467345e+01
2.299999999999999822e+00 1.367372658648640815e+01 1.027801376497468766e+01
2.400000000000000355e+00 1.264592520998893832e+01 1.027801376497468766e+01
2.500000000000000000e+00 1.161812383349147026e+01 1.027801376497467345e+01
2.600000000000000089e+00 1.059032245699400221e+01 1.027801376497467345e+01
2.700000000000000178e+00 9.562521080496535930e+00 1.027801376497467345e+01
2.799999999999999822e+00 8.534719703999067875e+00 1.027801376497467345e+01
2.899999999999999911e+00 7.506918327501600707e+00 1.027801376497467345e+01
3.000000000000000000e+00 6.479116951004133540e+00 1.027801376497465924e+01
3.099999999999999645e+00 5.451315574506669037e+00 1.027801376497467345e+01
3.200000000000000178e+00 4.423514198009198317e+00 1.027801376497470542e+01
3.300000000000000266e+00 3.395712821511727597e+00 1.027801376497467345e+01
3.399999999999999911e+00 2.367911445014263538e+00 7.975836356714923525e+00
3.500000000000000000e+00 1.800545550168742626e+00 4.903381585005727850e+00
3.599999999999999645e+00 1.387235128013117880e+00 3.706529971682219315e+00
3.700000000000000178e+00 1.059239555832298674e+00 2.988586143566666742e+00
3.799999999999999822e+00 7.895178992997845535e-01 2.478949023545366614e+00
3.900000000000000355e+00 5.634497511232252620e-01 2.085576512687604911e+00
4.000000000000000000e+00 3.724025967622635602e-01 1.768846935053389302e+00
4.099999999999999645e+00 2.096803641125474238e-01 1.511377053412547689e+00
4.199999999999999289e+00 7.012718607975403085e-02 1.294007724485191080e+00
4.299999999999999822e+00 -4.912118078449084074e-02 1.096706496373424544e+00
4.399999999999999467e+00 -1.492141131949308863e-01 9.062363078453540277e-01
4.500000000000000000e+00 -2.303684423535616588e-01 7.163824266050854428e-01
4.599999999999999645e+00 -2.924905985159479971e-01 5.272947045976281721e-01
4.700000000000000178e+00 -3.358273832730873099e-01 3.468612463122504597e-01
4.800000000000000711e+00 -3.618628477783980557e-01 1.881452812263211261e-01
4.900000000000000355e+00 -3.734564395183515018e-01 6.504084427903511489e-02
5.000000000000000000e+00 -3.748710166342050787e-01 -1.504965711011729823e-02
5.099999999999999645e+00 -3.704465080963280643e-01 -5.482817415468899114e-02
5.200000000000000178e+00 -3.639053818032673138e-01 -6.610391884256916484e-02
5.299999999999999822e+00 -3.572257243278142425e-01 -6.476031317708219603e-02
5.400000000000000355e+00 -3.509533191678508857e-01 -6.411128806099908317e-02
5.500000000000000000e+00 -3.444034667156143925e-01 -7.013886395431967458e-02
5.599999999999999645e+00 -3.369255463769869063e-01 -8.394228723925212243e-02
5.699999999999999289e+00 -3.276150092677639902e-01 -1.016143103887652277e-01
5.799999999999999822e+00 -3.166026842992338830e-01 -1.139948417894780519e-01
5.899999999999999467e+00 -3.048160409098683576e-01 -1.138178615640779157e-01
6.000000000000000000e+00 -2.938391119864182666e-01 -9.945957599659194237e-02
6.099999999999999645e+00 -2.849241257105499803e-01 -7.105317630600338497e-02
6.199999999999999289e+00 -2.796284767252176229e-01 -2.966674069419883430e-02
6.300000000000000711e+00 -2.789907775717102023e-01 1.697976636917153392e-02
6.400000000000000355e+00 -2.830244299990519186e-01 5.349037224606201235e-02
6.500000000000000000e+00 -2.896888520209225937e-01 6.404876551203986246e-02
6.600000000000000533e+00 -2.958341831014598688e-01 4.441560560403967628e-02
6.700000000000000178e+00 -2.985719731417305622e-01 8.444223941550532686e-05
6.799999999999999822e+00 -2.958510715493429810e-01 -6.273640309861971964e-02
6.899999999999999467e+00 -2.860246925220066294e-01 -1.355360311520108496e-01
7.000000000000000000e+00 -2.687438653189408444e-01 -2.026096082804298426e-01
7.099999999999999645e+00 -2.455027708659206498e-01 -2.485649496987947238e-01
7.199999999999999289e+00 -2.190308753791818663e-01 -2.687838257431361955e-01
7.299999999999998934e+00 -1.917460057172933885e-01 -2.689914861915503330e-01
7.400000000000000355e+00 -1.652325781408718053e-01 -2.579288293504760077e-01
7.500000000000000000e+00 -1.401602398471981925e-01 -2.403431131774083074e-01
7.599999999999999645e+00 -1.171639555053901466e-01 -2.169745615515746850e-01
7.699999999999999289e+00 -9.676532753688325827e-02 -1.867368785129975839e-01
7.800000000000000711e+00 -7.981657980279062425e-02 -1.478491344385600148e-01
7.900000000000000355e+00 -6.719550064917124976e-02 -1.026824225749799480e-01
8.000000000000000000e+00 -5.928009528779463327e-02 -5.889546036878062774e-02
8.100000000000001421e+00 -5.541640857541512560e-02 -2.682067388883530024e-02
8.199999999999999289e+00 -5.391596051002757461e-02 -1.049286079997546750e-02
8.300000000000000711e+00 -5.331783641542003210e-02 -4.188733807401867626e-03
8.399999999999998579e+00 -5.307821374854720248e-02 1.529544969061435999e-03
8.500000000000000000e+00 -5.362374540923231514e-02 1.222755035548472868e-02
8.599999999999999645e+00 -5.552372381964414821e-02 2.736316422001205950e-02
8.699999999999999289e+00 -5.909637825323472982e-02 4.291274198422029285e-02
8.799999999999998934e+00 -6.410627221648820817e-02 5.466983166049638188e-02
8.900000000000000355e+00 -7.003034458533401174e-02 5.826945256072130208e-02
9.000000000000000000e+00 -7.576016272863246581e-02 5.291140539961292077e-02
9.099999999999999645e+00 -8.061262566525659312e-02 4.070015162820211918e-02
9.199999999999999289e+00 -8.390019305427288965e-02 2.471113055029694472e-02
9.300000000000000711e+00 -8.555485177531597929e-02 7.823201092535869705e-03
9.400000000000000355e+00 -8.546483327278006636e-02 -8.268911630001207769e-03
9.500000000000000000e+00 -8.390106944931574606e-02 -1.977489131162957214e-02
9.600000000000001421e+00 -8.150985501045415749e-02 -2.522856677956042404e-02
9.699999999999999289e+00 -7.885535609340366126e-02 -2.761858365846886487e-02
9.800000000000000711e+00 -7.598613827876038451e-02 -3.136780556182777735e-02
9.899999999999998579e+00 -7.258179498103810301e-02 -3.774110882158854263e-02
1.000000000000000000e+01 -6.843791651444267043e-02 -4.592625609861028524e-02
1.009999999999999964e+01 -6.339654376131603764e-02 -5.527030032918384128e-02
1.019999999999999929e+01 -5.738385644860589940e-02 -6.398835497538807315e-02
1.029999999999999893e+01 -5.059887276623842300e-02 -6.853150168930427499e-02
1.040000000000000036e+01 -4.367755611074504440e-02 -6.610290248396932800e-02
1.050000000000000000e+01 -3.737829226944455741e-02 -5.617148316411468834e-02
1.059999999999999964e+01 -3.244325947792210674e-02 -4.226507062440787443e-02
1.069999999999999929e+01 -2.892527814456298529e-02 -2.781453582338283548e-02
1.080000000000000071e+01 -2.688035231324553687e-02 -1.903514020373073268e-02
1.090000000000000036e+01 -2.511825010381683876e-02 -2.030199400286121503e-02
1.100000000000000000e+01 -2.281995351267329664e-02 -2.688764556486962498e-02
1.109999999999999964e+01 -1.974072099084291099e-02 -3.487069489708607972e-02
1.119999999999999929e+01 -1.584581453325607792e-02 -4.121581877488190992e-02
1.130000000000000071e+01 -1.149755723586652970e-02 -4.330236758311767353e-02
1.139999999999999858e+01 -7.185341016632543903e-03 -4.078805892505645708e-02
1.150000000000000000e+01 -3.339945450855237672e-03 -3.361056718824954187e-02
1.159999999999999964e+01 -4.632275789826349223e-04 -2.210367247489196385e-02
1.169999999999999929e+01 1.080789044123155618e-03 -3.309197402730577019e-03
1.179999999999999893e+01 1.986119015634804598e-04 5.319339788057846595e-03
1.190000000000000036e+01 1.692108651158614972e-05 9.930595078174021904e-04
1.200000000000000000e+01 0.000000000000000000e+00 1.692108651158615311e-04
