0.000000000000000000e+00 1.462705802733661109e+01 5.032739258389369752e+00
1.000000000000000056e-01 1.412378410149767483e+01 5.032739258389369752e+00
2.000000000000000111e-01 1.362051017565873678e+01 5.032739258389369752e+00
3.000000000000000444e-01 1.311723624981980052e+01 5.032739258389355541e+00
4.000000000000000222e-01 1.261396232398086603e+01 5.032739258389355541e+00
5.000000000000000000e-01 1.211068839814192977e+01 5.032739258389369752e+00
6.000000000000000888e-01 1.160741447230299173e+01 5.032739258389362647e+00
6.999999999999999556e-01 1.110414054646405724e+01 5.032739258389369752e+00
8.000000000000000444e-01 1.060086662062511920e+01 5.032739258389362647e+00
8.999999999999999112e-01 1.009759269478618471e+01 5.032739258389362647e+00
1.000000000000000000e+00 9.594318768947244891e+00 5.032739258389362647e+00
1.099999999999999867e+00 9.091044843108312179e+00 5.032739258389362647e+00
1.200000000000000178e+00 8.587770917269372362e+00 5.032739258389376857e+00
1.300000000000000044e+00 8.084496991430436097e+00 5.032739258389362647e+00
1.399999999999999911e+00 7.581223065591500720e+00 5.032739258389362647e+00
1.500000000000000000e+00 7.077949139752563568e+00 5.032739258389369752e+00
1.600000000000000089e+00 6.574675213913626415e+00 5.032739258389362647e+00
1.699999999999999956e+00 6.071401288074691038e+00 5.032739258389362647e+00
1.799999999999999822e+00 5.568127362235753885e+00 5.032739258389362647e+00
1.899999999999999911e+00 5.064853436396818509e+00 5.032739258389362647e+00
2.000000000000000000e+00 4.561579510557881356e+00 5.032739258389366199e+00
2.099999999999999645e+00 4.058305584718945092e+00 5.032739258389362647e+00
2.199999999999999734e+00 3.555031658880008827e+00 5.032739258389364423e+00
2.299999999999999822e+00 3.051757733041072118e+00 5.032739258389373305e+00
2.400000000000000355e+00 2.548483807202134077e+00 5.032739258389371528e+00
2.500000000000000000e+00 2.045209881363197812e+00 5.032739258389364423e+00
2.600000000000000089e+00 1.541935955524261104e+00 5.032739258389364423e+00
2.700000000000000178e+00 1.038662029685324839e+00 5.032739258389362647e+00
2.799999999999999822e+00 5.353881038463884634e-01 3.766789752899985189e+00
2.899999999999999911e+00 2.853040791053278458e-01 2.080162929743145206e+00
3.000000000000000000e+00 1.193555178977594028e-01 1.418165478863387285e+00
3.099999999999999645e+00 1.670983332650386420e-03 1.005740723692607030e+00
3.200000000000000178e+00 -8.179262684076199497e-02 7.030175496120095735e-01
3.300000000000000266e+00 -1.389325265897515260e-01 4.678603589600662249e-01
3.399999999999999911e+00 -1.753646986327752622e-01 2.825007981433038662e-01
3.500000000000000000e+00 -1.954326862184123104e-01 1.368574720550436163e-01
3.599999999999999645e+00 -2.027361930437839854e-01 2.296092921080317151e-02
3.700000000000000178e+00 -2.000248720605729558e-01 -6.512612441652965156e-02
3.799999999999999822e+00 -1.897109681604780551e-01 -1.291146888844486584e-01
3.900000000000000355e+00 -1.742019342836832185e-01 -1.660700734133258027e-01
4.000000000000000000e+00 -1.564969534778128946e-01 -1.781956849014652011e-01
4.099999999999999645e+00 -1.385627973033901617e-01 -1.757620561665489411e-01
4.199999999999999289e+00 -1.213445422445030841e-01 -1.683136692231096410e-01
4.299999999999999822e+00 -1.049000634587682335e-01 -1.591346117792455384e-01
4.399999999999999467e+00 -8.951761988865397646e-02 -1.491925005922013492e-01
4.500000000000000000e+00 -7.506156334032797195e-02 -1.426651374700768082e-01
4.599999999999999645e+00 -6.098459239463861759e-02 -1.401588584254885306e-01
4.700000000000000178e+00 -4.702979165523026028e-02 -1.363852924577671766e-01
4.800000000000000711e+00 -3.370753390308518088e-02 -1.276544615771154079e-01
4.900000000000000355e+00 -2.149889933980718079e-02 -1.164617420354585320e-01
5.000000000000000000e+00 -1.041518549599347587e-02 -1.062965102811324336e-01
5.099999999999999645e+00 -2.395972835806912948e-04 -9.592290686029555924e-02
5.200000000000000178e+00 8.769395876065635975e-03 -8.266239168082116506e-02
5.299999999999999822e+00 1.629288105258354033e-02 -6.703732704843054502e-02
5.400000000000000355e+00 2.217686128575174775e-02 -5.171492898720164710e-02
5.500000000000000000e+00 2.663586685002387183e-02 -3.861446313079609782e-02
5.599999999999999645e+00 2.989975391191096454e-02 -2.668371748348247197e-02
5.699999999999999289e+00 3.197261034672036623e-02 -1.603251964308732846e-02
5.799999999999999822e+00 3.310625784052843162e-02 -7.721361149003791446e-03
5.899999999999999467e+00 3.351688257652112729e-02 -1.909639253455497343e-03
6.000000000000000000e+00 3.348818569121952970e-02 1.439370108219928390e-03
6.099999999999999645e+00 3.322900855487714161e-02 2.518793299067928482e-03
6.199999999999999289e+00 3.298442703140594401e-02 1.447491655983373926e-03
6.300000000000000711e+00 3.293951022368046128e-02 -8.302559535823539338e-04
6.400000000000000355e+00 3.315047822212241480e-02 -3.419214310483725816e-03
6.500000000000000000e+00 3.362335308577720644e-02 -5.330096492853403367e-03
6.600000000000000533e+00 3.421649752069309824e-02 -5.920951526624446126e-03
6.700000000000000178e+00 3.480754339110209844e-02 -5.570281677600652515e-03
6.799999999999999822e+00 3.533055385621322597e-02 -4.614930313859594291e-03
6.899999999999999467e+00 3.573052945387401869e-02 -2.538181496366948009e-03
7.000000000000000000e+00 3.583819015548661557e-02 1.752866638509487096e-03
7.099999999999999645e+00 3.537995612617211849e-02 8.250478338619138263e-03
7.199999999999999289e+00 3.418809448776279070e-02 1.521849539289951703e-02
7.299999999999998934e+00 3.233625704759221509e-02 2.057716714149626647e-02
7.400000000000000355e+00 3.007266105946353532e-02 2.247827948401501241e-02
7.500000000000000000e+00 2.784060115078921399e-02 2.108411628587844588e-02
7.599999999999999645e+00 2.585583780228784684e-02 1.795130383876469837e-02
7.699999999999999289e+00 2.425034038303627501e-02 1.421996785663952323e-02
7.800000000000000711e+00 2.301184423095994219e-02 1.015284689910402049e-02
7.900000000000000355e+00 2.221977100321546883e-02 6.454609661897078854e-03
8.000000000000000000e+00 2.172092229858052503e-02 3.732201754267042149e-03
8.100000000000001421e+00 2.147333065236206248e-02 1.249553612596487895e-03
8.199999999999999289e+00 2.147101157606122815e-02 -1.573652276176715215e-03
8.300000000000000711e+00 2.178806110759740414e-02 -3.896488612526297080e-03
8.399999999999998579e+00 2.225030929856648687e-02 -4.915745445191438412e-03
8.500000000000000000e+00 2.277121019663569390e-02 -4.887532480805242829e-03
8.599999999999999645e+00 2.322781579472753613e-02 -4.315484152195847578e-03
8.699999999999999289e+00 2.363430702707486342e-02 -3.004205427547923524e-03
8.799999999999998934e+00 2.382865688023712292e-02 -1.058463810488893819e-03
8.900000000000000355e+00 2.384599978917264010e-02 7.034706170392646118e-04
9.000000000000000000e+00 2.368796275682926930e-02 1.653427715775826479e-03
9.099999999999999645e+00 2.351531424601747619e-02 1.467039858405516650e-03
9.199999999999999289e+00 2.339455478514816666e-02 6.577806335415353756e-04
9.300000000000000711e+00 2.338375811930916773e-02 -7.075849962956404227e-05
9.400000000000000355e+00 2.340870648507407947e-02 -3.367267327373107966e-04
9.500000000000000000e+00 2.345110346585663197e-02 -1.900027181698099588e-04
9.600000000000001421e+00 2.344670702870804008e-02 4.412305299743429776e-04
9.699999999999999289e+00 2.336285735986176268e-02 1.383615256389206238e-03
9.800000000000000711e+00 2.316998397743019744e-02 2.248954669774275161e-03
9.899999999999998579e+00 2.291306642590690626e-02 2.979382259153617873e-03
1.000000000000000000e+01 2.257410752559947664e-02 3.944628429434618444e-03
1.009999999999999964e+01 2.212414074001998326e-02 5.125165091911812465e-03
1.019999999999999929e+01 2.154907450721711346e-02 6.191890229388291589e-03
1.029999999999999893e+01 2.088576269414232564e-02 6.939813091461702332e-03
1.040000000000000036e+01 2.016111188892477299e-02 7.550957076094308440e-03
1.050000000000000000e+01 1.937557127892346187e-02 8.147287743613493283e-03
1.059999999999999964e+01 1.853165434020207294e-02 8.776513673924957182e-03
1.069999999999999929e+01 1.762026854413847182e-02 9.519829292858800196e-03
1.080000000000000071e+01 1.662768848163031360e-02 1.046489377874555704e-02
1.090000000000000036e+01 1.552728978838936041e-02 1.159957670471803426e-02
1.100000000000000000e+01 1.430777314068670640e-02 1.273920365706557312e-02
1.109999999999999964e+01 1.297944905697624544e-02 1.366920562372568593e-02
1.119999999999999929e+01 1.157393201594156956e-02 1.429987048158949670e-02
1.130000000000000071e+01 1.011947496065834610e-02 1.469816070833022958e-02
1.139999999999999858e+01 8.634299874275523298e-03 1.492283360328310049e-02
1.150000000000000000e+01 7.134908240001725660e-03 1.498609420748036811e-02
1.159999999999999964e+01 5.637081032779448810e-03 2.736810488275159131e-02
1.169999999999999929e+01 1.661287263451406530e-03 2.726354372919452887e-02
1.179999999999999893e+01 1.843722869405431874e-04 8.230433609686034838e-03
1.190000000000000036e+01 1.520054151419927892e-05 9.218614347027158287e-04
1.200000000000000000e+01 0.000000000000000000e+00 1.520054151419927824e-04
