0.000000000000000000e+00 1.350093099999999993e+02 4.573616000000000525e+01
1.001999999999999974e-01 1.304356999999999971e+02 4.573616000000000525e+01
1.998000000000000331e-01 1.258620799999999917e+02 4.573616000000000525e+01
3.000000000000000444e-01 1.212884600000000148e+02 4.573616000000000525e+01
4.002000000000000002e-01 1.167148500000000126e+02 4.573616000000000525e+01
4.998000000000000220e-01 1.121412300000000073e+02 4.573616000000000525e+01
6.000000000000000888e-01 1.075676200000000193e+02 4.573616000000000525e+01
7.001999999999999336e-01 1.029940000000000140e+02 4.573616000000000525e+01
7.998000000000000664e-01 9.842038000000000864e+01 4.573616000000000525e+01
8.999999999999999112e-01 9.384677000000000646e+01 4.573616000000000525e+01
1.000199999999999978e+00 8.927315000000000111e+01 4.573616000000000525e+01
1.099799999999999889e+00 8.469954000000001315e+01 4.573616000000000525e+01
1.200000000000000178e+00 8.012592000000000780e+01 4.573616000000000525e+01
1.300200000000000022e+00 7.555230000000000246e+01 4.573616000000000525e+01
1.399799999999999933e+00 7.097869000000000028e+01 4.573616000000000525e+01
1.500000000000000000e+00 6.640507000000000914e+01 4.573616000000000525e+01
1.600200000000000067e+00 6.183146000000000697e+01 4.573616000000000525e+01
1.699799999999999978e+00 5.725784000000000162e+01 4.573616000000000525e+01
1.799999999999999822e+00 5.268422000000001049e+01 4.573616000000000525e+01
1.900199999999999889e+00 4.811061000000000831e+01 4.573616000000000525e+01
1.999800000000000022e+00 4.353699000000000296e+01 4.573616000000000525e+01
2.099999999999999645e+00 3.896338000000000079e+01 4.573616000000000525e+01
2.200200000000000156e+00 3.438976000000000255e+01 4.573616000000000525e+01
2.299799999999999844e+00 2.981615000000000038e+01 4.573616000000000525e+01
2.400000000000000355e+00 2.524253000000000213e+01 4.573616000000000525e+01
2.500199999999999978e+00 2.066891000000000034e+01 4.573616000000000525e+01
2.599800000000000111e+00 1.609530000000000172e+01 4.573616000000000525e+01
2.700000000000000178e+00 1.152168000000000170e+01 4.573616000000000525e+01
2.800200000000000244e+00 6.948070000000000412e+00 4.573616000000000525e+01
2.899799999999999933e+00 2.374449999999999950e+00 2.804728333333333268e+01
3.000000000000000000e+00 1.338610000000000078e+00 9.152786666666665738e+00
3.100200000000000067e+00 5.438900000000000956e-01 7.047593333333332488e+00
3.199799999999999756e+00 -7.091000000000000081e-02 5.497429999999999595e+00
3.300000000000000266e+00 -5.555900000000000283e-01 4.327425000000000743e+00
3.400199999999999889e+00 -9.363899999999999446e-01 3.374506666666666987e+00
3.499800000000000466e+00 -1.230500000000000149e+00 2.560694999999999943e+00
3.599999999999999645e+00 -1.448530000000000095e+00 1.848845000000000072e+00
3.700200000000000156e+00 -1.600260000000000238e+00 1.189950000000000063e+00
3.799799999999999844e+00 -1.686520000000000241e+00 6.137866666666665916e-01
3.900000000000000355e+00 -1.723019999999999996e+00 8.240833333333333344e-02
4.000199999999999534e+00 -1.703010000000000135e+00 -4.327300000000000035e-01
4.099800000000000111e+00 -1.636479999999999935e+00 -8.125016666666666776e-01
4.199999999999999289e+00 -1.540499999999999980e+00 -1.093325000000000102e+00
4.300200000000000244e+00 -1.417810000000000237e+00 -1.170100000000000140e+00
4.399799999999999933e+00 -1.306480000000000086e+00 -1.009561666666666691e+00
4.500000000000000000e+00 -1.215900000000000203e+00 -7.231833333333332892e-01
4.600200000000000067e+00 -1.161850000000000049e+00 -4.514483333333333404e-01
4.699799999999999756e+00 -1.125609999999999999e+00 -3.854999999999999538e-01
4.800000000000000711e+00 -1.084750000000000103e+00 -3.549266666666666681e-01
4.900199999999999889e+00 -1.054620000000000113e+00 -1.744666666666666588e-01
4.999800000000000466e+00 -1.049849999999999950e+00 -7.846666666666667067e-02
5.099999999999999645e+00 -1.038930000000000131e+00 -1.289800000000000113e-01
5.200200000000000600e+00 -1.024060000000000192e+00 -2.317749999999999810e-01
5.299799999999999400e+00 -9.925700000000001744e-01 -1.855016666666666758e-01
5.400000000000000355e+00 -9.869600000000000595e-01 -1.023000000000000020e-01
5.500199999999999534e+00 -9.721100000000000296e-01 -1.551133333333333530e-01
5.599800000000000111e+00 -9.559400000000000119e-01 -2.200866666666666527e-01
5.699999999999999289e+00 -9.281000000000001471e-01 -4.185183333333333255e-01
5.800200000000000244e+00 -8.722300000000000608e-01 -5.010116666666666330e-01
5.899799999999999933e+00 -8.278900000000000148e-01 -4.574350000000000360e-01
6.000000000000000000e+00 -7.807400000000001006e-01 -5.571000000000000396e-01
6.100199999999999179e+00 -7.164700000000000513e-01 -6.523483333333333078e-01
6.199800000000000644e+00 -6.502799999999999692e-01 -5.985599999999999810e-01
6.300000000000000711e+00 -5.967600000000000682e-01 -4.507316666666666971e-01
6.400199999999999889e+00 -5.601300000000000168e-01 -3.376433333333333509e-01
6.499799999999999578e+00 -5.292299999999999782e-01 -2.392233333333333434e-01
6.600000000000000533e+00 -5.122799999999999576e-01 -8.490000000000000324e-02
6.700200000000000600e+00 -5.122499999999999831e-01 9.773333333333333525e-03
6.799799999999999400e+00 -5.142400000000000304e-01 7.323666666666665825e-02
6.899999999999999467e+00 -5.269000000000000350e-01 1.234199999999999880e-01
7.000200000000000422e+00 -5.389199999999999546e-01 9.691999999999999227e-02
7.099800000000000111e+00 -5.462900000000000533e-01 1.366033333333333266e-01
7.199999999999999289e+00 -5.662399999999999656e-01 1.833916666666666750e-01
7.300199999999999356e+00 -5.829600000000000337e-01 1.551516666666666877e-01
7.399800000000000821e+00 -5.972699999999999676e-01 1.324983333333333291e-01
7.500000000000000000e+00 -6.094600000000000017e-01 1.390799999999999814e-01
7.600199999999999179e+00 -6.250900000000000345e-01 1.197366666666666579e-01
7.699800000000000644e+00 -6.334100000000000286e-01 7.442333333333332746e-02
7.800000000000000711e+00 -6.399700000000000388e-01 4.218333333333333657e-02
7.900199999999999889e+00 -6.418500000000000316e-01 -1.150833333333333396e-02
7.999799999999999578e+00 -6.376699999999999591e-01 -6.702833333333332866e-02
8.100000000000001421e+00 -6.284399999999999986e-01 -6.529666666666666952e-02
8.200200000000000600e+00 -6.246100000000001096e-01 -4.987666666666666637e-02
8.299799999999999400e+00 -6.184700000000000752e-01 -7.356999999999999651e-02
8.399999999999998579e+00 -6.099000000000001087e-01 -8.943333333333332302e-02
8.500199999999999534e+00 -6.005800000000000027e-01 -3.497166666666666479e-02
8.599800000000000111e+00 -6.029100000000000570e-01 -1.358833333333333421e-02
8.699999999999999289e+00 -5.978600000000000581e-01 -3.207499999999999934e-02
8.800200000000000244e+00 -5.964900000000000757e-01 -3.983666666666666606e-02
8.899800000000000821e+00 -5.898999999999999799e-01 -7.328666666666666663e-02
9.000000000000000000e+00 -5.818299999999999583e-01 -9.605500000000000149e-02
9.100199999999999179e+00 -5.706800000000000761e-01 -1.128016666666666612e-01
9.199799999999999756e+00 -5.592700000000000449e-01 -1.344983333333333309e-01
9.300000000000000711e+00 -5.437800000000000411e-01 -1.705916666666666692e-01
9.400199999999999889e+00 -5.251500000000000057e-01 -1.541750000000000065e-01
9.499800000000000466e+00 -5.129500000000000171e-01 -1.410433333333333261e-01
9.600000000000001421e+00 -4.969500000000000028e-01 -2.047083333333333532e-01
9.700200000000000600e+00 -4.720100000000000406e-01 -2.412483333333333146e-01
9.799799999999999400e+00 -4.487000000000000433e-01 -2.489699999999999969e-01
9.899999999999998579e+00 -4.222100000000000297e-01 -2.776449999999999751e-01
1.000019999999999953e+01 -3.931700000000000195e-01 -2.836733333333333329e-01
1.009980000000000011e+01 -3.654800000000000271e-01 -2.687783333333333413e-01
1.019999999999999929e+01 -3.394099999999999895e-01 -2.716616666666666902e-01
1.030020000000000024e+01 -3.111500000000000377e-01 -2.551550000000000207e-01
1.039980000000000082e+01 -2.883800000000000252e-01 -2.035316666666666663e-01
1.050000000000000000e+01 -2.704400000000000137e-01 -2.170866666666666500e-01
1.060019999999999918e+01 -2.449600000000000388e-01 -2.448400000000000021e-01
1.069979999999999976e+01 -2.214700000000000280e-01 -2.340883333333333149e-01
1.080000000000000071e+01 -1.981500000000000206e-01 -2.502949999999999897e-01
1.090019999999999989e+01 -1.714100000000000068e-01 -2.698633333333333439e-01
1.099980000000000047e+01 -1.441699999999999926e-01 -2.467916666666666592e-01
1.110000000000000142e+01 -1.220600000000000018e-01 -2.301499999999999935e-01
1.120020000000000060e+01 -9.814000000000000501e-02 -2.321666666666666601e-01
1.129979999999999940e+01 -7.562000000000000666e-02 -2.158599999999999686e-01
1.139999999999999858e+01 -5.496999999999999803e-02 -2.097633333333333294e-01
1.150019999999999953e+01 -3.366999999999999854e-02 -1.974583333333333468e-01
1.159980000000000011e+01 -1.548000000000000070e-02 -1.730250000000000121e-01
1.169999999999999929e+01 9.400000000000000803e-04 -7.926666666666666583e-02
1.180020000000000024e+01 3.700000000000000489e-04 4.521666666666666022e-03
1.189980000000000082e+01 2.999999999999999737e-05 1.869999999999999917e-03
1.200000000000000000e+01 0.000000000000000000e+00 3.166666666666666480e-04
