0.000000000000000000e+00 1.656786096887000213e+03 3.054834845418166879e+03
1.000000200000000089e-01 1.375079859815999953e+03 2.579289895993333175e+03
1.999999800000000216e-01 1.140928117688000157e+03 2.143734383659666491e+03
3.000000000000000444e-01 9.463329830840001478e+02 1.781445097240499990e+03
4.000000200000000117e-01 7.846390982400000667e+02 1.480122401763166636e+03
4.999999800000000105e-01 6.503085027320000790e+02 1.229529318767500172e+03
6.000000000000000888e-01 5.387332344870000043e+02 1.021145805947166650e+03
7.000000200000000561e-01 4.460793415420000656e+02 8.478809662416666697e+02
7.999999799999999439e-01 3.691570412380000334e+02 7.038334810738332408e+02
8.999999999999999112e-01 3.053126453280000305e+02 5.840921882916666164e+02
1.000000019999999878e+00 2.523386035800000400e+02 4.845700788846666569e+02
1.099999979999999988e+00 2.083986295510000275e+02 4.018661133155000016e+02
1.200000000000000178e+00 1.719653809170000045e+02 3.331501963245000297e+02
1.300000020000000145e+00 1.417685902860000056e+02 2.760674299461666124e+02
1.399999980000000033e+00 1.167518949280000129e+02 2.286584145440000100e+02
1.500000000000000000e+00 9.603690737700000568e+01 1.892929088378333233e+02
1.600000019999999967e+00 7.889331316000000527e+01 1.566146104084999990e+02
1.699999979999999855e+00 6.471398529500000052e+01 1.294951932008333415e+02
1.799999999999999822e+00 5.299427452000000471e+01 1.069960507618333310e+02
1.900000019999999790e+00 4.331477514300000564e+01 8.833645385166666131e+01
1.999999979999999900e+00 3.532698375000000368e+01 7.286704743449999455e+01
2.099999999999999645e+00 2.874136565599999926e+01 6.004779217416665915e+01
2.200000020000000056e+00 2.331742531500000126e+01 4.942960549733333409e+01
2.299999979999999944e+00 1.885544455700000199e+01 4.063908211683333604e+01
2.400000000000000355e+00 1.518960889200000253e+01 3.336577780583333208e+01
2.500000019999999878e+00 1.218228899500000040e+01 2.735162672866666611e+01
2.599999980000000210e+00 9.719283545999999774e+00 2.238213462716666413e+01
2.700000000000000178e+00 7.705862070000001118e+00 2.922649194883333124e+01
2.800000020000000145e+00 3.873985155999999819e+00 3.198903595533333544e+01
2.899999980000000033e+00 1.308054879000000170e+00 1.598292710433333319e+01
3.000000000000000000e+00 6.773997350000000583e-01 6.833678662999999709e+00
3.100000019999999967e+00 -5.868085400000000451e-02 3.968627944500000115e+00
3.199999980000000299e+00 -1.163258540000000063e-01 5.764500009999999897e-01
3.300000000000000266e+00 -1.739708540000000081e-01 5.764500009999999897e-01
3.400000020000000234e+00 -2.316158540000000099e-01 3.543122790000000077e-01
3.499999980000000122e+00 -2.448333100000000262e-01 2.263451498333333145e-01
3.599999999999999645e+00 -2.768848839999999978e-01 2.854995391666666493e-01
3.700000020000000056e+00 -3.019332170000000315e-01 1.860770508333333129e-01
3.799999979999999944e+00 -3.141002940000000021e-01 8.781711749999999983e-02
3.900000000000000355e+00 -3.194966410000000256e-01 4.521156250000000348e-02
4.000000019999999878e+00 -3.231426070000000261e-01 3.677751816666666174e-02
4.099999979999999766e+00 -3.268521450000000383e-01 4.185338200000000147e-02
4.199999999999999289e+00 -3.315132830000000475e-01 4.599563333333333420e-02
4.300000019999999701e+00 -3.360512710000000403e-01 2.858554033333333272e-02
4.399999980000000477e+00 -3.372303910000000182e-01 -4.305191166666666458e-03
4.500000000000000000e+00 -3.351902330000000596e-01 -1.874017116666666649e-02
4.600000019999999523e+00 -3.334823570000000625e-01 -7.132122833333333183e-03
4.699999980000000299e+00 -3.337638080000000507e-01 5.917289999999999313e-04
4.800000000000000711e+00 -3.336007030000000539e-01 -1.589004883333333326e-02
4.900000020000000234e+00 -3.305857990000000135e-01 -4.129040183333333031e-02
4.999999980000000122e+00 -3.253426220000000257e-01 -6.040679266666666020e-02
5.099999999999999645e+00 -3.185044400000000553e-01 -7.917440083333332490e-02
5.200000020000000056e+00 -3.095077420000000301e-01 -9.768257833333332529e-02
5.299999979999999944e+00 -2.989679250000000232e-01 -1.042829635000000060e-01
5.400000000000000355e+00 -2.886511490000000513e-01 -1.005393220000000004e-01
5.500000019999999878e+00 -2.788600600000000207e-01 -9.817640566666667457e-02
5.599999979999999766e+00 -2.690158680000000468e-01 -9.445507916666666393e-02
5.699999999999999289e+00 -2.599690439999999825e-01 -7.739718183333332835e-02
5.800000019999999701e+00 -2.535364319999999783e-01 -5.312291383333333367e-02
5.899999980000000477e+00 -2.493444620000000167e-01 -4.539708533333332990e-02
6.000000000000000000e+00 -2.444570150000000275e-01 -6.281316683333333650e-02
6.100000019999999523e+00 -2.367818279999999997e-01 -8.386722566666665601e-02
6.199999980000000299e+00 -2.276835700000000018e-01 -8.769572800000000057e-02
6.300000000000000711e+00 -2.192426830000000215e-01 -7.870334049999999637e-02
6.400000020000000234e+00 -2.119429020000000163e-01 -7.122509566666666847e-02
6.499999980000000122e+00 -2.049976630000000244e-01 -7.160637083333332154e-02
6.600000000000000533e+00 -1.976216270000000219e-01 -7.525829700000000178e-02
6.700000020000000944e+00 -1.899460040000000016e-01 -7.295619149999998942e-02
6.799999979999999056e+00 -1.830303890000000155e-01 -6.516995266666666953e-02
6.899999999999999467e+00 -1.769120140000000063e-01 -6.314114683333332811e-02
7.000000019999999878e+00 -1.704021599999999970e-01 -6.808884450000000921e-02
7.099999979999999766e+00 -1.632942450000000045e-01 -6.854222766666667743e-02
7.199999999999999289e+00 -1.566937140000000117e-01 -6.111542966666666521e-02
7.300000019999999701e+00 -1.510711590000000104e-01 -5.318265016666666456e-02
7.399999980000000477e+00 -1.460571840000000066e-01 -4.911598166666666238e-02
7.500000000000000000e+00 -1.412479620000000047e-01 -4.943773333333333075e-02
7.600000019999999523e+00 -1.361696380000000095e-01 -5.449679716666666618e-02
7.699999980000000299e+00 -1.303486030000000073e-01 -6.016508833333333167e-02
7.800000000000000711e+00 -1.241366200000000170e-01 -5.913949983333333105e-02
7.900000020000000234e+00 -1.185207030000000050e-01 -5.245196166666666465e-02
7.999999980000000122e+00 -1.136462280000000019e-01 -4.863021633333333010e-02
8.100000000000001421e+00 -1.087946600000000014e-01 -4.979829183333332743e-02
8.200000020000000944e+00 -1.036865690000000062e-01 -5.019304299999999275e-02
8.299999979999999056e+00 -9.875605100000001135e-02 -4.735079966666666529e-02
8.399999999999998579e+00 -9.421640900000000096e-02 -4.450411633333332950e-02
8.500000019999999878e+00 -8.985522800000000920e-02 -4.476812366666665932e-02
8.599999979999999766e+00 -8.526278400000000812e-02 -4.774728550000000016e-02
8.699999999999999289e+00 -8.030577100000001189e-02 -4.881305333333332830e-02
8.800000019999998813e+00 -7.550017400000000323e-02 -4.473354200000000114e-02
8.899999980000000477e+00 -7.135906200000000088e-02 -3.904184883333332995e-02
9.000000000000000000e+00 -6.769180400000000819e-02 -3.558486166666666173e-02
9.100000019999999523e+00 -6.424209000000000169e-02 -3.330595483333333162e-02
9.199999980000001187e+00 -6.103061300000000439e-02 -3.202519050000000173e-02
9.300000000000000711e+00 -5.783705199999999991e-02 -3.411907833333333029e-02
9.400000020000000234e+00 -5.420679700000000101e-02 -3.733371483333333685e-02
9.499999980000000122e+00 -5.037030900000000200e-02 -3.625345816666666887e-02
9.600000000000001421e+00 -4.695610599999999746e-02 -3.152556083333333398e-02
9.700000020000000944e+00 -4.406519700000000039e-02 -2.744108116666666569e-02
9.799999979999999056e+00 -4.146789000000000724e-02 -2.384624966666666623e-02
9.899999999999998579e+00 -3.929594699999999774e-02 -1.965371933333333321e-02
1.000000001999999988e+01 -3.753714600000000040e-02 -1.823375999999999816e-02
1.009999997999999977e+01 -3.564919500000000158e-02 -2.202306683333333376e-02
1.019999999999999929e+01 -3.313253199999999926e-02 -2.735290549999999654e-02
1.030000001999999881e+01 -3.017861399999999944e-02 -2.870724283333333376e-02
1.039999998000000048e+01 -2.739108399999999957e-02 -2.543880366666666573e-02
1.050000000000000000e+01 -2.509085300000000324e-02 -2.131106416666666767e-02
1.060000001999999952e+01 -2.312887100000000223e-02 -1.907812016666666707e-02
1.069999998000000119e+01 -2.127522900000000314e-02 -1.876953433333333407e-02
1.080000000000000071e+01 -1.937496400000000146e-02 -1.981625066666666685e-02
1.090000002000000023e+01 -1.731197900000000164e-02 -2.116075866666666805e-02
1.099999998000000012e+01 -1.514281200000000029e-02 -2.097274500000000097e-02
1.110000000000000142e+01 -1.311742999999999937e-02 -1.891035866666666843e-02
1.120000002000000094e+01 -1.136074100000000059e-02 -1.678803033333333208e-02
1.129999997999999906e+01 -9.759824000000000277e-03 -1.574833299999999978e-02
1.139999999999999858e+01 -8.211074000000000497e-03 -1.523114599999999923e-02
1.150000001999999988e+01 -6.713595000000000153e-03 -1.475947499999999933e-02
1.159999997999999977e+01 -5.259179000000000111e-03 -2.941624249999999843e-02
1.169999999999999929e+01 -8.303460000000000354e-04 -2.567462633333333216e-02
1.180000001999999881e+01 -1.242540000000000202e-04 -4.047165666666666453e-03
1.189999998000000048e+01 -2.091300000000000120e-05 -6.212686666666666566e-04
1.200000000000000000e+01 0.000000000000000000e+00 2.030088333333333200e-04
