0.000000000000000000e+00 5.451153737503390317e+01 1.781351532199880694e+01
1.000000000000000056e-01 5.273018584283402532e+01 1.781351532199883536e+01
2.000000000000000111e-01 5.094883431063414037e+01 1.781351532199886378e+01
3.000000000000000444e-01 4.916748277843424830e+01 1.781351532199883536e+01
4.000000000000000222e-01 4.738613124623437045e+01 1.781351532199883536e+01
5.000000000000000000e-01 4.560477971403448549e+01 1.781351532199889220e+01
6.000000000000000888e-01 4.382342818183459343e+01 1.781351532199883536e+01
6.999999999999999556e-01 4.204207664963471558e+01 1.781351532199883536e+01
8.000000000000000444e-01 4.026072511743482352e+01 1.781351532199886378e+01
8.999999999999999112e-01 3.847937358523494566e+01 1.781351532199883536e+01
1.000000000000000000e+00 3.669802205303505360e+01 1.781351532199883536e+01
1.099999999999999867e+00 3.491667052083517575e+01 1.781351532199886378e+01
1.200000000000000178e+00 3.313531898863528369e+01 1.781351532199886378e+01
1.300000000000000044e+00 3.135396745643540228e+01 1.781351532199883536e+01
1.399999999999999911e+00 2.957261592423551733e+01 1.781351532199886378e+01
1.500000000000000000e+00 2.779126439203562882e+01 1.781351532199886378e+01
1.600000000000000089e+00 2.600991285983574386e+01 1.781351532199884957e+01
1.699999999999999956e+00 2.422856132763585890e+01 1.781351532199883536e+01
1.799999999999999822e+00 2.244720979543597750e+01 1.781351532199884957e+01
1.899999999999999911e+00 2.066585826323608899e+01 1.781351532199884957e+01
2.000000000000000000e+00 1.888450673103620758e+01 1.781351532199883536e+01
2.099999999999999645e+00 1.710315519883632263e+01 1.781351532199883536e+01
2.199999999999999734e+00 1.532180366663643944e+01 1.781351532199884957e+01
2.299999999999999822e+00 1.354045213443655271e+01 1.781351532199887799e+01
2.400000000000000355e+00 1.175910060223666420e+01 1.781351532199886378e+01
2.500000000000000000e+00 9.977749070036779244e+00 1.781351532199884957e+01
2.600000000000000089e+00 8.196397537836892511e+00 1.781351532199884957e+01
2.700000000000000178e+00 6.415046005637009330e+00 1.781351532199884247e+01
2.799999999999999822e+00 4.633694473437124373e+00 1.781351532199884602e+01
2.899999999999999911e+00 2.852342941237240304e+00 1.781351532199884247e+01
3.000000000000000000e+00 1.070991409037355568e+00 1.076050767170975497e+01
3.099999999999999645e+00 7.002414068952891313e-01 3.117783521549027714e+00
3.200000000000000178e+00 4.474347047275499811e-01 2.261911766240479515e+00
3.300000000000000266e+00 2.478590536471931560e-01 1.816324885467755834e+00
3.399999999999999911e+00 8.416972763399881152e-02 1.472511494268528009e+00
3.500000000000000000e+00 -4.664324520651248057e-02 1.171532519171429199e+00
3.599999999999999645e+00 -1.501367762002870643e-01 9.237583058131410008e-01
3.700000000000000178e+00 -2.313949063691407015e-01 7.219736194567888399e-01
3.799999999999999822e+00 -2.945315000916448045e-01 5.499126517789498791e-01
3.900000000000000355e+00 -3.413774367249307051e-01 4.038186401412113824e-01
4.000000000000000000e+00 -3.752952281198871365e-01 2.899384047569792955e-01
4.099999999999999645e+00 -3.993651176763265420e-01 2.085718478572320400e-01
4.199999999999999289e+00 -4.170095976913335001e-01 1.530052192220847651e-01
4.299999999999999822e+00 -4.299661615207435172e-01 1.104935906165160908e-01
4.399999999999999467e+00 -4.391083158146367182e-01 6.914237479999041369e-02
4.500000000000000000e+00 -4.437946364807415778e-01 2.757148609062864963e-02
4.599999999999999645e+00 -4.446226130327624593e-01 -7.757099061029837372e-03
4.700000000000000178e+00 -4.422432166685356103e-01 -3.512245394229651652e-02
4.800000000000000711e+00 -4.375981222443031671e-01 -5.644571189592584304e-02
4.900000000000000355e+00 -4.309540742893504528e-01 -7.349404616249533007e-02
5.000000000000000000e+00 -4.228993130118041122e-01 -8.786164647531702343e-02
5.099999999999999645e+00 -4.133817449942870370e-01 -1.034958373411360988e-01
5.200000000000000178e+00 -4.022001455435768591e-01 -1.197569532301030470e-01
5.299999999999999822e+00 -3.894303543482664498e-01 -1.348763503229153393e-01
5.400000000000000355e+00 -3.752248754789938023e-01 -1.468166254685832062e-01
5.500000000000000000e+00 -3.600670292545498086e-01 -1.552302125267126520e-01
5.599999999999999645e+00 -3.441788329736512608e-01 -1.616041233708129798e-01
5.699999999999999289e+00 -3.277462045803871682e-01 -1.649482431610673761e-01
5.799999999999999822e+00 -3.111891843414378300e-01 -1.623033295036289125e-01
5.899999999999999467e+00 -2.952855386796613968e-01 -1.540069746251888638e-01
6.000000000000000000e+00 -2.803877894164000240e-01 -1.437108997050520198e-01
6.099999999999999645e+00 -2.665433587386509817e-01 -1.348334583121382213e-01
6.199999999999999289e+00 -2.534210977539723686e-01 -1.287822640283389219e-01
6.300000000000000711e+00 -2.407869059329832140e-01 -1.253834921836698424e-01
6.400000000000000355e+00 -2.283443993172384057e-01 -1.225528195776071083e-01
6.500000000000000000e+00 -2.162763420174617923e-01 -1.184337971951763269e-01
6.600000000000000533e+00 -2.046576398782031514e-01 -1.134818993712204405e-01
6.700000000000000178e+00 -1.935799621432177098e-01 -1.087898850477186929e-01
6.799999999999999822e+00 -1.828996628686594128e-01 -1.043166289863810547e-01
6.899999999999999467e+00 -1.727166363459414766e-01 -9.880790809581330159e-02
7.000000000000000000e+00 -1.631380812494967469e-01 -9.201471182705400764e-02
7.099999999999999645e+00 -1.543136939805306862e-01 -8.366570318844335219e-02
7.199999999999999289e+00 -1.464049406118080598e-01 -7.441332041853920831e-02
7.299999999999998934e+00 -1.394310298968228501e-01 -6.570620241948543772e-02
7.400000000000000355e+00 -1.332637001279109723e-01 -5.835295631068648792e-02
7.500000000000000000e+00 -1.277604386346855303e-01 -5.213178689945074940e-02
7.599999999999999645e+00 -1.228373427480208280e-01 -4.767454660367720365e-02
7.699999999999999289e+00 -1.182255293139500979e-01 -4.531001779581411704e-02
7.800000000000000711e+00 -1.137753391888580157e-01 -4.355185889687529510e-02
7.900000000000000355e+00 -1.095151575345750389e-01 -4.142483069040492349e-02
8.000000000000000000e+00 -1.054903730507770199e-01 -3.941639683046449516e-02
8.100000000000001421e+00 -1.016318781684821398e-01 -3.771166915640028483e-02
8.199999999999999289e+00 -9.794803921949696290e-02 -3.696263804057620117e-02
8.300000000000000711e+00 -9.423935056036690516e-02 -3.789193967938714325e-02
8.399999999999998579e+00 -9.036965128361953981e-02 -3.999229762186318204e-02
8.500000000000000000e+00 -8.624089103599426320e-02 -4.254922133765209891e-02
8.599999999999999645e+00 -8.185980701608912280e-02 -4.492751748132578493e-02
8.699999999999999289e+00 -7.725538753972910344e-02 -4.568602747591687940e-02
8.799999999999998934e+00 -7.272260152090574692e-02 -4.361829973247149939e-02
8.900000000000000355e+00 -6.853172759323480911e-02 -3.988184689500279267e-02
9.000000000000000000e+00 -6.474623214190518283e-02 -3.672452109392593256e-02
9.099999999999999645e+00 -6.118682337444961844e-02 -3.517567490918510620e-02
9.199999999999999289e+00 -5.771109716006816298e-02 -3.486883403080398569e-02
9.300000000000000711e+00 -5.421305656828882130e-02 -3.502561431180856166e-02
9.400000000000000355e+00 -5.070597429770645065e-02 -3.506278384578875862e-02
9.500000000000000000e+00 -4.720049979913107374e-02 -3.473754816325860806e-02
9.600000000000001421e+00 -4.375846466505473042e-02 -3.390466312450948760e-02
9.699999999999999289e+00 -4.041956717422917622e-02 -3.256350530685028777e-02
9.800000000000000711e+00 -3.724576360368466593e-02 -3.066190774147273257e-02
9.899999999999998579e+00 -3.428718562593462832e-02 -2.855909050834698482e-02
1.000000000000000000e+01 -3.153394550201527036e-02 -2.667054818855599252e-02
1.009999999999999964e+01 -2.895307598822342843e-02 -2.486603358367919792e-02
1.019999999999999929e+01 -2.656073878527943216e-02 -2.335552050447926853e-02
1.029999999999999893e+01 -2.428197188732757195e-02 -2.272797790421751674e-02
1.040000000000000036e+01 -2.201514320443592743e-02 -2.278204352256051057e-02
1.050000000000000000e+01 -1.972556318281547261e-02 -2.246833312701448926e-02
1.059999999999999964e+01 -1.752147657903303096e-02 -2.120469021285398270e-02
1.069999999999999929e+01 -1.548462514024467364e-02 -1.942438141202382229e-02
1.080000000000000071e+01 -1.363660029662826581e-02 -1.769303968244861913e-02
1.090000000000000036e+01 -1.194601720375495016e-02 -1.624714422964127630e-02
1.100000000000000000e+01 -1.038717145070001090e-02 -1.500430364267194006e-02
1.109999999999999964e+01 -8.945156475220561801e-03 -1.386726001731928420e-02
1.119999999999999929e+01 -7.613719447236153189e-03 -1.284937408072325815e-02
1.130000000000000071e+01 -6.375281659075910171e-03 -1.194119201709018668e-02
1.139999999999999858e+01 -5.225481043818116372e-03 -1.106810288090315231e-02
1.150000000000000000e+01 -4.161661082895279709e-03 -1.021794188207373819e-02
1.159999999999999964e+01 -3.181892667403368215e-03 -1.575506523937427600e-02
1.169999999999999929e+01 -1.010648035020424119e-03 -1.532912343662762474e-02
1.179999999999999893e+01 -1.160679800778431810e-04 -5.009463081461557575e-03
1.190000000000000036e+01 -8.755418728112686111e-06 -5.803399003892159048e-04
1.200000000000000000e+01 0.000000000000000000e+00 -8.755418728112685433e-05
