0.000000000000000000e+00 3.345100203028082575e+01 1.059368069076134589e+01
1.000000000000000056e-01 3.239163396120468974e+01 1.059368069076131746e+01
2.000000000000000111e-01 3.133226589212856084e+01 1.059368069076128904e+01
3.000000000000000444e-01 3.027289782305243193e+01 1.059368069076131746e+01
4.000000000000000222e-01 2.921352975397629947e+01 1.059368069076131746e+01
5.000000000000000000e-01 2.815416168490017057e+01 1.059368069076131746e+01
6.000000000000000888e-01 2.709479361582403456e+01 1.059368069076131746e+01
6.999999999999999556e-01 2.603542554674790566e+01 1.059368069076130325e+01
8.000000000000000444e-01 2.497605747767177320e+01 1.059368069076130325e+01
8.999999999999999112e-01 2.391668940859564430e+01 1.059368069076130325e+01
1.000000000000000000e+00 2.285732133951951539e+01 1.059368069076130325e+01
1.099999999999999867e+00 2.179795327044338649e+01 1.059368069076131746e+01
1.200000000000000178e+00 2.073858520136725048e+01 1.059368069076131746e+01
1.300000000000000044e+00 1.967921713229112157e+01 1.059368069076130325e+01
1.399999999999999911e+00 1.861984906321498912e+01 1.059368069076131746e+01
1.500000000000000000e+00 1.756048099413885666e+01 1.059368069076130325e+01
1.600000000000000089e+00 1.650111292506272775e+01 1.059368069076130325e+01
1.699999999999999956e+00 1.544174485598659707e+01 1.059368069076131746e+01
1.799999999999999822e+00 1.438237678691046462e+01 1.059368069076131746e+01
1.899999999999999911e+00 1.332300871783433394e+01 1.059368069076130325e+01
2.000000000000000000e+00 1.226364064875820503e+01 1.059368069076129615e+01
2.099999999999999645e+00 1.120427257968207435e+01 1.059368069076130325e+01
2.199999999999999734e+00 1.014490451060594367e+01 1.059368069076131036e+01
2.299999999999999822e+00 9.085536441529811214e+00 1.059368069076133168e+01
2.400000000000000355e+00 8.026168372453676980e+00 1.059368069076132457e+01
2.500000000000000000e+00 6.966800303377546300e+00 1.059368069076130325e+01
2.600000000000000089e+00 5.907432234301416507e+00 1.059368069076131036e+01
2.700000000000000178e+00 4.848064165225284938e+00 1.059368069076131036e+01
2.799999999999999822e+00 3.788696096149154258e+00 1.059368069076130681e+01
2.899999999999999911e+00 2.729328027073023577e+00 1.059368069076130681e+01
3.000000000000000000e+00 1.669959957996892674e+00 7.280019975907870311e+00
3.099999999999999645e+00 1.273324031891449160e+00 3.414025828752115466e+00
3.200000000000000178e+00 9.871547922464695146e-01 2.573616222781670793e+00
3.300000000000000266e+00 7.586007873351150455e-01 2.075118525855450979e+00
3.399999999999999911e+00 5.721310870753792965e-01 1.694401566503791923e+00
3.500000000000000000e+00 4.197204740343566387e-01 1.382949182433029112e+00
3.599999999999999645e+00 2.955412505887735075e-01 1.123902495264965884e+00
3.700000000000000178e+00 1.949399749813634508e-01 9.059408534869505258e-01
3.799999999999999822e+00 1.143530798913833801e-01 7.176675023509819784e-01
3.900000000000000355e+00 5.140647451116706068e-02 5.519992378786817699e-01
4.000000000000000000e+00 3.953232315647036386e-03 4.085035846674231474e-01
4.099999999999999645e+00 -3.029424242231757575e-02 2.879893175548408624e-01
4.199999999999999289e+00 -5.364463119532113938e-02 1.889546655967437316e-01
4.299999999999999822e+00 -6.808517554166632069e-02 1.081731073319356362e-01
4.399999999999999467e+00 -7.527925266170826246e-02 4.310485922568824124e-02
4.500000000000000000e+00 -7.670614738680398004e-02 -7.849464129761729581e-03
4.599999999999999645e+00 -7.370935983575592487e-02 -4.615306098816190916e-02
4.700000000000000178e+00 -6.747553518917158433e-02 -7.259887442111834233e-02
4.800000000000000711e+00 -5.918958495153225224e-02 -8.789597604808360720e-02
4.900000000000000355e+00 -4.989633997955486566e-02 -9.375037516270634530e-02
5.000000000000000000e+00 -4.043950991899097902e-02 -9.333728507538660568e-02
5.099999999999999645e+00 -3.122888296447754591e-02 -8.999110398510837272e-02
5.200000000000000178e+00 -2.244128912196930586e-02 -8.541184047485375630e-02
5.299999999999999822e+00 -1.414651486950679708e-02 -7.938794426346354460e-02
5.400000000000000355e+00 -6.563700269276597117e-03 -7.163740015855149523e-02
5.500000000000000000e+00 1.809651622035002511e-04 -6.304425141881414563e-02
5.599999999999999645e+00 6.045150014486234263e-03 -5.540137618034714218e-02
5.699999999999999289e+00 1.126124039827292901e-02 -4.934889894936131394e-02
5.799999999999999822e+00 1.591492980435849774e-02 -4.432661550572712661e-02
5.899999999999999467e+00 2.012656349941835399e-02 -4.032950418759574662e-02
6.000000000000000000e+00 2.398083064187764638e-02 -3.719327424785232039e-02
6.099999999999999645e+00 2.756521834898881945e-02 -3.441799924414808143e-02
6.199999999999999289e+00 3.086443049070726474e-02 -3.116862839234632587e-02
6.300000000000000711e+00 3.379894402745808185e-02 -2.693151303313087719e-02
6.400000000000000355e+00 3.625073309733344018e-02 -2.222073296781593155e-02
6.500000000000000000e+00 3.824309062102126955e-02 -1.748946287196778693e-02
6.600000000000000533e+00 3.974862567172699618e-02 -1.326384326184865126e-02
6.700000000000000178e+00 4.089585927339100396e-02 -1.010244560652817647e-02
6.799999999999999822e+00 4.176911479303263564e-02 -8.297768668016319848e-03
6.899999999999999467e+00 4.255541300699426654e-02 -7.647377938334365410e-03
7.000000000000000000e+00 4.329859038069950455e-02 -7.183560939686112201e-03
7.099999999999999645e+00 4.399212519493148760e-02 -6.449357906166880428e-03
7.199999999999999289e+00 4.458846196193288342e-02 -5.383224091536631395e-03
7.299999999999998934e+00 4.506877001323881388e-02 -4.329088080533421978e-03
7.400000000000000355e+00 4.545427957803956781e-02 -3.552408444704696633e-03
7.500000000000000000e+00 4.577925170217975182e-02 -2.474665682435789327e-03
7.599999999999999645e+00 4.594921271452672568e-02 -4.005032005651443239e-04
7.699999999999999289e+00 4.585935234229278346e-02 2.456099091206254137e-03
7.800000000000000711e+00 4.545799289628547207e-02 5.240604045593622029e-03
7.900000000000000355e+00 4.481123153317406044e-02 7.566413117516629372e-03
8.000000000000000000e+00 4.394471027278214897e-02 9.532652301271427042e-03
8.100000000000001421e+00 4.290470107291977087e-02 1.062540626057173476e-02
8.199999999999999289e+00 4.181962902066779786e-02 1.071317915782563079e-02
8.300000000000000711e+00 4.076206524135464471e-02 1.055762417986846891e-02
8.399999999999998579e+00 3.970810418469410824e-02 1.064111137583304001e-02
8.500000000000000000e+00 3.863384296618804087e-02 1.068630834807743346e-02
8.599999999999999645e+00 3.757084251507861877e-02 1.047465211288359233e-02
8.699999999999999289e+00 3.653891254361132240e-02 1.022420888826819363e-02
8.799999999999998934e+00 3.552600073742497727e-02 1.009577560531027540e-02
8.900000000000000355e+00 3.451975742254926455e-02 9.942960412237467072e-03
9.000000000000000000e+00 3.353740865497748663e-02 9.723426608274465810e-03
9.099999999999999645e+00 3.257507210089437277e-02 9.494673444624318615e-03
9.199999999999999289e+00 3.163847396605262013e-02 9.259737579378923833e-03
9.300000000000000711e+00 3.072312458501858662e-02 9.217281210853106588e-03
9.400000000000000355e+00 2.979501772388200298e-02 9.361143289826845404e-03
9.500000000000000000e+00 2.885089592705321684e-02 9.524630636027792141e-03
9.600000000000001421e+00 2.789009159667644316e-02 9.653715820138186743e-03
9.699999999999999289e+00 2.692015276302557950e-02 9.871068030340324206e-03
9.800000000000000711e+00 2.591587799060837694e-02 1.015135880416026537e-02
9.899999999999998579e+00 2.488988100219352573e-02 1.040637590796947287e-02
1.000000000000000000e+01 2.383460280901448375e-02 1.086104255496071758e-02
1.009999999999999964e+01 2.271767249120138291e-02 1.156239766045553952e-02
1.019999999999999929e+01 2.152212327692337723e-02 1.218439246305325074e-02
1.029999999999999893e+01 2.028079399859073276e-02 1.248281466384772165e-02
1.040000000000000036e+01 1.902556034415383082e-02 1.248047817398768855e-02
1.050000000000000000e+01 1.778469836379319505e-02 1.238189042089345160e-02
1.059999999999999964e+01 1.654918225997514120e-02 1.232984576741526228e-02
1.069999999999999929e+01 1.531872921031014224e-02 1.238194446298858387e-02
1.080000000000000071e+01 1.407279336737742373e-02 1.250285057141038714e-02
1.090000000000000036e+01 1.281815909602806482e-02 1.253863653979722659e-02
1.100000000000000000e+01 1.156506605941797806e-02 1.244477805994489289e-02
1.109999999999999964e+01 1.032920348403908693e-02 1.224663551183046567e-02
1.119999999999999929e+01 9.115738957051885624e-03 1.200725700324908884e-02
1.130000000000000071e+01 7.927752083389269164e-03 1.175462326073319769e-02
1.139999999999999858e+01 6.764814304905245219e-03 1.153190463417409425e-02
1.150000000000000000e+01 5.621371156554449966e-03 1.138618578779046486e-02
1.159999999999999964e+01 4.487577147347152247e-03 2.114271971649706039e-02
1.169999999999999929e+01 1.392827213255037454e-03 2.161550733773881169e-02
1.179999999999999893e+01 1.644756797993898484e-04 6.895057615716034156e-03
1.190000000000000036e+01 1.381569011183052422e-05 8.223783989969492151e-04
1.200000000000000000e+01 0.000000000000000000e+00 1.381569011183052286e-04
