0.000000000000000000e+00 1.784503889786347486e+01 6.167885216771253454e+00
1.000000000000000056e-01 1.722825037618634880e+01 6.167885216771267665e+00
2.000000000000000111e-01 1.661146185450922275e+01 6.167885216771267665e+00
3.000000000000000444e-01 1.599467333283209669e+01 6.167885216771253454e+00
4.000000000000000222e-01 1.537788481115497063e+01 6.167885216771267665e+00
5.000000000000000000e-01 1.476109628947784280e+01 6.167885216771281875e+00
6.000000000000000888e-01 1.414430776780071497e+01 6.167885216771253454e+00
6.999999999999999556e-01 1.352751924612359247e+01 6.167885216771253454e+00
8.000000000000000444e-01 1.291073072444646463e+01 6.167885216771267665e+00
8.999999999999999112e-01 1.229394220276933858e+01 6.167885216771267665e+00
1.000000000000000000e+00 1.167715368109221075e+01 6.167885216771267665e+00
1.099999999999999867e+00 1.106036515941508469e+01 6.167885216771267665e+00
1.200000000000000178e+00 1.044357663773795686e+01 6.167885216771267665e+00
1.300000000000000044e+00 9.826788116060832579e+00 6.167885216771253454e+00
1.399999999999999911e+00 9.209999594383706523e+00 6.167885216771267665e+00
1.500000000000000000e+00 8.593211072706578690e+00 6.167885216771267665e+00
1.600000000000000089e+00 7.976422551029452634e+00 6.167885216771253454e+00
1.699999999999999956e+00 7.359634029352327467e+00 6.167885216771267665e+00
1.799999999999999822e+00 6.742845507675198746e+00 6.167885216771267665e+00
1.899999999999999911e+00 6.126056985998073579e+00 6.167885216771257006e+00
2.000000000000000000e+00 5.509268464320947523e+00 6.167885216771260559e+00
2.099999999999999645e+00 4.892479942643821467e+00 6.167885216771264112e+00
2.199999999999999734e+00 4.275691420966694523e+00 6.167885216771264112e+00
2.299999999999999822e+00 3.658902899289568467e+00 6.167885216771271217e+00
2.400000000000000355e+00 3.042114377612440634e+00 6.167885216771272994e+00
2.500000000000000000e+00 2.425325855935314134e+00 6.167885216771264112e+00
2.600000000000000089e+00 1.808537334258187634e+00 6.167885216771262336e+00
2.700000000000000178e+00 1.191748812581061356e+00 6.167885216771262336e+00
2.799999999999999822e+00 5.749602909039351895e-01 4.407839565072753985e+00
2.899999999999999911e+00 3.101808995665106261e-01 2.188576113515954269e+00
3.000000000000000000e+00 1.372450682007444189e-01 1.481264204109431937e+00
3.099999999999999645e+00 1.392805874462423391e-02 1.059939939011320664e+00
3.200000000000000178e+00 -7.474291960151975556e-02 7.505632814395207797e-01
3.300000000000000266e+00 -1.361845975432799116e-01 5.020927047853710468e-01
3.399999999999999911e+00 -1.751614605585939677e-01 2.970616395424130474e-01
3.500000000000000000e+00 -1.955969254517625489e-01 1.298822810171806896e-01
3.599999999999999645e+00 -2.011379167620301056e-01 -1.187441891908669334e-03
3.700000000000000178e+00 -1.953594370733807983e-01 -9.684746957807355283e-02
3.799999999999999822e+00 -1.817684228464153950e-01 -1.589471399817562469e-01
3.900000000000000355e+00 -1.635700090770295656e-01 -1.916874829684422910e-01
4.000000000000000000e+00 -1.434309262527269369e-01 -1.994071470387418499e-01
4.099999999999999645e+00 -1.236885796692811790e-01 -1.901652951134475966e-01
4.199999999999999289e+00 -1.053978672300374120e-01 -1.762931487058001512e-01
4.299999999999999822e+00 -8.842994992812114319e-02 -1.661220250891018990e-01
4.399999999999999467e+00 -7.217346221221702940e-02 -1.611576194898430292e-01
4.500000000000000000e+00 -5.619842603015254290e-02 -1.581369860966228280e-01
4.599999999999999645e+00 -4.054606499289246935e-02 -1.520374400404315429e-01
4.700000000000000178e+00 -2.579093802206623015e-02 -1.412227877226597816e-01
4.800000000000000711e+00 -1.230150744836051684e-02 -1.262274110656398940e-01
4.900000000000000355e+00 -5.454558089382527831e-04 -1.085670786017992606e-01
5.000000000000000000e+00 9.411908271999336328e-03 -8.924330092448216900e-02
5.099999999999999645e+00 1.730320437595818037e-02 -6.934393224215426588e-02
5.200000000000000178e+00 2.328069472043018881e-02 -5.038168090823852419e-02
5.299999999999999822e+00 2.737954055760588590e-02 -3.279374329362204354e-02
5.400000000000000355e+00 2.983944337915459682e-02 -1.726980844851744301e-02
5.500000000000000000e+00 3.083350224730937658e-02 -5.334233053994413831e-03
5.599999999999999645e+00 3.090628998995348029e-02 1.856987126058362580e-03
5.699999999999999289e+00 3.046210482209770268e-02 5.655651905617203878e-03
5.799999999999999822e+00 2.977515960883003743e-02 8.854671947019998601e-03
5.899999999999999467e+00 2.869117043269370226e-02 1.260804618799157839e-02
6.000000000000000000e+00 2.725355037123172383e-02 1.596414724839267940e-02
6.099999999999999645e+00 2.549834098301516708e-02 1.696372314722099928e-02
6.199999999999999289e+00 2.386080574178752259e-02 1.412549846122444774e-02
6.300000000000000711e+00 2.267324129077027961e-02 8.622737163827151607e-03
6.400000000000000355e+00 2.213625830902209157e-02 2.007621210723176119e-03
6.500000000000000000e+00 2.227171704862564161e-02 -4.680225428109058283e-03
6.600000000000000533e+00 2.307230339464390323e-02 -1.012490753959414957e-02
6.700000000000000178e+00 2.429669855654447222e-02 -1.266004991765805332e-02
6.799999999999999822e+00 2.560431337817551528e-02 -1.211343705231099355e-02
6.899999999999999467e+00 2.671938596700667093e-02 -1.007643035043603863e-02
7.000000000000000000e+00 2.761959944826272370e-02 -8.470466811301702315e-03
7.099999999999999645e+00 2.841347932926701139e-02 -7.716212909373354467e-03
7.199999999999999289e+00 2.916284203013739390e-02 -7.397694475245408796e-03
7.299999999999998934e+00 2.989301822431609384e-02 -7.289841118644974083e-03
7.400000000000000355e+00 3.062081025386638802e-02 -7.243239831584646904e-03
7.500000000000000000e+00 3.134166619063302045e-02 -7.104193944946712858e-03
7.599999999999999645e+00 3.204164904285573129e-02 -6.561844181492859640e-03
7.699999999999999289e+00 3.265403502693159377e-02 -5.387541041434601441e-03
7.800000000000000711e+00 3.311915725114265158e-02 -3.951286508782569928e-03
7.900000000000000355e+00 3.344429232868811191e-02 -2.764696236406877228e-03
8.000000000000000000e+00 3.367209649842402980e-02 -1.958021197399489877e-03
8.100000000000001421e+00 3.383589656816800989e-02 -1.167073078814084841e-03
8.199999999999999289e+00 3.390551111418684677e-02 -1.897109860362899969e-04
8.300000000000000711e+00 3.387383876537526650e-02 8.451847796082656572e-04
8.399999999999998579e+00 3.373647415826518808e-02 2.090185946284323082e-03
8.500000000000000000e+00 3.345580157611840327e-02 3.744936367213319572e-03
8.599999999999999645e+00 3.298748688482252417e-02 5.480958201127733576e-03
8.699999999999999289e+00 3.235960993589285378e-02 6.612465884763690793e-03
8.799999999999998934e+00 3.166499370786978601e-02 6.976682660808142256e-03
8.900000000000000355e+00 3.096427340373122603e-02 6.939132844920148369e-03
9.000000000000000000e+00 3.027716713888575772e-02 6.737626049393125038e-03
9.099999999999999645e+00 2.961674819385259894e-02 6.779032062588064012e-03
9.199999999999999289e+00 2.892136072636814631e-02 7.385413169607224493e-03
9.300000000000000711e+00 2.813966555993115473e-02 8.440678933191975153e-03
9.400000000000000355e+00 2.723322493972975267e-02 9.711390548517745414e-03
9.500000000000000000e+00 2.619738745022760773e-02 1.082478957664173569e-02
9.600000000000001421e+00 2.506826702440140275e-02 1.150425869869003970e-02
9.699999999999999289e+00 2.389653571048959771e-02 1.156024723970378032e-02
9.800000000000000711e+00 2.275621757646064877e-02 1.109662240441970649e-02
9.899999999999998579e+00 2.167721122960565572e-02 1.044376559508244928e-02
1.000000000000000000e+01 2.066746445744415892e-02 9.799205700317045742e-03
1.009999999999999964e+01 1.971737008954224657e-02 9.401737550728483939e-03
1.019999999999999929e+01 1.878711694729846143e-02 9.521480622976932762e-03
1.029999999999999893e+01 1.781307396494686071e-02 1.012761308293928797e-02
1.040000000000000036e+01 1.676159433071060245e-02 1.084598004309321462e-02
1.050000000000000000e+01 1.564387795632821848e-02 1.133828711728135374e-02
1.059999999999999964e+01 1.449393690725433309e-02 1.152292978970015369e-02
1.069999999999999929e+01 1.333929199838818774e-02 1.137275400726010799e-02
1.080000000000000071e+01 1.221938610580231011e-02 1.093440243489188224e-02
1.090000000000000036e+01 1.115241151140981130e-02 1.042473302973152133e-02
1.100000000000000000e+01 1.013443949985600584e-02 1.001635295647560625e-02
1.109999999999999964e+01 9.149140920114689352e-03 9.827069404889102189e-03
1.119999999999999929e+01 8.169025618878186443e-03 9.877035203804507280e-03
1.130000000000000071e+01 7.173733879353787549e-03 1.008938290545807401e-02
1.139999999999999858e+01 6.151149037786570600e-03 1.029438669227742201e-02
1.150000000000000000e+01 5.114856540898302800e-03 1.036784698299291624e-02
1.159999999999999964e+01 4.077579641187987700e-03 1.946631256859355022e-02
1.169999999999999929e+01 1.221594027179592670e-03 1.969927212243387238e-02
1.179999999999999893e+01 1.377252167012125300e-04 6.049110330216616975e-03
1.190000000000000036e+01 1.177196113626911736e-05 6.886260835060626501e-04
1.200000000000000000e+01 0.000000000000000000e+00 1.177196113626911736e-04
