0.000000000000000000e+00 4.431051084908462201e+01 9.974731614558209003e+00
1.000000000000000056e-01 4.331303768762879969e+01 9.974731614558180581e+00
2.000000000000000111e-01 4.231556452617298447e+01 9.974731614558180581e+00
3.000000000000000444e-01 4.131809136471716215e+01 9.974731614558180581e+00
4.000000000000000222e-01 4.032061820326134693e+01 9.974731614558180581e+00
5.000000000000000000e-01 3.932314504180553172e+01 9.974731614558180581e+00
6.000000000000000888e-01 3.832567188034970940e+01 9.974731614558180581e+00
6.999999999999999556e-01 3.732819871889389418e+01 9.974731614558180581e+00
8.000000000000000444e-01 3.633072555743807897e+01 9.974731614558180581e+00
8.999999999999999112e-01 3.533325239598225664e+01 9.974731614558180581e+00
1.000000000000000000e+00 3.433577923452644143e+01 9.974731614558180581e+00
1.099999999999999867e+00 3.333830607307061911e+01 9.974731614558180581e+00
1.200000000000000178e+00 3.234083291161480389e+01 9.974731614558180581e+00
1.300000000000000044e+00 3.134335975015898157e+01 9.974731614558209003e+00
1.399999999999999911e+00 3.034588658870316280e+01 9.974731614558180581e+00
1.500000000000000000e+00 2.934841342724734758e+01 9.974731614558152160e+00
1.600000000000000089e+00 2.835094026579153237e+01 9.974731614558180581e+00
1.699999999999999956e+00 2.735346710433571005e+01 9.974731614558180581e+00
1.799999999999999822e+00 2.635599394287989483e+01 9.974731614558166370e+00
1.899999999999999911e+00 2.535852078142407606e+01 9.974731614558180581e+00
2.000000000000000000e+00 2.436104761996826085e+01 9.974731614558180581e+00
2.099999999999999645e+00 2.336357445851244208e+01 9.974731614558180581e+00
2.199999999999999734e+00 2.236610129705662331e+01 9.974731614558180581e+00
2.299999999999999822e+00 2.136862813560080454e+01 9.974731614558194792e+00
2.400000000000000355e+00 2.037115497414498577e+01 9.974731614558194792e+00
2.500000000000000000e+00 1.937368181268916700e+01 9.974731614558180581e+00
2.600000000000000089e+00 1.837620865123334823e+01 9.974731614558180581e+00
2.700000000000000178e+00 1.737873548977752947e+01 9.974731614558180581e+00
2.799999999999999822e+00 1.638126232832171070e+01 9.974731614558180581e+00
2.899999999999999911e+00 1.538378916686589370e+01 9.974731614558180581e+00
3.000000000000000000e+00 1.438631600541007494e+01 9.974731614558166370e+00
3.099999999999999645e+00 1.338884284395425972e+01 9.974731614558180581e+00
3.200000000000000178e+00 1.239136968249843918e+01 9.974731614558209003e+00
3.300000000000000266e+00 1.139389652104261863e+01 9.974731614558173476e+00
3.399999999999999911e+00 1.039642335958680519e+01 9.974731614558173476e+00
3.500000000000000000e+00 9.398950198130982869e+00 9.974731614558180581e+00
3.599999999999999645e+00 8.401477036675167653e+00 9.974731614558180581e+00
3.700000000000000178e+00 7.404003875219347108e+00 9.974731614558173476e+00
3.799999999999999822e+00 6.406530713763533669e+00 8.070662959254530477e+00
3.900000000000000355e+00 5.789871283368441368e+00 8.706181488105226407e+00
4.000000000000000000e+00 4.665294416142487854e+00 1.038674897151926757e+01
4.099999999999999645e+00 3.712521489064587232e+00 8.586253496769973736e+00
4.199999999999999289e+00 2.948043716788493196e+00 6.929723087899892775e+00
4.299999999999999822e+00 2.326576871484608677e+00 5.647135693905950049e+00
4.399999999999999467e+00 1.818616578007302920e+00 4.614940700831832388e+00
4.500000000000000000e+00 1.403588731318242244e+00 3.757356284970988725e+00
4.599999999999999645e+00 1.067145321013105219e+00 3.040979692692594050e+00
4.700000000000000178e+00 7.953927927797233011e-01 2.451985641372099956e+00
4.800000000000000711e+00 5.767481927386851615e-01 1.980123952034249069e+00
4.900000000000000355e+00 3.993680023728735096e-01 1.615935840690935876e+00
5.000000000000000000e+00 2.535610246004980084e-01 1.340025380582173131e+00
5.099999999999999645e+00 1.313629262564388889e-01 1.120624206656926081e+00
5.200000000000000178e+00 2.943618326911278879e-02 9.341406865629335865e-01
5.299999999999999822e+00 -5.546521105614782288e-02 7.702658034246935292e-01
5.400000000000000355e+00 -1.246169774158259191e-01 6.222065576221635919e-01
5.500000000000000000e+00 -1.799065225805805412e-01 4.947841418003210423e-01
5.599999999999999645e+00 -2.235738057758901443e-01 3.920416515912943378e-01
5.699999999999999289e+00 -2.583148528988394310e-01 3.075583858997299469e-01
5.799999999999999822e+00 -2.850854829558361336e-01 2.281095285851530985e-01
5.899999999999999467e+00 -3.039367586158700507e-01 1.425791436395766887e-01
6.000000000000000000e+00 -3.136013116837514936e-01 5.305372302213395841e-02
6.099999999999999645e+00 -3.145475032202968424e-01 -2.615242498597836196e-02
6.199999999999999289e+00 -3.083708266865557990e-01 -8.505904341213499364e-02
6.300000000000000711e+00 -2.975356945378698215e-01 -1.189144129171282316e-01
6.400000000000000355e+00 -2.845879441031301527e-01 -1.307141402486680093e-01
6.500000000000000000e+00 -2.713928664881362085e-01 -1.321820864358522751e-01
6.600000000000000533e+00 -2.581515268159597087e-01 -1.362718008243644086e-01
6.700000000000000178e+00 -2.441385063232633379e-01 -1.461387308506418847e-01
6.799999999999999822e+00 -2.289237806458312985e-01 -1.590507764068072039e-01
6.899999999999999467e+00 -2.123283510419018971e-01 -1.686882780959291228e-01
7.000000000000000000e+00 -1.951861250266454795e-01 -1.683668017612551804e-01
7.099999999999999645e+00 -1.786549906896508499e-01 -1.580299345843309000e-01
7.199999999999999289e+00 -1.635801381097793106e-01 -1.452653279163413913e-01
7.299999999999998934e+00 -1.496019251063825661e-01 -1.345804264414540707e-01
7.400000000000000355e+00 -1.366640528214884964e-01 -1.251011256584535491e-01
7.500000000000000000e+00 -1.245816999746918730e-01 -1.143213115550124614e-01
7.599999999999999645e+00 -1.137997905104859986e-01 -1.042224379394551814e-01
7.699999999999999289e+00 -1.037372123868008367e-01 -9.748050771795091496e-02
7.800000000000000711e+00 -9.430368896689581004e-02 -9.337041139679191915e-02
7.900000000000000355e+00 -8.506313010744244452e-02 -9.041849517029726391e-02
8.000000000000000000e+00 -7.621998993283635171e-02 -8.768430448152148005e-02
8.100000000000001421e+00 -6.752626921113814851e-02 -8.292679395704355416e-02
8.199999999999999289e+00 -5.963463114142764088e-02 -7.400758546781593950e-02
8.300000000000000711e+00 -5.272475211757496338e-02 -6.136110973559072423e-02
8.399999999999998579e+00 -4.736240919430950019e-02 -4.698721342204570384e-02
8.500000000000000000e+00 -4.332730943316581707e-02 -3.304612462965403341e-02
8.599999999999999645e+00 -4.075318426837869212e-02 -2.132698508952879379e-02
8.699999999999999289e+00 -3.906191241526005969e-02 -1.237879513700282375e-02
8.799999999999998934e+00 -3.827742524097813015e-02 -5.036637447387914968e-03
8.900000000000000355e+00 -3.805458492578248086e-02 -5.004789992315017422e-04
9.000000000000000000e+00 -3.817732944113182841e-02 -1.972175960504585213e-04
9.099999999999999645e+00 -3.801514140657238916e-02 -3.237981129767253385e-03
9.199999999999999289e+00 -3.752973321517837774e-02 -7.290782183771354896e-03
9.300000000000000711e+00 -3.655698496981811541e-02 -1.130270692004248234e-02
9.400000000000000355e+00 -3.526919183116988127e-02 -1.475827733777348993e-02
9.500000000000000000e+00 -3.360532950226341464e-02 -1.812591993512652211e-02
9.600000000000001421e+00 -3.164400784414457546e-02 -2.148898324798570458e-02
9.699999999999999289e+00 -2.930753285266627511e-02 -2.404444704387209697e-02
9.800000000000000711e+00 -2.683511843537015468e-02 -2.472909891677961547e-02
9.899999999999998579e+00 -2.436171306931035271e-02 -2.316903820563449845e-02
1.000000000000000000e+01 -2.220131079424325637e-02 -2.021705937919328344e-02
1.009999999999999964e+01 -2.031830119347169394e-02 -1.852424481160842851e-02
1.019999999999999929e+01 -1.849646183192156859e-02 -1.928001939279024024e-02
1.029999999999999893e+01 -1.646229731491364798e-02 -2.107382701415189130e-02
1.040000000000000036e+01 -1.428169642909118964e-02 -2.133751573271761709e-02
1.050000000000000000e+01 -1.219479416837012352e-02 -1.931334120301724661e-02
1.059999999999999964e+01 -1.041902818848774136e-02 -1.633822509704220549e-02
1.069999999999999929e+01 -8.927149148961682074e-03 -1.374017511721996321e-02
1.080000000000000071e+01 -7.670993165043747848e-03 -1.155108320287428353e-02
1.090000000000000036e+01 -6.616932508386824674e-03 -9.797480053410474732e-03
1.100000000000000000e+01 -5.711497154361653075e-03 -8.536083347073900734e-03
1.109999999999999964e+01 -4.909715838972044874e-03 -7.414099594642283714e-03
1.119999999999999929e+01 -4.228677235433196506e-03 -6.072729394565563182e-03
1.130000000000000071e+01 -3.695169960058931977e-03 -4.840679375133855045e-03
1.139999999999999858e+01 -3.260541360406425237e-03 -4.018967810858376996e-03
1.150000000000000000e+01 -2.891376397887256752e-03 -3.764601350603894239e-03
1.159999999999999964e+01 -2.507621090285646389e-03 -1.263153696880155337e-02
1.169999999999999929e+01 -3.650690041269456223e-04 -1.233388760802925713e-02
1.179999999999999893e+01 -4.084356867979482537e-05 -1.804903968068498907e-03
1.190000000000000036e+01 -4.088210513245771274e-06 -2.042178433989741133e-04
1.200000000000000000e+01 0.000000000000000000e+00 -4.088210513245771783e-05
