0.000000000000000000e+00 8.346468710657944712e+01 2.033209917109536491e+01
1.000000000000000056e-01 8.143147718946990210e+01 2.033209917109530807e+01
2.000000000000000111e-01 7.939826727236038550e+01 2.033209917109530807e+01
3.000000000000000444e-01 7.736505735525084049e+01 2.033209917109530807e+01
4.000000000000000222e-01 7.533184743814130968e+01 2.033209917109530807e+01
5.000000000000000000e-01 7.329863752103177887e+01 2.033209917109530807e+01
6.000000000000000888e-01 7.126542760392224807e+01 2.033209917109530807e+01
6.999999999999999556e-01 6.923221768681271726e+01 2.033209917109530807e+01
8.000000000000000444e-01 6.719900776970318645e+01 2.033209917109530807e+01
8.999999999999999112e-01 6.516579785259365565e+01 2.033209917109530807e+01
1.000000000000000000e+00 6.313258793548413195e+01 2.033209917109530807e+01
1.099999999999999867e+00 6.109937801837459403e+01 2.033209917109536491e+01
1.200000000000000178e+00 5.906616810126505612e+01 2.033209917109530807e+01
1.300000000000000044e+00 5.703295818415553242e+01 2.033209917109530807e+01
1.399999999999999911e+00 5.499974826704599451e+01 2.033209917109530807e+01
1.500000000000000000e+00 5.296653834993647081e+01 2.033209917109527964e+01
1.600000000000000089e+00 5.093332843282694000e+01 2.033209917109530807e+01
1.699999999999999956e+00 4.890011851571740920e+01 2.033209917109530807e+01
1.799999999999999822e+00 4.686690859860787839e+01 2.033209917109530807e+01
1.899999999999999911e+00 4.483369868149834758e+01 2.033209917109530807e+01
2.000000000000000000e+00 4.280048876438881678e+01 2.033209917109530807e+01
2.099999999999999645e+00 4.076727884727928597e+01 2.033209917109530807e+01
2.199999999999999734e+00 3.873406893016975516e+01 2.033209917109530807e+01
2.299999999999999822e+00 3.670085901306022436e+01 2.033209917109533649e+01
2.400000000000000355e+00 3.466764909595068644e+01 2.033209917109533649e+01
2.500000000000000000e+00 3.263443917884115564e+01 2.033209917109533649e+01
2.600000000000000089e+00 3.060122926173161773e+01 2.033209917109533649e+01
2.700000000000000178e+00 2.856801934462208692e+01 2.033209917109530807e+01
2.799999999999999822e+00 2.653480942751255611e+01 2.033209917109529385e+01
2.899999999999999911e+00 2.450159951040302886e+01 2.033209917109529385e+01
3.000000000000000000e+00 2.246838959329349805e+01 2.033209917109527964e+01
3.099999999999999645e+00 2.043517967618397435e+01 2.033209917109532228e+01
3.200000000000000178e+00 1.840196975907443289e+01 2.033209917109537912e+01
3.300000000000000266e+00 1.636875984196489853e+01 2.033209917109530807e+01
3.399999999999999911e+00 1.433554992485537127e+01 2.033209917109530807e+01
3.500000000000000000e+00 1.230234000774583514e+01 2.033209917109530807e+01
3.599999999999999645e+00 1.026913009063630966e+01 2.033209917109531517e+01
3.700000000000000178e+00 8.235920173526771748e+00 2.033209917109531162e+01
3.799999999999999822e+00 6.202710256417248047e+00 1.769526739007499572e+01
3.900000000000000355e+00 4.696866695511772605e+00 1.360480867709262398e+01
4.000000000000000000e+00 3.481748520998722896e+00 1.058622190232672011e+01
4.099999999999999645e+00 2.579622315046428582e+00 8.045715931905489171e+00
4.199999999999999289e+00 1.872605334617624795e+00 6.348995109891478528e+00
4.299999999999999822e+00 1.309823293068133054e+00 5.051934813179340900e+00
4.399999999999999467e+00 8.622183719817565484e-01 3.993924933576300074e+00
4.500000000000000000e+00 5.110383063528728398e-01 3.125590892218940819e+00
4.599999999999999645e+00 2.371001935379683789e-01 2.424884435997238796e+00
4.700000000000000178e+00 2.606141915342512216e-02 1.860793854665261593e+00
4.800000000000000711e+00 -1.350585773950839508e-01 1.410404409829964623e+00
4.900000000000000355e+00 -2.560194628125678218e-01 1.052878876063324531e+00
5.000000000000000000e+00 -3.456343526077488848e-01 7.628632852184875635e-01
5.099999999999999645e+00 -4.085921198562653678e-01 5.159186710781913376e-01
5.200000000000000178e+00 -4.488180868233871412e-01 3.030414401837724370e-01
5.299999999999999822e+00 -4.692004078930198663e-01 1.280934510856339692e-01
5.400000000000000355e+00 -4.744367770405139573e-01 -6.989245580919511980e-03
5.500000000000000000e+00 -4.678025587768359639e-01 -1.065172358835133615e-01
5.599999999999999645e+00 -4.531333298638112739e-01 -1.766061737222690553e-01
5.699999999999999289e+00 -4.324813240323821528e-01 -2.273022659608101570e-01
5.799999999999999822e+00 -4.076728766716492536e-01 -2.663255778676458796e-01
5.899999999999999467e+00 -3.792162084588529547e-01 -2.972772938130026077e-01
6.000000000000000000e+00 -3.482174179090486987e-01 -3.211613542373201735e-01
6.099999999999999645e+00 -3.149839376113889311e-01 -3.352440693467990673e-01
6.199999999999999289e+00 -2.811686040396889075e-01 -3.318468660664588565e-01
6.300000000000000711e+00 -2.486145643980971487e-01 -3.078025777320918532e-01
6.400000000000000355e+00 -2.196080884932705146e-01 -2.676964251310909315e-01
6.500000000000000000e+00 -1.950752793718789624e-01 -2.232456777283008398e-01
6.600000000000000533e+00 -1.749589529476103522e-01 -1.813623185151210793e-01
6.700000000000000178e+00 -1.588028156688547354e-01 -1.438167924074884585e-01
6.799999999999999822e+00 -1.461955944661126605e-01 -1.125865737357752971e-01
6.899999999999999467e+00 -1.362855009216996649e-01 -9.198123449740647217e-02
7.000000000000000000e+00 -1.277993475666313605e-01 -7.905824872784050772e-02
7.099999999999999645e+00 -1.204738511761315745e-01 -6.813416445301245794e-02
7.199999999999999289e+00 -1.141725146760288745e-01 -6.018907273073892394e-02
7.299999999999998934e+00 -1.084360366299837869e-01 -6.089076446671581877e-02
7.400000000000000355e+00 -1.019943617826857135e-01 -6.921308272068182887e-02
7.500000000000000000e+00 -9.459342008584742389e-02 -7.759571139459392475e-02
7.599999999999999645e+00 -8.647521950376692301e-02 -8.027129652825321093e-02
7.699999999999999289e+00 -7.853916078019677893e-02 -7.698719036923690195e-02
7.800000000000000711e+00 -7.107778142991953707e-02 -7.064526775943186232e-02
7.900000000000000355e+00 -6.441010722831040647e-02 -6.430981307751965081e-02
8.000000000000000000e+00 -5.821581881441561385e-02 -6.000981971298546824e-02
8.100000000000001421e+00 -5.240814328571330449e-02 -5.584928418807880157e-02
8.199999999999999289e+00 -4.704596197679985353e-02 -5.041090678610929410e-02
8.300000000000000711e+00 -4.232596192849144567e-02 -4.402736159283818229e-02
8.399999999999998579e+00 -3.824048965823221430e-02 -3.727388246187796073e-02
8.500000000000000000e+00 -3.487118543611585769e-02 -2.986125540536679890e-02
8.599999999999999645e+00 -3.226823857715885313e-02 -2.324930310675121792e-02
8.699999999999999289e+00 -3.022132481476560995e-02 -1.828569991033451858e-02
8.799999999999998934e+00 -2.861109859509194941e-02 -1.482339374628799389e-02
8.900000000000000355e+00 -2.725664606550801117e-02 -1.258370440007006152e-02
9.000000000000000000e+00 -2.609435771507793989e-02 -1.237350299663865505e-02
9.099999999999999645e+00 -2.478194546618028155e-02 -1.375442381570132766e-02
9.199999999999999289e+00 -2.334347295193767158e-02 -1.573504342002324252e-02
9.300000000000000711e+00 -2.163493678217563373e-02 -1.786650440212864122e-02
9.400000000000000355e+00 -1.977017207151194472e-02 -2.021608086945515803e-02
9.500000000000000000e+00 -1.759172060828460143e-02 -2.229933632905928276e-02
9.600000000000001421e+00 -1.531030480570008678e-02 -2.414448171206810823e-02
9.699999999999999289e+00 -1.276282426587097875e-02 -2.616028120506653371e-02
9.800000000000000711e+00 -1.007824856468678143e-02 -2.704083834261322011e-02
9.899999999999998579e+00 -7.354656597348335073e-03 -2.467577676617252469e-02
1.000000000000000000e+01 -5.143093211452275451e-03 -1.900433680378552093e-02
1.009999999999999964e+01 -3.553789236591230454e-03 -1.293791559649378094e-02
1.019999999999999929e+01 -2.555510092153518743e-03 -8.970913679280809183e-03
1.029999999999999893e+01 -1.759606500735068357e-03 -7.472216199614368712e-03
1.040000000000000036e+01 -1.061066852230644827e-03 -7.217887425462786617e-03
1.050000000000000000e+01 -3.160290156425111098e-04 -6.779144138690792326e-03
1.059999999999999964e+01 2.947619755075137353e-04 -5.312938941272893519e-03
1.069999999999999929e+01 7.465587726120676698e-04 -3.614078147166979293e-03
1.080000000000000071e+01 1.017577604940909626e-03 -2.015928878867304184e-03
1.090000000000000036e+01 1.149744548385528463e-03 -5.726034341323226265e-04
1.100000000000000000e+01 1.132098291767374152e-03 4.130398662508562302e-04
1.109999999999999964e+01 1.067136575135357304e-03 6.128211028044042510e-04
1.119999999999999929e+01 1.009534071206493258e-03 7.224373942188158301e-04
1.130000000000000071e+01 9.226490962915940511e-04 1.242200131338392580e-03
1.139999999999999858e+01 7.610940449388147420e-04 1.916666475125081669e-03
1.150000000000000000e+01 5.393158012665776740e-04 2.235082153893782481e-03
1.159999999999999964e+01 3.140776141600583218e-04 4.892536326075092555e-03
1.169999999999999929e+01 -4.391914639484408803e-04 2.065998987221288538e-03
1.179999999999999893e+01 -9.912218328419942646e-05 -2.148397569387684811e-03
1.190000000000000036e+01 -9.511950070903853698e-06 -4.956109164209970917e-04
1.200000000000000000e+01 0.000000000000000000e+00 -9.511950070903853020e-05
