0.000000000000000000e+00 4.303646461576044402e+01 1.085581503818434612e+01
1.000000000000000056e-01 4.195088311194200514e+01 1.085581503818431770e+01
2.000000000000000111e-01 4.086530160812358048e+01 1.085581503818431770e+01
3.000000000000000444e-01 3.977972010430514160e+01 1.085581503818431770e+01
4.000000000000000222e-01 3.869413860048671694e+01 1.085581503818431770e+01
5.000000000000000000e-01 3.760855709666827806e+01 1.085581503818431770e+01
6.000000000000000888e-01 3.652297559284985340e+01 1.085581503818431770e+01
6.999999999999999556e-01 3.543739408903141452e+01 1.085581503818431770e+01
8.000000000000000444e-01 3.435181258521298986e+01 1.085581503818431770e+01
8.999999999999999112e-01 3.326623108139455098e+01 1.085581503818428928e+01
1.000000000000000000e+00 3.218064957757612632e+01 1.085581503818428928e+01
1.099999999999999867e+00 3.109506807375769455e+01 1.085581503818434612e+01
1.200000000000000178e+00 3.000948656993925923e+01 1.085581503818431770e+01
1.300000000000000044e+00 2.892390506612083101e+01 1.085581503818431770e+01
1.399999999999999911e+00 2.783832356230239569e+01 1.085581503818431770e+01
1.500000000000000000e+00 2.675274205848396747e+01 1.085581503818431770e+01
1.600000000000000089e+00 2.566716055466553215e+01 1.085581503818431770e+01
1.699999999999999956e+00 2.458157905084710393e+01 1.085581503818430349e+01
1.799999999999999822e+00 2.349599754702867216e+01 1.085581503818431770e+01
1.899999999999999911e+00 2.241041604321024039e+01 1.085581503818431770e+01
2.000000000000000000e+00 2.132483453939180862e+01 1.085581503818431770e+01
2.099999999999999645e+00 2.023925303557337685e+01 1.085581503818430349e+01
2.199999999999999734e+00 1.915367153175494863e+01 1.085581503818430349e+01
2.299999999999999822e+00 1.806809002793651686e+01 1.085581503818433191e+01
2.400000000000000355e+00 1.698250852411808154e+01 1.085581503818433191e+01
2.500000000000000000e+00 1.589692702029964977e+01 1.085581503818430349e+01
2.600000000000000089e+00 1.481134551648121978e+01 1.085581503818430349e+01
2.700000000000000178e+00 1.372576401266278801e+01 1.085581503818431770e+01
2.799999999999999822e+00 1.264018250884435624e+01 1.085581503818431770e+01
2.899999999999999911e+00 1.155460100502592447e+01 1.085581503818431059e+01
3.000000000000000000e+00 1.046901950120749447e+01 1.085581503818428928e+01
3.099999999999999645e+00 9.383437997389066254e+00 1.085581503818431059e+01
3.200000000000000178e+00 8.297856493570632708e+00 1.085581503818434612e+01
3.300000000000000266e+00 7.212274989752197385e+00 1.085581503818431415e+01
3.399999999999999911e+00 6.126693485933769168e+00 1.085581503818431415e+01
3.500000000000000000e+00 5.041111982115334733e+00 1.085581503818431059e+01
3.599999999999999645e+00 3.955530478296906960e+00 9.116655571956048476e+00
3.700000000000000178e+00 3.217780867724124860e+00 6.456901831702055006e+00
3.799999999999999822e+00 2.664150111956495870e+00 5.083909602187230092e+00
3.900000000000000355e+00 2.200998947286678664e+00 4.177125652422390090e+00
4.000000000000000000e+00 1.828724981472017674e+00 3.432211497461713279e+00
4.099999999999999645e+00 1.514556647794335964e+00 2.900738926316806854e+00
4.199999999999999289e+00 1.248577196208656481e+00 2.463107877921310696e+00
4.299999999999999822e+00 1.021935072210073736e+00 2.114715513818341108e+00
4.399999999999999467e+00 8.256340934449881708e-01 1.838295878006927175e+00
4.500000000000000000e+00 6.542758966086883454e-01 1.601605050461141211e+00
4.599999999999999645e+00 5.053130833527598176e-01 1.387204469351996705e+00
4.700000000000000178e+00 3.768350027382889600e-01 1.188003358085498062e+00
4.800000000000000711e+00 2.677124117356602384e-01 1.008819347914133413e+00
4.900000000000000355e+00 1.750711331554622718e-01 8.429447518456016919e-01
5.000000000000000000e+00 9.912346136653990558e-02 6.900749020928753641e-01
5.099999999999999645e+00 3.705615273688718514e-02 5.487648601206415178e-01
5.200000000000000178e+00 -1.062951065758840734e-02 4.152457938851671360e-01
5.299999999999999822e+00 -4.599300604014625038e-02 2.974409853838714257e-01
5.400000000000000355e+00 -7.011770773436269699e-02 2.016615172873347794e-01
5.500000000000000000e+00 -8.632530949761320349e-02 1.312976868527397367e-01
5.599999999999999645e+00 -9.637724510491063601e-02 7.172029124047490933e-02
5.699999999999999289e+00 -1.006693677457081854e-01 3.091958830832319816e-02
5.799999999999999822e+00 -1.025611627665752867e-01 1.318774562089175539e-02
5.899999999999999467e+00 -1.033069168698865364e-01 1.095834415149932184e-03
6.000000000000000000e+00 -1.027803296496052621e-01 -5.656858963658528694e-03
6.099999999999999645e+00 -1.021755450771548307e-01 -1.416240711925170759e-02
6.199999999999999289e+00 -9.994784822575492056e-02 -3.073146823779793202e-02
6.300000000000000711e+00 -9.602925142959524429e-02 -5.006128867160986040e-02
6.400000000000000355e+00 -8.993559049143295958e-02 -7.365667879576887067e-02
6.500000000000000000e+00 -8.129791567044147849e-02 -1.022400698789676654e-01
6.600000000000000533e+00 -6.948757651563941540e-02 -1.377178193657271343e-01
6.700000000000000178e+00 -5.375435179729604052e-02 -1.642351978327372952e-01
6.799999999999999822e+00 -3.664053694909195913e-02 -1.748730913399538511e-01
6.899999999999999467e+00 -1.877973352930527307e-02 -1.770456888802174611e-01
7.000000000000000000e+00 -1.231399173048463788e-03 -1.579317937047559628e-01
7.099999999999999645e+00 1.280662521164591984e-02 -1.259286651680513736e-01
7.199999999999999289e+00 2.395433386056181405e-02 -8.995816575112738911e-02
7.299999999999998934e+00 3.079825836187139593e-02 -4.451845350962123360e-02
7.400000000000000355e+00 3.285802456248606424e-02 -1.235890971215367062e-02
7.500000000000000000e+00 3.327004030430213283e-02 5.806611828097635319e-03
7.599999999999999645e+00 3.169670219686653717e-02 1.798235919112398107e-02
7.699999999999999289e+00 2.967356846607733384e-02 2.167940314206370789e-02
7.800000000000000711e+00 2.736082156845379143e-02 2.122642037973429541e-02
7.900000000000000355e+00 2.542828439013047545e-02 1.501964189684663886e-02
8.000000000000000000e+00 2.435689318908446435e-02 1.442357918871318978e-02
8.100000000000001421e+00 2.254356855238783680e-02 1.657910682103330702e-02
8.199999999999999289e+00 2.104107182487780295e-02 1.718900240062144757e-02
8.300000000000000711e+00 1.910576807226354798e-02 2.093639907505351339e-02
8.399999999999998579e+00 1.685379200986709958e-02 2.180347969135593145e-02
8.500000000000000000e+00 1.474507213399236030e-02 2.178337581392496280e-02
8.599999999999999645e+00 1.249711684708210840e-02 1.971074072718048686e-02
8.699999999999999289e+00 1.080292398855626362e-02 1.528575027506020451e-02
8.799999999999998934e+00 9.439966792070066809e-03 9.648931979390318325e-03
8.900000000000000355e+00 8.873137592678199612e-03 1.528793490352141349e-03
9.000000000000000000e+00 9.134208093999637498e-03 -3.301376072858366872e-03
9.099999999999999645e+00 9.533412807249872639e-03 -6.591164446721933801e-03
9.199999999999999289e+00 1.045244098334402461e-02 -9.627748260771083755e-03
9.300000000000000711e+00 1.145896245940408904e-02 -9.790745993678781622e-03
9.400000000000000355e+00 1.241059018207978093e-02 -8.892697797582511943e-03
9.500000000000000000e+00 1.323750201892059247e-02 -6.845817844370286065e-03
9.600000000000001421e+00 1.377975375095383953e-02 -5.214813752694572035e-03
9.699999999999999289e+00 1.428046476945950619e-02 -3.826528836459258676e-03
9.800000000000000711e+00 1.454505951824569022e-02 -1.919218379104609129e-03
9.899999999999998579e+00 1.466430844528042801e-02 -2.143228050258419448e-03
1.000000000000000000e+01 1.497370512829737481e-02 -2.111099783610043135e-03
1.009999999999999964e+01 1.508652840200243664e-02 -5.182743457812916121e-04
1.019999999999999929e+01 1.507735999745363209e-02 6.961411067859801793e-04
1.029999999999999893e+01 1.494730018064524026e-02 2.193936932885706681e-03
1.040000000000000036e+01 1.463857261087649075e-02 3.209422315087223643e-03
1.050000000000000000e+01 1.430541571762779587e-02 5.281756815709956476e-03
1.059999999999999964e+01 1.358222124773449981e-02 8.016834680481976783e-03
1.069999999999999929e+01 1.270204878153140086e-02 1.008964338837200353e-02
1.080000000000000071e+01 1.156429257006010014e-02 1.187350186319240108e-02
1.090000000000000036e+01 1.032734840889291961e-02 1.230659103913524927e-02
1.100000000000000000e+01 9.102974362233048899e-03 1.262484805350522904e-02
1.109999999999999964e+01 7.802378798191874146e-03 1.291124242386208765e-02
1.119999999999999929e+01 6.520725877460631717e-03 1.251595709243634447e-02
1.130000000000000071e+01 5.299187379704604905e-03 1.163868306531354660e-02
1.139999999999999858e+01 4.192989264397922224e-03 1.032018616089561483e-02
1.150000000000000000e+01 3.235150147525482286e-03 9.029007427347333220e-03
1.159999999999999964e+01 2.387187778928455406e-03 1.159982301170102773e-02
1.169999999999999929e+01 9.151855451852765897e-04 1.115518195427078751e-02
1.179999999999999893e+01 1.561513880742980550e-04 4.502934532954416813e-03
1.190000000000000036e+01 1.459863859439323621e-05 7.807569403714902751e-04
1.200000000000000000e+01 0.000000000000000000e+00 1.459863859439323520e-04
