0.000000000000000000e+00 2.410792160540410478e+01 7.565091183756322835e+00
1.000000000000000056e-01 2.335141248702847250e+01 7.565091183756322835e+00
2.000000000000000111e-01 2.259490336865284021e+01 7.565091183756322835e+00
3.000000000000000444e-01 2.183839425027720793e+01 7.565091183756308624e+00
4.000000000000000222e-01 2.108188513190157920e+01 7.565091183756308624e+00
5.000000000000000000e-01 2.032537601352594692e+01 7.565091183756322835e+00
6.000000000000000888e-01 1.956886689515031463e+01 7.565091183756337045e+00
6.999999999999999556e-01 1.881235777677467880e+01 7.565091183756308624e+00
8.000000000000000444e-01 1.805584865839905362e+01 7.565091183756308624e+00
8.999999999999999112e-01 1.729933954002341778e+01 7.565091183756322835e+00
1.000000000000000000e+00 1.654283042164778905e+01 7.565091183756322835e+00
1.099999999999999867e+00 1.578632130327215322e+01 7.565091183756337045e+00
1.200000000000000178e+00 1.502981218489652093e+01 7.565091183756308624e+00
1.300000000000000044e+00 1.427330306652089043e+01 7.565091183756308624e+00
1.399999999999999911e+00 1.351679394814525814e+01 7.565091183756315729e+00
1.500000000000000000e+00 1.276028482976962763e+01 7.565091183756308624e+00
1.600000000000000089e+00 1.200377571139399713e+01 7.565091183756315729e+00
1.699999999999999956e+00 1.124726659301836484e+01 7.565091183756315729e+00
1.799999999999999822e+00 1.049075747464273434e+01 7.565091183756315729e+00
1.899999999999999911e+00 9.734248356267102054e+00 7.565091183756322835e+00
2.000000000000000000e+00 8.977739237891467994e+00 7.565091183756315729e+00
2.099999999999999645e+00 8.221230119515837487e+00 7.565091183756315729e+00
2.199999999999999734e+00 7.464721001140205203e+00 7.565091183756315729e+00
2.299999999999999822e+00 6.708211882764574696e+00 7.565091183756322835e+00
2.400000000000000355e+00 5.951702764388940636e+00 7.565091183756329940e+00
2.500000000000000000e+00 5.195193646013308353e+00 7.565091183756315729e+00
2.600000000000000089e+00 4.438684527637677846e+00 7.565091183756315729e+00
2.700000000000000178e+00 3.682175409262045562e+00 7.565091183756316617e+00
2.799999999999999822e+00 2.925666290886414167e+00 7.565091183756313953e+00
2.899999999999999911e+00 2.169157172510782328e+00 6.492608356825455118e+00
3.000000000000000000e+00 1.627144619521323055e+00 4.841801409990184268e+00
3.099999999999999645e+00 1.200796890512745740e+00 3.861000128583647495e+00
3.200000000000000178e+00 8.549445938045935334e-01 3.124444128309751711e+00
3.300000000000000266e+00 5.759080648507952649e-01 2.528169876177502218e+00
3.399999999999999911e+00 3.493106185690930676e-01 2.054649780475411802e+00
3.500000000000000000e+00 1.649781087557128378e-01 1.664983992140379732e+00
3.599999999999999645e+00 1.631382014101713171e-02 1.327049066052339521e+00
3.700000000000000178e+00 -1.004317044547550913e-01 1.040182773216101975e+00
3.799999999999999822e+00 -1.917227345022032847e-01 8.212120755872900357e-01
3.900000000000000355e+00 -2.646741195722130957e-01 6.615130263242456898e-01
4.000000000000000000e+00 -3.240253397670524449e-01 5.382239694122561424e-01
4.099999999999999645e+00 -3.723189134546643353e-01 4.349620427599130146e-01
4.199999999999999289e+00 -4.110177483190350367e-01 3.390246286419020816e-01
4.299999999999999822e+00 -4.401238391830447627e-01 2.456488044172591145e-01
4.399999999999999467e+00 -4.601475092024868707e-01 1.600528401948491108e-01
4.500000000000000000e+00 -4.721344072220146071e-01 8.879164716487419895e-02
4.599999999999999645e+00 -4.779058386354617105e-01 3.142840368230803705e-02
4.700000000000000178e+00 -4.784200879584761812e-01 -1.747523522283689346e-02
4.800000000000000711e+00 -4.744107915908943318e-01 -6.284326648689031458e-02
4.900000000000000355e+00 -4.658514346610981294e-01 -1.092993978045990744e-01
5.000000000000000000e+00 -4.525509120299744947e-01 -1.546939455266937991e-01
5.099999999999999645e+00 -4.349126455557593696e-01 -1.869336066210633973e-01
5.200000000000000178e+00 -4.151641907057618264e-01 -1.961342971260164880e-01
5.299999999999999822e+00 -3.956857861305560498e-01 -1.835967624530125963e-01
5.400000000000000355e+00 -3.784448382151592849e-01 -1.604712925710887195e-01
5.500000000000000000e+00 -3.635915276163383392e-01 -1.383333787152534189e-01
5.599999999999999645e+00 -3.507781624721086344e-01 -1.261491557533405139e-01
5.699999999999999289e+00 -3.383616964656702142e-01 -1.274553338476893671e-01
5.799999999999999822e+00 -3.252870957025707499e-01 -1.352984924001787714e-01
5.899999999999999467e+00 -3.113019979856344599e-01 -1.409361523409573547e-01
6.000000000000000000e+00 -2.970998652343792568e-01 -1.408961830671371374e-01
6.099999999999999645e+00 -2.831227613722070435e-01 -1.358849358552738362e-01
6.199999999999999289e+00 -2.699228780633244895e-01 -1.287669894495298006e-01
6.300000000000000711e+00 -2.573693634823010501e-01 -1.241386646856439402e-01
6.400000000000000355e+00 -2.450951451261957070e-01 -1.233217742551651064e-01
6.500000000000000000e+00 -2.327050086312680566e-01 -1.230503802770734900e-01
6.600000000000000533e+00 -2.204850690707810257e-01 -1.213995333349533468e-01
6.700000000000000178e+00 -2.084251019642773817e-01 -1.188914591720271474e-01
6.799999999999999822e+00 -1.967067772363755851e-01 -1.145166102897708926e-01
6.899999999999999467e+00 -1.855217799063232087e-01 -1.078239949129883302e-01
7.000000000000000000e+00 -1.751419782537779191e-01 -9.894915506453383358e-02
7.099999999999999645e+00 -1.657319488934164420e-01 -8.786106990967468278e-02
7.199999999999999289e+00 -1.575697642718429936e-01 -7.510146578506249337e-02
7.299999999999998934e+00 -1.507116557364039378e-01 -6.285573718375170316e-02
7.400000000000000355e+00 -1.449986168350926308e-01 -5.324491977056067249e-02
7.500000000000000000e+00 -1.400626717822917866e-01 -4.696984325211028821e-02
7.599999999999999645e+00 -1.356046481846705787e-01 -4.377152935000871992e-02
7.699999999999999289e+00 -1.313083659122900593e-01 -4.271576101915119938e-02
7.800000000000000711e+00 -1.270614959808403499e-01 -4.189519800633412228e-02
7.900000000000000355e+00 -1.229293263110232265e-01 -4.048241343003988746e-02
8.000000000000000000e+00 -1.189650132948323613e-01 -3.965763744709960292e-02
8.100000000000001421e+00 -1.149977988216033115e-01 -3.990658578644246113e-02
8.199999999999999289e+00 -1.109836961375438719e-01 -3.989113350528428192e-02
8.300000000000000711e+00 -1.070195721205464551e-01 -3.874507481572453393e-02
8.399999999999998579e+00 -1.032346811743989623e-01 -3.700977553692585964e-02
8.500000000000000000e+00 -9.961761701316128315e-02 -3.515806046542579999e-02
8.599999999999999645e+00 -9.620306908131380508e-02 -3.384718451345708479e-02
8.699999999999999289e+00 -9.284818011046985786e-02 -3.432295025609166661e-02
8.799999999999998934e+00 -8.933847903009546620e-02 -3.643291554450139857e-02
8.900000000000000355e+00 -8.556159700156958092e-02 -3.810570624288456276e-02
9.000000000000000000e+00 -8.171733778151855920e-02 -3.792129737609700735e-02
9.099999999999999645e+00 -7.797733752635017945e-02 -3.644035337416662301e-02
9.199999999999999289e+00 -7.442926710668522350e-02 -3.462713737924599799e-02
9.300000000000000711e+00 -7.105191005050097430e-02 -3.306747459539344236e-02
9.400000000000000355e+00 -6.781577218760653780e-02 -3.223277187134138133e-02
9.500000000000000000e+00 -6.460535567623269804e-02 -3.222961169626531452e-02
9.600000000000001421e+00 -6.136984984835347490e-02 -3.249318326414857294e-02
9.699999999999999289e+00 -5.810671902340298900e-02 -3.231694999566381288e-02
9.800000000000000711e+00 -5.490645984922071232e-02 -3.155927186212709179e-02
9.899999999999998579e+00 -5.179486465097757342e-02 -3.060315204240324216e-02
1.000000000000000000e+01 -4.878582944074006528e-02 -2.989949000649677613e-02
1.009999999999999964e+01 -4.581496664967821264e-02 -2.979473113585698330e-02
1.019999999999999929e+01 -4.282688321356867278e-02 -3.013226004909413946e-02
1.029999999999999893e+01 -3.978851463985938475e-02 -3.036272857662253299e-02
1.040000000000000036e+01 -3.675433749824415924e-02 -3.016711954084039249e-02
1.050000000000000000e+01 -3.375509073169130625e-02 -2.958928059762358509e-02
1.059999999999999964e+01 -3.083648137871944361e-02 -2.868273185448538820e-02
1.069999999999999929e+01 -2.801854436079423069e-02 -2.748135400655501992e-02
1.080000000000000071e+01 -2.534021057740844241e-02 -2.619679654651908829e-02
1.090000000000000036e+01 -2.277918505149041303e-02 -2.515345610716335223e-02
1.100000000000000000e+01 -2.030951935597577127e-02 -2.437552578831761463e-02
1.109999999999999964e+01 -1.790407989382688733e-02 -2.363966114798432550e-02
1.119999999999999929e+01 -1.558158712637890478e-02 -2.277403304778359561e-02
1.130000000000000071e+01 -1.334927328427016995e-02 -2.180792129926315687e-02
1.139999999999999858e+01 -1.122000286652627410e-02 -2.082590265651566158e-02
1.150000000000000000e+01 -9.184092752967037282e-03 -1.998223887972044172e-02
1.159999999999999964e+01 -7.223555090582184542e-03 -3.633345453341974007e-02
1.169999999999999929e+01 -1.917401846283088313e-03 -3.533541505043132774e-02
1.179999999999999893e+01 -1.564720804959189061e-04 -9.529306169030436757e-03
1.190000000000000036e+01 -1.154061247700082452e-05 -7.823604024795944223e-04
1.200000000000000000e+01 0.000000000000000000e+00 -1.154061247700082215e-04
