0.000000000000000000e+00 3.644349668538263387e+01 9.328005264394846563e+00
1.000000000000000056e-01 3.551069615894314779e+01 9.328005264394818141e+00
2.000000000000000111e-01 3.457789563250366882e+01 9.328005264394846563e+00
3.000000000000000444e-01 3.364509510606418274e+01 9.328005264394846563e+00
4.000000000000000222e-01 3.271229457962470377e+01 9.328005264394818141e+00
5.000000000000000000e-01 3.177949405318521769e+01 9.328005264394818141e+00
6.000000000000000888e-01 3.084669352674573872e+01 9.328005264394818141e+00
6.999999999999999556e-01 2.991389300030625265e+01 9.328005264394846563e+00
8.000000000000000444e-01 2.898109247386676657e+01 9.328005264394846563e+00
8.999999999999999112e-01 2.804829194742728404e+01 9.328005264394818141e+00
1.000000000000000000e+00 2.711549142098780507e+01 9.328005264394818141e+00
1.099999999999999867e+00 2.618269089454831899e+01 9.328005264394832352e+00
1.200000000000000178e+00 2.524989036810883647e+01 9.328005264394832352e+00
1.300000000000000044e+00 2.431708984166935394e+01 9.328005264394832352e+00
1.399999999999999911e+00 2.338428931522987142e+01 9.328005264394818141e+00
1.500000000000000000e+00 2.245148878879038890e+01 9.328005264394832352e+00
1.600000000000000089e+00 2.151868826235090637e+01 9.328005264394832352e+00
1.699999999999999956e+00 2.058588773591142385e+01 9.328005264394818141e+00
1.799999999999999822e+00 1.965308720947194132e+01 9.328005264394832352e+00
1.899999999999999911e+00 1.872028668303245524e+01 9.328005264394832352e+00
2.000000000000000000e+00 1.778748615659297272e+01 9.328005264394818141e+00
2.099999999999999645e+00 1.685468563015349375e+01 9.328005264394832352e+00
2.199999999999999734e+00 1.592188510371400767e+01 9.328005264394832352e+00
2.299999999999999822e+00 1.498908457727452515e+01 9.328005264394846563e+00
2.400000000000000355e+00 1.405628405083503907e+01 9.328005264394846563e+00
2.500000000000000000e+00 1.312348352439555654e+01 9.328005264394818141e+00
2.600000000000000089e+00 1.219068299795607402e+01 9.328005264394832352e+00
2.700000000000000178e+00 1.125788247151658972e+01 9.328005264394832352e+00
2.799999999999999822e+00 1.032508194507710897e+01 9.328005264394818141e+00
2.899999999999999911e+00 9.392281418637626444e+00 9.328005264394825247e+00
3.000000000000000000e+00 8.459480892198142143e+00 9.328005264394818141e+00
3.099999999999999645e+00 7.526680365758662283e+00 9.328005264394825247e+00
3.200000000000000178e+00 6.593879839319177982e+00 9.328005264394853668e+00
3.300000000000000266e+00 5.661079312879691905e+00 9.328005264394828799e+00
3.399999999999999911e+00 4.728278786440212045e+00 9.328005264394828799e+00
3.500000000000000000e+00 3.795478260000725967e+00 9.328005264394828799e+00
3.599999999999999645e+00 2.862677733561246107e+00 7.515861301462690491e+00
3.700000000000000178e+00 2.292305999708187603e+00 4.954587799072216470e+00
3.799999999999999822e+00 1.871760173746802813e+00 3.751065110630233068e+00
3.900000000000000355e+00 1.542092977582140811e+00 3.023866518573673723e+00
4.000000000000000000e+00 1.266986870032067891e+00 2.618690632003970897e+00
4.099999999999999645e+00 1.018354851181346721e+00 2.343898654360627276e+00
4.199999999999999289e+00 7.982071391599424581e-01 2.069520042799273263e+00
4.299999999999999822e+00 6.044508426214920682e-01 1.824464978732512677e+00
4.399999999999999467e+00 4.333141434134399339e-01 1.579238343390557908e+00
4.500000000000000000e+00 2.886031739433804200e-01 1.335819109211072941e+00
4.599999999999999645e+00 1.661503215712253068e-01 1.112522132538098951e+00
4.700000000000000178e+00 6.609874743576059364e-02 9.036024210604675089e-01
4.800000000000000711e+00 -1.457016264086822069e-02 7.155865823488154476e-01
4.900000000000000355e+00 -7.701856903400251808e-02 5.455137053001499758e-01
5.000000000000000000e+00 -1.236729037008982152e-01 4.081880523141483974e-01
5.099999999999999645e+00 -1.586561794968321948e-01 2.959762563990535611e-01
5.200000000000000178e+00 -1.828681549807089357e-01 1.910532867031878856e-01
5.299999999999999822e+00 -1.968668368374697775e-01 9.893908041761823036e-02
5.400000000000000355e+00 -2.026559710642325818e-01 1.970774793245999579e-02
5.500000000000000000e+00 -2.008083864239617877e-01 -4.621203945409768643e-02
5.599999999999999645e+00 -1.934135631734130445e-01 -9.325515235201031761e-02
5.699999999999999289e+00 -1.821573559535597242e-01 -1.245316616501146445e-01
5.799999999999999822e+00 -1.685072308433901156e-01 -1.440536884153057473e-01
5.899999999999999467e+00 -1.533466182704985581e-01 -1.590420906235949783e-01
6.000000000000000000e+00 -1.366988127186710977e-01 -1.627987162233601737e-01
6.099999999999999645e+00 -1.207868750258265234e-01 -1.504441399446923011e-01
6.199999999999999289e+00 -1.066099847297326542e-01 -1.350467136128243872e-01
6.300000000000000711e+00 -9.377753230326164868e-02 -1.153102133483706049e-01
6.400000000000000355e+00 -8.354794206005852764e-02 -8.598143559269300074e-02
6.500000000000000000e+00 -7.658124518472304854e-02 -6.383941778030038927e-02
6.600000000000000533e+00 -7.078005850399844701e-02 -5.094161760726878541e-02
6.700000000000000178e+00 -6.639292166326929423e-02 -4.788646307454580420e-02
6.799999999999999822e+00 -6.120276588908928755e-02 -5.562127566703189974e-02
6.899999999999999467e+00 -5.526866652986291151e-02 -7.158422989558013705e-02
7.000000000000000000e+00 -4.688591990997326153e-02 -9.072196137952931450e-02
7.099999999999999645e+00 -3.712427425395704861e-02 -9.832965006173222111e-02
7.199999999999999289e+00 -2.721998989762681315e-02 -9.429087441865288688e-02
7.299999999999998934e+00 -1.826609937022646846e-02 -7.612243172818171366e-02
7.400000000000000355e+00 -1.199550355199047007e-02 -4.641403070001298703e-02
7.500000000000000000e+00 -8.983293230223871051e-03 -2.124319472684164239e-02
7.599999999999999645e+00 -7.746864606622140548e-03 4.358663146773744668e-05
7.699999999999999289e+00 -8.992010556517418887e-03 1.388986078122253498e-02
7.800000000000000711e+00 -1.052483676286664754e-02 1.443286459008878003e-02
7.900000000000000355e+00 -1.187858347453517489e-02 5.904718738474742934e-03
8.000000000000000000e+00 -1.170578051056159717e-02 -6.128551999486843427e-03
8.100000000000001421e+00 -1.065287307463780656e-02 -1.095945638075390000e-02
8.199999999999999289e+00 -9.513889234410816478e-03 -1.157786869116950862e-02
8.300000000000000711e+00 -8.337299336403904138e-03 -6.983039962117333632e-03
8.399999999999998579e+00 -8.117281241987349058e-03 1.783892965371361439e-03
8.500000000000000000e+00 -8.694077929478176425e-03 1.061183695275282057e-02
8.599999999999999645e+00 -1.023964863253791491e-02 1.729644862797060506e-02
8.699999999999999289e+00 -1.215336765507229848e-02 1.462890384985362363e-02
8.799999999999998934e+00 -1.316542940250863859e-02 7.243734798889789328e-03
8.900000000000000355e+00 -1.360211461485025600e-02 8.932827713598462394e-04
9.000000000000000000e+00 -1.334408595678060819e-02 -3.922627207926618342e-03
9.099999999999999645e+00 -1.281758917326493268e-02 -8.772328588604008659e-03
9.199999999999999289e+00 -1.158962023905980680e-02 -1.711466834102509660e-02
9.300000000000000711e+00 -9.394655505059912315e-03 -2.371473835112453132e-02
9.400000000000000355e+00 -6.846672568834900018e-03 -2.710217674575221558e-02
9.500000000000000000e+00 -3.974220155909469025e-03 -2.844439202709131767e-02
9.600000000000001421e+00 -1.157794163416635876e-03 -2.892590342070223280e-02
9.699999999999999289e+00 1.810960528230977536e-03 -2.967881492169413549e-02
9.800000000000000711e+00 4.777968820922191828e-03 -2.782980218246837445e-02
9.899999999999998579e+00 7.376920964724652946e-03 -2.406128272642804947e-02
1.000000000000000000e+01 9.590225366207801028e-03 -1.965696915923694638e-02
1.009999999999999964e+01 1.130831479657204257e-02 -1.453907122802636925e-02
1.019999999999999929e+01 1.249803961181307488e-02 -9.268374843816262754e-03
1.029999999999999893e+01 1.316198976533529408e-02 -4.256968302855490549e-03
1.040000000000000036e+01 1.334943327238417334e-02 -2.094344834084882478e-04
1.050000000000000000e+01 1.320387666201699312e-02 3.133857564213859970e-03
1.059999999999999964e+01 1.272266175954140169e-02 5.805766109645608963e-03
1.069999999999999929e+01 1.204272344008787063e-02 7.608644232678131447e-03
1.080000000000000071e+01 1.120093291300577540e-02 9.089023366470140586e-03
1.090000000000000036e+01 1.022491876679384321e-02 1.011275451804583003e-02
1.100000000000000000e+01 9.178382009396609045e-03 1.109434953863246143e-02
1.109999999999999964e+01 8.006048859067350226e-03 1.187545592823435747e-02
1.119999999999999929e+01 6.803290823749737724e-03 1.174682782163274583e-02
1.130000000000000071e+01 5.656683294740800366e-03 1.089947164572674029e-02
1.139999999999999858e+01 4.623396494604389666e-03 9.823857690875854864e-03
1.150000000000000000e+01 3.691911756565629567e-03 8.823310294680251561e-03
1.159999999999999964e+01 2.858734435668339006e-03 1.351386991157813543e-02
1.169999999999999929e+01 9.891377742500023947e-04 1.363068367667884771e-02
1.179999999999999893e+01 1.325977003325692308e-04 4.889936030980503862e-03
1.190000000000000036e+01 1.115056805390153323e-05 6.629885016628461270e-04
1.200000000000000000e+01 0.000000000000000000e+00 1.115056805390153289e-04
