0.000000000000000000e+00 4.175082510010588521e+01 1.089271615607975718e+01
1.000000000000000056e-01 4.066155348449791518e+01 1.089271615607970034e+01
2.000000000000000111e-01 3.957228186888994514e+01 1.089271615607967192e+01
3.000000000000000444e-01 3.848301025328197511e+01 1.089271615607967192e+01
4.000000000000000222e-01 3.739373863767401218e+01 1.089271615607970034e+01
5.000000000000000000e-01 3.630446702206603504e+01 1.089271615607970034e+01
6.000000000000000888e-01 3.521519540645807211e+01 1.089271615607967192e+01
6.999999999999999556e-01 3.412592379085010208e+01 1.089271615607970034e+01
8.000000000000000444e-01 3.303665217524213205e+01 1.089271615607970034e+01
8.999999999999999112e-01 3.194738055963416201e+01 1.089271615607967192e+01
1.000000000000000000e+00 3.085810894402619908e+01 1.089271615607970034e+01
1.099999999999999867e+00 2.976883732841822194e+01 1.089271615607970034e+01
1.200000000000000178e+00 2.867956571281025901e+01 1.089271615607967192e+01
1.300000000000000044e+00 2.759029409720228898e+01 1.089271615607970034e+01
1.399999999999999911e+00 2.650102248159431895e+01 1.089271615607970034e+01
1.500000000000000000e+00 2.541175086598634891e+01 1.089271615607968613e+01
1.600000000000000089e+00 2.432247925037837888e+01 1.089271615607968613e+01
1.699999999999999956e+00 2.323320763477040884e+01 1.089271615607968613e+01
1.799999999999999822e+00 2.214393601916244236e+01 1.089271615607968613e+01
1.899999999999999911e+00 2.105466440355447233e+01 1.089271615607968613e+01
2.000000000000000000e+00 1.996539278794650585e+01 1.089271615607968613e+01
2.099999999999999645e+00 1.887612117233853581e+01 1.089271615607970034e+01
2.199999999999999734e+00 1.778684955673056578e+01 1.089271615607968613e+01
2.299999999999999822e+00 1.669757794112259930e+01 1.089271615607970034e+01
2.400000000000000355e+00 1.560830632551462571e+01 1.089271615607971455e+01
2.500000000000000000e+00 1.451903470990665568e+01 1.089271615607968613e+01
2.600000000000000089e+00 1.342976309429868742e+01 1.089271615607968613e+01
2.700000000000000178e+00 1.234049147869071739e+01 1.089271615607969323e+01
2.799999999999999822e+00 1.125121986308274913e+01 1.089271615607968613e+01
2.899999999999999911e+00 1.016194824747478087e+01 1.089271615607968613e+01
3.000000000000000000e+00 9.072676631866810837e+00 1.089271615607967192e+01
3.099999999999999645e+00 7.983405016258846132e+00 1.089271615607969323e+01
3.200000000000000178e+00 6.894133400650872545e+00 1.089271615607972166e+01
3.300000000000000266e+00 5.804861785042901623e+00 1.089271615607968613e+01
3.399999999999999911e+00 4.715590169434935142e+00 1.089271615607968968e+01
3.500000000000000000e+00 3.626318553826963331e+00 1.089271615607968968e+01
3.599999999999999645e+00 2.537046938218997738e+00 1.089271615607968968e+01
3.700000000000000178e+00 1.447775322611025262e+00 7.700263072674513154e+00
3.799999999999999822e+00 9.969943236840951295e-01 4.204989807194571938e+00
3.900000000000000355e+00 6.067773611721110072e-01 3.641874833454628480e+00
4.000000000000000000e+00 2.686193569931693559e-01 3.068099091618672780e+00
4.099999999999999645e+00 -6.842457151623605738e-03 2.425828872541395675e+00
4.199999999999999289e+00 -2.165464175151097237e-01 1.859704076892419122e+00
4.299999999999999822e+00 -3.787832725301074621e-01 1.432017765757310546e+00
4.399999999999999467e+00 -5.029499706665718772e-01 1.123726797257618149e+00
4.500000000000000000e+00 -6.035286319816310918e-01 9.163475370670819409e-01
4.599999999999999645e+00 -6.862194780799882876e-01 7.231247468706771819e-01
4.700000000000000178e+00 -7.481535813557664838e-01 5.471651730961126781e-01
4.800000000000000711e+00 -7.956525126992107788e-01 4.091872711170445598e-01
4.900000000000000355e+00 -8.299910355791754180e-01 3.221494304163354805e-01
5.000000000000000000e+00 -8.600823987824779415e-01 2.604273244002666132e-01
5.099999999999999645e+00 -8.820765004592288072e-01 1.537744955967754734e-01
5.200000000000000178e+00 -8.908372979018329696e-01 5.632588326033705073e-02
5.299999999999999822e+00 -8.933416771112961952e-01 -1.871536648572824646e-02
5.400000000000000355e+00 -8.870942246046873425e-01 -7.003873143086103426e-02
5.500000000000000000e+00 -8.793339308251240105e-01 -8.138994923258380254e-02
5.599999999999999645e+00 -8.708162347581706042e-01 -1.327854148582323646e-01
5.699999999999999289e+00 -8.527768478534775154e-01 -2.403422695405783571e-01
5.799999999999999822e+00 -8.227477808500549550e-01 -2.989680584602911750e-01
5.899999999999999467e+00 -7.929832361614193026e-01 -3.009632539088160641e-01
6.000000000000000000e+00 -7.625551300682916755e-01 -3.144754037194026353e-01
6.099999999999999645e+00 -7.300881554175386867e-01 -3.373862589452834015e-01
6.199999999999999289e+00 -6.950778782792350619e-01 -3.352923962060296859e-01
6.300000000000000711e+00 -6.630296761763327940e-01 -3.305681061332763626e-01
6.400000000000000355e+00 -6.289642570525797449e-01 -3.133697822240901765e-01
6.500000000000000000e+00 -6.003557197315148031e-01 -3.031110926930358218e-01
6.600000000000000533e+00 -5.683420385139725806e-01 -3.167048188396686115e-01
6.700000000000000178e+00 -5.370147559635810586e-01 -3.186707505772012894e-01
6.799999999999999822e+00 -5.046078883985323227e-01 -2.595225174622739495e-01
6.899999999999999467e+00 -4.851102524711262132e-01 -2.180854581247997359e-01
7.000000000000000000e+00 -4.609907967735723533e-01 -2.238785558231288775e-01
7.099999999999999645e+00 -4.403345413065004599e-01 -2.127341009539653882e-01
7.199999999999999289e+00 -4.184439765827792646e-01 -1.951574111330076633e-01
7.299999999999998934e+00 -4.013030590798989383e-01 -2.012468966639437973e-01
7.400000000000000355e+00 -3.781945972499904940e-01 -2.469967604408207507e-01
7.500000000000000000e+00 -3.519037069917347882e-01 -3.017630783919873494e-01
7.599999999999999645e+00 -3.178419815715930463e-01 -3.111992275544397391e-01
7.699999999999999289e+00 -2.896638614808468293e-01 -3.041586143440855317e-01
7.800000000000000711e+00 -2.570102587027759400e-01 -2.815523525057135323e-01
7.900000000000000355e+00 -2.333533909797040895e-01 -2.605973330592761261e-01
8.000000000000000000e+00 -2.048907920909207037e-01 -2.566652219629813603e-01
8.100000000000001421e+00 -1.820203465871078341e-01 -1.966916300718701827e-01
8.199999999999999289e+00 -1.655524660765466671e-01 -1.161486945863760001e-01
8.300000000000000711e+00 -1.587906076698326341e-01 -6.355486734903748047e-02
8.399999999999998579e+00 -1.528414926067391821e-01 -2.963224078462345368e-02
8.500000000000000000e+00 -1.528641595129079378e-01 4.534607979167271097e-03
8.599999999999999645e+00 -1.537484142025726253e-01 1.158204829052600360e-02
8.699999999999999289e+00 -1.551805691710131385e-01 1.488714038574057152e-02
8.799999999999998934e+00 -1.567258422797207507e-01 4.062923589609290786e-02
8.900000000000000355e+00 -1.633064163502317145e-01 5.884619895409093360e-02
9.000000000000000000e+00 -1.684950820705389263e-01 6.354721627588655330e-02
9.099999999999999645e+00 -1.760158596054090252e-01 7.990694863157654648e-02
9.199999999999999289e+00 -1.844764717968542245e-01 9.410058578578706090e-02
9.300000000000000711e+00 -1.948359767625664485e-01 1.059493801666971935e-01
9.400000000000000355e+00 -2.056663478301936632e-01 1.064007904857160458e-01
9.500000000000000000e+00 -2.161161348597096521e-01 7.831696612745608910e-02
9.600000000000001421e+00 -2.213297410556848976e-01 5.879824125324328854e-02
9.699999999999999289e+00 -2.278757831103583043e-01 5.010251545612720570e-02
9.800000000000000711e+00 -2.313502441469103277e-01 2.416744025843575727e-02
9.899999999999998579e+00 -2.327092711620454557e-01 -1.064061141728966930e-03
1.000000000000000000e+01 -2.311374319185645343e-01 -1.201289492793855551e-02
1.009999999999999964e+01 -2.303066921764577446e-01 -2.264671076190949428e-02
1.019999999999999929e+01 -2.266080897661826299e-01 -3.452012426737449680e-02
1.029999999999999893e+01 -2.234026673229828619e-01 -4.505511025442898720e-02
1.040000000000000036e+01 -2.175970677152968547e-01 -6.564765874528610823e-02
1.050000000000000000e+01 -2.102731355739256291e-01 -8.027470485148691104e-02
1.059999999999999964e+01 -2.015421267449994669e-01 -7.712738634121218961e-02
1.069999999999999929e+01 -1.948476583056831801e-01 -8.539349565666787267e-02
1.080000000000000071e+01 -1.844634276136658813e-01 -1.301535295363926981e-01
1.090000000000000036e+01 -1.688169523984046627e-01 -1.772820147344414954e-01
1.100000000000000000e+01 -1.490070246667775933e-01 -2.109932578220935495e-01
1.109999999999999964e+01 -1.266183008339859251e-01 -2.353479646263720859e-01
1.119999999999999929e+01 -1.019374317415031594e-01 -2.327014366887344421e-01
1.130000000000000071e+01 -8.007801349623905329e-02 -2.143028146480877583e-01
1.139999999999999858e+01 -5.907686881188561195e-02 -1.942515634872416241e-01
1.150000000000000000e+01 -4.122770079879072014e-02 -1.628960554467966948e-01
1.159999999999999964e+01 -2.649765772252627577e-02 -1.866926680189692489e-01
1.169999999999999929e+01 -3.889167194996866975e-03 -1.309450102004861560e-01
1.179999999999999893e+01 -3.086556824290434694e-04 -1.929020981874086244e-02
1.190000000000000036e+01 -3.112523124869431758e-05 -1.543278412145217184e-03
1.200000000000000000e+01 0.000000000000000000e+00 -3.112523124869431487e-04
