0.000000000000000000e+00 1.824905530774821472e+01 5.481381061799908139e+00
1.000000000000000056e-01 1.770091720156822390e+01 5.481381061799893928e+00
2.000000000000000111e-01 1.715277909538823664e+01 5.481381061799893928e+00
3.000000000000000444e-01 1.660464098920824583e+01 5.481381061799908139e+00
4.000000000000000222e-01 1.605650288302825501e+01 5.481381061799893928e+00
5.000000000000000000e-01 1.550836477684826598e+01 5.481381061799893928e+00
6.000000000000000888e-01 1.496022667066827516e+01 5.481381061799908139e+00
6.999999999999999556e-01 1.441208856448828435e+01 5.481381061799893928e+00
8.000000000000000444e-01 1.386395045830829531e+01 5.481381061799893928e+00
8.999999999999999112e-01 1.331581235212830450e+01 5.481381061799893928e+00
1.000000000000000000e+00 1.276767424594831724e+01 5.481381061799901033e+00
1.099999999999999867e+00 1.221953613976832465e+01 5.481381061799908139e+00
1.200000000000000178e+00 1.167139803358833561e+01 5.481381061799893928e+00
1.300000000000000044e+00 1.112325992740834657e+01 5.481381061799901033e+00
1.399999999999999911e+00 1.057512182122835576e+01 5.481381061799901033e+00
1.500000000000000000e+00 1.002698371504836672e+01 5.481381061799893928e+00
1.600000000000000089e+00 9.478845608868375905e+00 5.481381061799901033e+00
1.699999999999999956e+00 8.930707502688385091e+00 5.481381061799901033e+00
1.799999999999999822e+00 8.382569396508396053e+00 5.481381061799901033e+00
1.899999999999999911e+00 7.834431290328405240e+00 5.481381061799901033e+00
2.000000000000000000e+00 7.286293184148416202e+00 5.481381061799893928e+00
2.099999999999999645e+00 6.738155077968426276e+00 5.481381061799893928e+00
2.199999999999999734e+00 6.190016971788437239e+00 5.481381061799901033e+00
2.299999999999999822e+00 5.641878865608446425e+00 5.481381061799908139e+00
2.400000000000000355e+00 5.093740759428455611e+00 5.481381061799908139e+00
2.500000000000000000e+00 4.545602653248464797e+00 5.481381061799901033e+00
2.600000000000000089e+00 3.997464547068474872e+00 5.481381061799893928e+00
2.700000000000000178e+00 3.449326440888485834e+00 5.481381061799897481e+00
2.799999999999999822e+00 2.901188334708495464e+00 5.481381061799901033e+00
2.899999999999999911e+00 2.353050228528505539e+00 5.481381061799899257e+00
3.000000000000000000e+00 1.804912122348515613e+00 5.481381061799888599e+00
3.099999999999999645e+00 1.256774016168527686e+00 4.525104567678065237e+00
3.200000000000000178e+00 8.998912088129027431e-01 3.137021310347233971e+00
3.300000000000000266e+00 6.293697540990809136e-01 2.426113122722117765e+00
3.399999999999999911e+00 4.146685842684791345e-01 1.946450418596101795e+00
3.500000000000000000e+00 2.400796703798604992e-01 1.587864927384614155e+00
3.599999999999999645e+00 9.709559879155627016e-02 1.297923540010279098e+00
3.700000000000000178e+00 -1.950503762219531201e-02 1.052284266982275618e+00
3.799999999999999822e+00 -1.133612546048988617e-01 8.466328343966933456e-01
3.900000000000000355e+00 -1.888316045015339950e-01 6.823083827963694059e-01
4.000000000000000000e+00 -2.498229311641727568e-01 5.512156962750556222e-01
4.099999999999999645e+00 -2.990747437565450806e-01 4.370136091701652958e-01
4.199999999999999289e+00 -3.372256529982058382e-01 3.324430368236852562e-01
4.299999999999999822e+00 -3.655633511212821318e-01 2.397046756449465743e-01
4.399999999999999467e+00 -3.851665881271951197e-01 1.604668830768911647e-01
4.500000000000000000e+00 -3.976567277366603870e-01 9.389439923683307043e-02
4.599999999999999645e+00 -4.039454679745617671e-01 3.777830804767834394e-02
4.700000000000000178e+00 -4.052123893461960780e-01 -1.105043524268989330e-02
4.800000000000000711e+00 -4.017353809260237885e-01 -5.712399786074406904e-02
4.900000000000000355e+00 -3.937875897740472642e-01 -1.034659256485397361e-01
5.000000000000000000e+00 -3.810421957963158190e-01 -1.464841806124645984e-01
5.099999999999999645e+00 -3.644907536515543112e-01 -1.757734872585055008e-01
5.200000000000000178e+00 -3.458874983446147411e-01 -1.826441910390470547e-01
5.299999999999999822e+00 -3.279619154437449224e-01 -1.704130453388783550e-01
5.400000000000000355e+00 -3.118048892768390257e-01 -1.524606207576744143e-01
5.500000000000000000e+00 -2.974697912922100174e-01 -1.412299191653338948e-01
5.599999999999999645e+00 -2.835589054437722689e-01 -1.403941107684036904e-01
5.699999999999999289e+00 -2.693909691385292793e-01 -1.462896321785942533e-01
5.799999999999999822e+00 -2.543009790080534294e-01 -1.549332715304556629e-01
5.899999999999999467e+00 -2.384043148324381522e-01 -1.603185238366986454e-01
6.000000000000000000e+00 -2.222372742407136836e-01 -1.571655103023767985e-01
6.099999999999999645e+00 -2.069712127719627870e-01 -1.452363955086747316e-01
6.199999999999999289e+00 -1.931899951389787207e-01 -1.282153010437343532e-01
6.300000000000000711e+00 -1.813281525632159108e-01 -1.089940098726708273e-01
6.400000000000000355e+00 -1.713911931644445663e-01 -9.069388860356253357e-02
6.500000000000000000e+00 -1.631893748425033985e-01 -7.739121985414110227e-02
6.600000000000000533e+00 -1.559129491936163403e-01 -7.166430039906079852e-02
6.700000000000000178e+00 -1.488565147626912388e-01 -7.165487891915578444e-02
6.799999999999999822e+00 -1.415819734097851779e-01 -7.206805701647989171e-02
6.899999999999999467e+00 -1.344429033593952660e-01 -6.863303779005325289e-02
7.000000000000000000e+00 -1.278553658517745384e-01 -6.235504954984083525e-02
7.099999999999999645e+00 -1.219718934494271045e-01 -5.590059736480079700e-02
7.199999999999999289e+00 -1.166752463788143790e-01 -5.007318987052244985e-02
7.299999999999998934e+00 -1.119572554753226062e-01 -4.482410353594390440e-02
7.400000000000000355e+00 -1.077104256716255870e-01 -4.139605387714395679e-02
7.500000000000000000e+00 -1.036780446998938204e-01 -4.006691152599656247e-02
7.599999999999999645e+00 -9.969704336642627729e-02 -3.852319117132224635e-02
7.699999999999999289e+00 -9.597340646562936561e-02 -3.512550938026970382e-02
7.800000000000000711e+00 -9.267194149037233375e-02 -3.070590794559768799e-02
7.900000000000000355e+00 -8.983222487650982524e-02 -2.630633071319354865e-02
8.000000000000000000e+00 -8.741067534773362679e-02 -2.222691204852628166e-02
8.100000000000001421e+00 -8.538684246680457168e-02 -1.910926431968773542e-02
8.199999999999999289e+00 -8.358882248379607971e-02 -1.823054898478215780e-02
8.300000000000000711e+00 -8.174073266984814568e-02 -1.959823299652913020e-02
8.399999999999998579e+00 -7.966917588449025367e-02 -2.186230785524945208e-02
8.500000000000000000e+00 -7.736827109879824971e-02 -2.353474565157137599e-02
8.599999999999999645e+00 -7.496222675417597847e-02 -2.373457145695873072e-02
8.699999999999999289e+00 -7.262135680740650079e-02 -2.281086155699807438e-02
8.799999999999998934e+00 -7.040005444277636082e-02 -2.188870415709259776e-02
8.900000000000000355e+00 -6.824361597598797846e-02 -2.171894005166391528e-02
9.000000000000000000e+00 -6.605626643244358331e-02 -2.209832735557965000e-02
9.099999999999999645e+00 -6.382395050487205124e-02 -2.287667485198929818e-02
9.199999999999999289e+00 -6.148093146204572368e-02 -2.404032812903333927e-02
9.300000000000000711e+00 -5.901588487906538755e-02 -2.517065342388979943e-02
9.400000000000000355e+00 -5.644680077726776241e-02 -2.608369837967822180e-02
9.500000000000000000e+00 -5.379914520312974180e-02 -2.680841460943317323e-02
9.600000000000001421e+00 -5.108511785538112637e-02 -2.705176763416819452e-02
9.699999999999999289e+00 -4.838879167629610289e-02 -2.668675206618784101e-02
9.800000000000000711e+00 -4.574776744214355956e-02 -2.618130802210727470e-02
9.899999999999998579e+00 -4.315253007187464657e-02 -2.609281583988407038e-02
1.000000000000000000e+01 -4.052920427416674409e-02 -2.635297558705262944e-02
1.009999999999999964e+01 -3.788193495446412484e-02 -2.663103284823928329e-02
1.019999999999999929e+01 -3.520299770451888743e-02 -2.683485853692113565e-02
1.029999999999999893e+01 -3.251496324707989216e-02 -2.684983923186134991e-02
1.040000000000000036e+01 -2.983302985814661676e-02 -2.650305549337508837e-02
1.050000000000000000e+01 -2.721435214840487588e-02 -2.578538295355016496e-02
1.059999999999999964e+01 -2.467595326743658377e-02 -2.486698388151256656e-02
1.069999999999999929e+01 -2.224095537210236256e-02 -2.382003842853031017e-02
1.080000000000000071e+01 -1.991194558173052173e-02 -2.272534936292643082e-02
1.090000000000000036e+01 -1.769588549951707501e-02 -2.158592942947951121e-02
1.100000000000000000e+01 -1.559475969583461880e-02 -2.041377857945721186e-02
1.109999999999999964e+01 -1.361312978362563299e-02 -1.925141980894398003e-02
1.119999999999999929e+01 -1.174447573404582140e-02 -1.816196352584117935e-02
1.130000000000000071e+01 -9.980737078457396771e-03 -1.715854107299315257e-02
1.139999999999999858e+01 -8.312767519447190542e-03 -1.623228834250399488e-02
1.150000000000000000e+01 -6.734279409956598315e-03 -1.538543754453846821e-02
1.159999999999999964e+01 -5.235680010539497595e-03 -2.660616156159876025e-02
1.169999999999999929e+01 -1.413047097636845831e-03 -2.559370172124146234e-02
1.179999999999999893e+01 -1.169396662912046094e-04 -7.025035722359498393e-03
1.190000000000000036e+01 -8.039953164945806341e-06 -5.846983314560230335e-04
1.200000000000000000e+01 0.000000000000000000e+00 -8.039953164945806002e-05
