0.000000000000000000e+00 1.763878885106444372e+01 4.791475112911143697e+00
1.000000000000000056e-01 1.715964133977333006e+01 4.791475112911115275e+00
2.000000000000000111e-01 1.668049382848222351e+01 4.791475112911115275e+00
3.000000000000000444e-01 1.620134631719110629e+01 4.791475112911115275e+00
4.000000000000000222e-01 1.572219880589999974e+01 4.791475112911101064e+00
5.000000000000000000e-01 1.524305129460888786e+01 4.791475112911115275e+00
6.000000000000000888e-01 1.476390378331777598e+01 4.791475112911129486e+00
6.999999999999999556e-01 1.428475627202666232e+01 4.791475112911115275e+00
8.000000000000000444e-01 1.380560876073555221e+01 4.791475112911115275e+00
8.999999999999999112e-01 1.332646124944443855e+01 4.791475112911115275e+00
1.000000000000000000e+00 1.284731373815333022e+01 4.791475112911115275e+00
1.099999999999999867e+00 1.236816622686221478e+01 4.791475112911129486e+00
1.200000000000000178e+00 1.188901871557110468e+01 4.791475112911115275e+00
1.300000000000000044e+00 1.140987120427999280e+01 4.791475112911115275e+00
1.399999999999999911e+00 1.093072369298888091e+01 4.791475112911115275e+00
1.500000000000000000e+00 1.045157618169776903e+01 4.791475112911115275e+00
1.600000000000000089e+00 9.972428670406657147e+00 4.791475112911115275e+00
1.699999999999999956e+00 9.493281159115545265e+00 4.791475112911115275e+00
1.799999999999999822e+00 9.014133647824435158e+00 4.791475112911115275e+00
1.899999999999999911e+00 8.534986136533323275e+00 4.791475112911115275e+00
2.000000000000000000e+00 8.055838625242211393e+00 4.791475112911115275e+00
2.099999999999999645e+00 7.576691113951099510e+00 4.791475112911115275e+00
2.199999999999999734e+00 7.097543602659988515e+00 4.791475112911115275e+00
2.299999999999999822e+00 6.618396091368876633e+00 4.791475112911122380e+00
2.400000000000000355e+00 6.139248580077763862e+00 4.791475112911122380e+00
2.500000000000000000e+00 5.660101068786651979e+00 4.791475112911115275e+00
2.600000000000000089e+00 5.180953557495540984e+00 4.791475112911115275e+00
2.700000000000000178e+00 4.701806046204429101e+00 4.791475112911115275e+00
2.799999999999999822e+00 4.222658534913317219e+00 4.791475112911115275e+00
2.899999999999999911e+00 3.743511023622206224e+00 4.791475112911111722e+00
3.000000000000000000e+00 3.264363512331095230e+00 4.791475112911104617e+00
3.099999999999999645e+00 2.785216001039985123e+00 4.791475112911115275e+00
3.200000000000000178e+00 2.306068489748871908e+00 4.791475112911131262e+00
3.300000000000000266e+00 1.826920978457758693e+00 4.791475112911116163e+00
3.399999999999999911e+00 1.347773467166648809e+00 4.016814570209240820e+00
3.500000000000000000e+00 1.023558064415910573e+00 2.860329830009860519e+00
3.599999999999999645e+00 7.757075011646766827e-01 2.224285117265827783e+00
3.700000000000000178e+00 5.787010409627449947e-01 1.769768325377739870e+00
3.799999999999999822e+00 4.217538360891286975e-01 1.414173738714571638e+00
3.900000000000000355e+00 2.958662932198306561e-01 1.134440577884449741e+00
4.000000000000000000e+00 1.948657205122387992e-01 9.083991037081596831e-01
4.099999999999999645e+00 1.141864724781987139e-01 7.212078427117453172e-01
4.199999999999999289e+00 5.062415196988972327e-02 5.662172946099623960e-01
4.299999999999999822e+00 9.430135562062597933e-04 4.388480601913252732e-01
4.399999999999999467e+00 -3.714546006837533138e-02 3.328679399373558612e-01
4.500000000000000000e+00 -6.563057443126490975e-02 2.447472133721319276e-01
4.599999999999999645e+00 -8.609490274280172384e-02 1.735311366225644192e-01
4.700000000000000178e+00 -1.003368017557778047e-01 1.180260338146330579e-01
4.800000000000000711e+00 -1.097001095057283382e-01 7.313866650011768833e-02
4.900000000000000355e+00 -1.149645350558013424e-01 3.271328861627720297e-02
5.000000000000000000e+00 -1.162427672289837732e-01 -7.165201599250270448e-03
5.099999999999999645e+00 -1.135314947359512827e-01 -4.574875220126073394e-02
5.200000000000000178e+00 -1.070930167887316209e-01 -8.045566481106342094e-02
5.299999999999999822e+00 -9.744036177373860408e-02 -1.091945049401114032e-01
5.400000000000000355e+00 -8.525411580070935136e-02 -1.300027050971181986e-01
5.500000000000000000e+00 -7.143982075431495882e-02 -1.418389577161172643e-01
5.599999999999999645e+00 -5.688632425748588878e-02 -1.454262243607569727e-01
5.699999999999999289e+00 -4.235457588216356289e-02 -1.432411753405035959e-01
5.799999999999999822e+00 -2.823808918938516821e-02 -1.377724545829075442e-01
5.899999999999999467e+00 -1.480008496558204989e-02 -1.286164311305172947e-01
6.000000000000000000e+00 -2.514802963281707882e-03 -1.150491931732882112e-01
6.099999999999999645e+00 8.209753669075593729e-03 -9.844019890216007540e-02
6.199999999999999289e+00 1.717323681715030720e-02 -8.048408902142814569e-02
6.300000000000000711e+00 2.430657147336122426e-02 -6.189950532177207476e-02
6.400000000000000355e+00 2.955313788150472354e-02 -4.301733509405591960e-02
6.500000000000000000e+00 3.291003849217240956e-02 -2.584091132600349616e-02
6.600000000000000533e+00 3.472132014670541861e-02 -1.221038707738833495e-02
6.700000000000000178e+00 3.535211590765007655e-02 -1.624326595819569619e-03
6.799999999999999822e+00 3.504618546586933669e-02 7.049864268890870811e-03
6.899999999999999467e+00 3.394214305387190100e-02 1.348624416153765271e-02
7.000000000000000000e+00 3.234893663356180199e-02 1.664471319188229326e-02
7.099999999999999645e+00 3.061320041549544027e-02 1.724318215798209541e-02
7.199999999999999289e+00 2.890030020196538568e-02 1.705808007332645926e-02
7.299999999999998934e+00 2.720158440083014773e-02 1.638140287102671233e-02
7.400000000000000355e+00 2.562401962776004322e-02 1.491806757935465466e-02
7.500000000000000000e+00 2.421797088495921887e-02 1.294842747059886390e-02
7.599999999999999645e+00 2.303433413364026905e-02 1.113618061380586277e-02
7.699999999999999289e+00 2.199073476219804563e-02 9.299343174538912682e-03
7.800000000000000711e+00 2.117446549873248929e-02 6.755941378370336481e-03
7.900000000000000355e+00 2.063954648652397902e-02 3.895436023615861387e-03
8.000000000000000000e+00 2.039537829400931562e-02 1.822335656724072273e-03
8.100000000000001421e+00 2.027507935517916526e-02 1.141835332570673156e-03
8.199999999999999289e+00 2.016701122749518099e-02 1.262549545158406228e-03
8.300000000000000711e+00 2.002256944614748402e-02 1.334599795829172209e-03
8.399999999999998579e+00 1.990009126832934655e-02 1.153090889979876965e-03
8.500000000000000000e+00 1.979195126815150654e-02 8.992223134597493450e-04
8.599999999999999645e+00 1.972024680563739737e-02 4.466905286378275441e-04
8.699999999999999289e+00 1.970261316242394312e-02 -9.288416274533251027e-05
8.799999999999998934e+00 1.973882363818646457e-02 -1.831487278986659861e-04
8.900000000000000355e+00 1.973924290800367631e-02 5.482006536588063250e-04
9.000000000000000000e+00 1.962918350745470122e-02 1.524028718092165779e-03
9.099999999999999645e+00 1.943443716438524038e-02 2.040854269926561937e-03
9.199999999999999289e+00 1.922101265346938884e-02 2.088345367408928066e-03
9.300000000000000711e+00 1.901676809090345477e-02 2.158156737817273907e-03
9.400000000000000355e+00 1.878938130590593336e-02 2.314405185587800617e-03
9.500000000000000000e+00 1.855388705378589395e-02 2.279357392957689910e-03
9.600000000000001421e+00 1.833350982731439538e-02 2.096728609647671715e-03
9.699999999999999289e+00 1.813454133185636238e-02 2.259627621839274680e-03
9.800000000000000711e+00 1.788158430294654183e-02 2.927195576853447445e-03
9.899999999999998579e+00 1.754910221648567012e-02 3.829698989701368905e-03
1.000000000000000000e+01 1.711564450500626874e-02 4.742095852609637396e-03
1.009999999999999964e+01 1.660068304596374472e-02 5.556717046211911981e-03
1.019999999999999929e+01 1.600430109576388496e-02 6.150665709598129860e-03
1.029999999999999893e+01 1.537054990404411806e-02 6.416133744187133003e-03
1.040000000000000036e+01 1.472107434692645871e-02 6.446283281854231495e-03
1.050000000000000000e+01 1.408129324767327245e-02 6.491005542208980184e-03
1.059999999999999964e+01 1.342287323848466267e-02 6.682206530130685440e-03
1.069999999999999929e+01 1.274485194164713502e-02 6.999208497702594234e-03
1.080000000000000071e+01 1.202303153894414278e-02 7.472705088498420023e-03
1.090000000000000036e+01 1.125031092394745101e-02 8.017298001090890358e-03
1.100000000000000000e+01 1.041957193872596575e-02 8.523501817855730356e-03
1.109999999999999964e+01 9.545610560376303899e-03 8.970503029189981492e-03
1.119999999999999929e+01 8.625471332887968065e-03 9.372823988961949404e-03
1.130000000000000071e+01 7.671045762583914018e-03 9.728080386076039254e-03
1.139999999999999858e+01 6.679855255672760908e-03 1.009066360010398358e-02
1.150000000000000000e+01 5.652913042563117822e-03 1.050072393870193563e-02
1.159999999999999964e+01 4.579710467932373262e-03 2.133014419555739200e-02
1.169999999999999929e+01 1.386884203451638903e-03 2.213448917634607688e-02
1.179999999999999893e+01 1.528126326631584070e-04 6.870502360449355812e-03
1.190000000000000036e+01 1.278373136176765902e-05 7.640631633157920349e-04
1.200000000000000000e+01 0.000000000000000000e+00 1.278373136176765902e-04
