0.000000000000000000e+00 7.164406755612662892e+01 2.676844778526333357e+01
1.000000000000000056e-01 6.896722277760029840e+01 2.676844778526344726e+01
2.000000000000000111e-01 6.629037799907393946e+01 2.676844778526344726e+01
3.000000000000000444e-01 6.361353322054760895e+01 2.676844778526333357e+01
4.000000000000000222e-01 6.093668844202127843e+01 2.676844778526333357e+01
5.000000000000000000e-01 5.825984366349494081e+01 2.676844778526344726e+01
6.000000000000000888e-01 5.558299888496858898e+01 2.676844778526344726e+01
6.999999999999999556e-01 5.290615410644225136e+01 2.676844778526341884e+01
8.000000000000000444e-01 5.022930932791589953e+01 2.676844778526341884e+01
8.999999999999999112e-01 4.755246454938956902e+01 2.676844778526341884e+01
1.000000000000000000e+00 4.487561977086321718e+01 2.676844778526344726e+01
1.099999999999999867e+00 4.219877499233687956e+01 2.676844778526341884e+01
1.200000000000000178e+00 3.952193021381053484e+01 2.676844778526341884e+01
1.300000000000000044e+00 3.684508543528419722e+01 2.676844778526339041e+01
1.399999999999999911e+00 3.416824065675785249e+01 2.676844778526339041e+01
1.500000000000000000e+00 3.149139587823151487e+01 2.676844778526341884e+01
1.600000000000000089e+00 2.881455109970517015e+01 2.676844778526341884e+01
1.699999999999999956e+00 2.613770632117883252e+01 2.676844778526340463e+01
1.799999999999999822e+00 2.346086154265249135e+01 2.676844778526340463e+01
1.899999999999999911e+00 2.078401676412615018e+01 2.676844778526340463e+01
2.000000000000000000e+00 1.810717198559980901e+01 2.676844778526340463e+01
2.099999999999999645e+00 1.543032720707346961e+01 2.676844778526340463e+01
2.199999999999999734e+00 1.275348242854712844e+01 2.676844778526341884e+01
2.299999999999999822e+00 1.007663765002078549e+01 2.676844778526345436e+01
2.400000000000000355e+00 7.399792871494437208e+00 2.676844778526344726e+01
2.500000000000000000e+00 4.722948092968096034e+00 2.676844778526340463e+01
2.600000000000000089e+00 2.046103314441755305e+00 1.705511778612158480e+01
2.700000000000000178e+00 1.311924535743778986e+00 5.827170365511984862e+00
2.799999999999999822e+00 8.806692413393583108e-01 3.613456643461869344e+00
2.899999999999999911e+00 5.892332070514050280e-01 2.497270096773964276e+00
3.000000000000000000e+00 3.812152219845653667e-01 1.826004288501154038e+00
3.099999999999999645e+00 2.240323493511742203e-01 1.419632015973397277e+00
3.200000000000000178e+00 9.728881878988591969e-02 1.182548660532463547e+00
3.300000000000000266e+00 -1.247738275531846963e-02 1.049244178091380597e+00
3.399999999999999911e+00 -1.125600168283902303e-01 9.642540718426529933e-01
3.500000000000000000e+00 -2.053281971238490877e-01 8.793201838976196782e-01
3.599999999999999645e+00 -2.884240536079141770e-01 7.528553509744690952e-01
3.700000000000000178e+00 -3.558992673187428846e-01 5.619735417263294064e-01
3.799999999999999822e+00 -4.008187619531800583e-01 3.143797145978035612e-01
3.900000000000000355e+00 -4.187752102383036079e-01 4.659142695187457051e-02
4.000000000000000000e+00 -4.101370473435549946e-01 -1.917793631323747583e-01
4.099999999999999645e+00 -3.804193376118286674e-01 -3.585732712734552852e-01
4.199999999999999289e+00 -3.384223930888639043e-01 -4.231484368939273377e-01
4.299999999999999822e+00 -2.957896502330432109e-01 -3.725113351004007978e-01
4.399999999999999467e+00 -2.639201260687837336e-01 -2.298723933631736660e-01
4.500000000000000000e+00 -2.498151715604084444e-01 -6.564814787514561267e-02
4.599999999999999645e+00 -2.507904964937546222e-01 4.658310576014113025e-02
4.700000000000000178e+00 -2.591317927124366927e-01 8.840010970769873744e-02
4.800000000000000711e+00 -2.684705184352944030e-01 8.821480501451239853e-02
4.900000000000000355e+00 -2.767747537153391613e-01 7.405047006970777446e-02
5.000000000000000000e+00 -2.832806124492359134e-01 5.331642183966911475e-02
5.099999999999999645e+00 -2.874380380832730064e-01 2.222239573494566578e-02
5.200000000000000178e+00 -2.877250915962250577e-01 -2.473786465054161887e-02
5.299999999999999822e+00 -2.824904651531646715e-01 -8.659574821650606324e-02
5.400000000000000355e+00 -2.704059419529238339e-01 -1.569105814143652022e-01
5.500000000000000000e+00 -2.511083488702915978e-01 -2.242403933866490284e-01
5.599999999999999645e+00 -2.255578632755940449e-01 -2.756588090187501727e-01
5.699999999999999289e+00 -1.959765870665415854e-01 -3.040171879018859213e-01
5.799999999999999822e+00 -1.647544256952168662e-01 -3.072150957598865917e-01
5.899999999999999467e+00 -1.345335679145642505e-01 -2.861086535101833306e-01
6.000000000000000000e+00 -1.075326949931801890e-01 -2.453490110239410771e-01
6.099999999999999645e+00 -8.546376570977604059e-02 -1.898301122384161155e-01
6.199999999999999289e+00 -6.956667254549696311e-02 -1.272616728885998527e-01
6.300000000000000711e+00 -6.001143113205607144e-02 -6.591761330474416036e-02
6.400000000000000355e+00 -5.638314988454813659e-02 -1.456636661489896234e-02
6.500000000000000000e+00 -5.709815780907628174e-02 2.307899140126812298e-02
6.600000000000000533e+00 -6.099894816480175980e-02 4.755439263069405342e-02
6.700000000000000178e+00 -6.660903633521508826e-02 5.837263315816548781e-02
6.799999999999999822e+00 -7.267347479643486430e-02 5.708602758546799105e-02
6.899999999999999467e+00 -7.802624185230869203e-02 4.551333348525438138e-02
7.000000000000000000e+00 -8.177614149348573502e-02 2.928373203371298361e-02
7.099999999999999645e+00 -8.388298825905128597e-02 1.464693086603313654e-02
7.199999999999999289e+00 -8.470552766669237066e-02 5.891212469653239747e-03
7.299999999999998934e+00 -8.506123075298194225e-02 6.562253385710203890e-03
7.400000000000000355e+00 -8.601797834383440033e-02 1.470598244622828288e-02
7.500000000000000000e+00 -8.800242724222759327e-02 2.552803777154433185e-02
7.599999999999999645e+00 -9.112358589814327503e-02 3.504297934018768546e-02
7.699999999999999289e+00 -9.501102311026513036e-02 4.182503696282668937e-02
7.800000000000000711e+00 -9.948859329070861013e-02 4.537376952859906165e-02
7.900000000000000355e+00 -1.040857770159849399e-01 4.504479255083260192e-02
8.000000000000000000e+00 -1.084975518008751277e-01 4.293105747025727226e-02
8.100000000000001421e+00 -1.126719885100364027e-01 3.906311782880012018e-02
8.199999999999999289e+00 -1.163101753666351545e-01 2.930457204256475823e-02
8.300000000000000711e+00 -1.185329029185493432e-01 1.279039553125227435e-02
8.399999999999998579e+00 -1.188682544728856122e-01 -6.794941108493768311e-03
8.500000000000000000e+00 -1.171739146968505951e-01 -2.382200131298928270e-02
8.599999999999999645e+00 -1.141038542102877501e-01 -3.618388298361185917e-02
8.699999999999999289e+00 -1.099371381001282288e-01 -4.263383826549704825e-02
8.799999999999998934e+00 -1.055770865571883377e-01 -4.326599945037501449e-02
8.900000000000000355e+00 -1.012839382100532148e-01 -4.048807650960223325e-02
9.000000000000000000e+00 -9.747947125526790213e-02 -3.568034586791746232e-02
9.099999999999999645e+00 -9.414786903646972516e-02 -2.847929688407396798e-02
9.199999999999999289e+00 -9.178361187845310298e-02 -2.023116794187374001e-02
9.300000000000000711e+00 -9.010163544809497715e-02 -1.368743975180064520e-02
9.400000000000000355e+00 -8.904612392809296839e-02 -1.027182354366723560e-02
9.500000000000000000e+00 -8.804727073936152726e-02 -1.191822448347151786e-02
9.600000000000001421e+00 -8.666247903139867592e-02 -2.079072283384969522e-02
9.699999999999999289e+00 -8.388912617259158822e-02 -3.559326961437792036e-02
9.800000000000000711e+00 -7.954382510852309185e-02 -4.862653921971499260e-02
9.899999999999998579e+00 -7.416381832864858692e-02 -5.301544395165658230e-02
1.000000000000000000e+01 -6.894073631819176706e-02 -4.838014041744559401e-02
1.009999999999999964e+01 -6.448779024515947922e-02 -3.973351261916380217e-02
1.019999999999999929e+01 -6.099403379435900524e-02 -3.159710727062653435e-02
1.029999999999999893e+01 -5.816836879103416680e-02 -2.744394813536982225e-02
1.040000000000000036e+01 -5.550524416728504218e-02 -2.908370075295946267e-02
1.050000000000000000e+01 -5.235162864044227288e-02 -3.546322587038078233e-02
1.059999999999999964e+01 -4.841259899320888432e-02 -4.258007021688944849e-02
1.069999999999999929e+01 -4.383561459706438596e-02 -4.750803286722879437e-02
1.080000000000000071e+01 -3.891099241976312545e-02 -5.430110037814633861e-02
1.090000000000000036e+01 -3.297539452143511546e-02 -6.586120378181697932e-02
1.100000000000000000e+01 -2.573875166339972820e-02 -7.390177870538316984e-02
1.109999999999999964e+01 -1.819503878035847941e-02 -7.291706267906153394e-02
1.119999999999999929e+01 -1.115533912758742176e-02 -6.399391787172493962e-02
1.130000000000000071e+01 -5.396255206013493566e-03 -5.024088394114253203e-02
1.139999999999999858e+01 -1.107162339358914744e-03 -3.583533154082343963e-02
1.150000000000000000e+01 1.770811102151195878e-03 -2.238664833719015285e-02
1.159999999999999964e+01 3.370167328079116259e-03 -1.935900111469025797e-03
1.169999999999999929e+01 2.157991124445000908e-03 1.512178492465944719e-02
1.179999999999999893e+01 3.458103431472265600e-04 1.063176293627450530e-02
1.190000000000000036e+01 3.163853719009967206e-05 1.729051715736132583e-03
1.200000000000000000e+01 0.000000000000000000e+00 3.163853719009967341e-04
