0.000000000000000000e+00 2.255484415266857923e+01 5.689947082954063262e+00
1.000000000000000056e-01 2.198584944437317290e+01 5.689947082954049051e+00
2.000000000000000111e-01 2.141685473607776657e+01 5.689947082954063262e+00
3.000000000000000444e-01 2.084786002778236025e+01 5.689947082954063262e+00
4.000000000000000222e-01 2.027886531948695392e+01 5.689947082954049051e+00
5.000000000000000000e-01 1.970987061119154760e+01 5.689947082954049051e+00
6.000000000000000888e-01 1.914087590289614482e+01 5.689947082954049051e+00
6.999999999999999556e-01 1.857188119460073850e+01 5.689947082954049051e+00
8.000000000000000444e-01 1.800288648630533572e+01 5.689947082954063262e+00
8.999999999999999112e-01 1.743389177800992584e+01 5.689947082954063262e+00
1.000000000000000000e+00 1.686489706971452307e+01 5.689947082954049051e+00
1.099999999999999867e+00 1.629590236141911674e+01 5.689947082954063262e+00
1.200000000000000178e+00 1.572690765312371042e+01 5.689947082954063262e+00
1.300000000000000044e+00 1.515791294482830409e+01 5.689947082954049051e+00
1.399999999999999911e+00 1.458891823653289954e+01 5.689947082954049051e+00
1.500000000000000000e+00 1.401992352823749322e+01 5.689947082954063262e+00
1.600000000000000089e+00 1.345092881994208689e+01 5.689947082954049051e+00
1.699999999999999956e+00 1.288193411164668412e+01 5.689947082954049051e+00
1.799999999999999822e+00 1.231293940335127779e+01 5.689947082954063262e+00
1.899999999999999911e+00 1.174394469505587146e+01 5.689947082954063262e+00
2.000000000000000000e+00 1.117494998676046514e+01 5.689947082954049051e+00
2.099999999999999645e+00 1.060595527846506059e+01 5.689947082954049051e+00
2.199999999999999734e+00 1.003696057016965426e+01 5.689947082954063262e+00
2.299999999999999822e+00 9.467965861874247935e+00 5.689947082954063262e+00
2.400000000000000355e+00 8.898971153578841609e+00 5.689947082954063262e+00
2.500000000000000000e+00 8.329976445283435282e+00 5.689947082954056157e+00
2.600000000000000089e+00 7.760981736988030733e+00 5.689947082954049051e+00
2.700000000000000178e+00 7.191987028692626183e+00 5.689947082954056157e+00
2.799999999999999822e+00 6.622992320397219856e+00 5.689947082954059709e+00
2.899999999999999911e+00 6.053997612101813530e+00 5.689947082954056157e+00
3.000000000000000000e+00 5.485002903806408092e+00 5.689947082954045499e+00
3.099999999999999645e+00 4.916008195511004431e+00 5.689947082954056157e+00
3.200000000000000178e+00 4.347013487215597216e+00 5.689947082954073920e+00
3.300000000000000266e+00 3.778018778920190002e+00 5.689947082954052604e+00
3.399999999999999911e+00 3.209024070624786340e+00 5.689947082954056157e+00
3.500000000000000000e+00 2.640029362329378682e+00 5.689947082954056157e+00
3.599999999999999645e+00 2.071034654033975020e+00 5.689947082954054380e+00
3.700000000000000178e+00 1.502039945738567583e+00 4.728916873380550001e+00
3.799999999999999822e+00 1.125251279357865064e+00 3.337477742933540714e+00
3.900000000000000355e+00 8.345443971518593518e-01 2.615135169640251611e+00
4.000000000000000000e+00 6.022242454298148973e-01 2.099343730877532899e+00
4.099999999999999645e+00 4.146756509763527276e-01 1.696848823301721154e+00
4.199999999999999289e+00 2.628544807694706553e-01 1.370907973473918684e+00
4.299999999999999822e+00 1.404940562815689964e-01 1.101157905599131404e+00
4.399999999999999467e+00 4.262289964964434408e-02 8.757739603855029253e-01
4.500000000000000000e+00 -3.466073579553160394e-02 6.873193683106137986e-01
4.599999999999999645e+00 -9.484097401247841563e-02 5.300957695932201341e-01
4.700000000000000178e+00 -1.406798897141756377e-01 3.984655726556561306e-01
4.800000000000000711e+00 -1.745340885436096334e-01 2.878415912585787773e-01
4.900000000000000355e+00 -1.982482079658913765e-01 1.949402912692074219e-01
5.000000000000000000e+00 -2.135221467974511289e-01 1.172159693756831267e-01
5.099999999999999645e+00 -2.216914018410280074e-01 5.249792083712301327e-02
5.200000000000000178e+00 -2.240217309648757371e-01 -6.100992922608572400e-04
5.299999999999999822e+00 -2.215693819825758359e-01 -4.303688616624667951e-02
5.400000000000000355e+00 -2.154143537316264012e-01 -7.558593489892473372e-02
5.500000000000000000e+00 -2.064521950027908836e-01 -9.881414728635307121e-02
5.599999999999999645e+00 -1.956515242743557814e-01 -1.129168556174304783e-01
5.699999999999999289e+00 -1.838688238793048102e-01 -1.183536687514187280e-01
5.799999999999999822e+00 -1.719807905240720303e-01 -1.159639694634269080e-01
5.899999999999999467e+00 -1.606760299866194230e-01 -1.074814713797115351e-01
6.000000000000000000e+00 -1.504844962481297344e-01 -9.549071669272535257e-02
6.099999999999999645e+00 -1.415778866480743303e-01 -8.283524350409865455e-02
6.199999999999999289e+00 -1.339174475473099979e-01 -7.153891026869152459e-02
6.300000000000000711e+00 -1.272701045943360476e-01 -6.262042561167957544e-02
6.400000000000000355e+00 -1.213933624249740745e-01 -5.631673153215055461e-02
6.500000000000000000e+00 -1.160067582879059228e-01 -5.240924919373290969e-02
6.600000000000000533e+00 -1.109115125862275009e-01 -5.029283765211334245e-02
6.700000000000000178e+00 -1.059481907574832543e-01 -4.955561365163874132e-02
6.799999999999999822e+00 -1.010003898558997498e-01 -4.982222859366602918e-02
6.899999999999999467e+00 -9.598374503875005403e-02 -5.074694983119976133e-02
7.000000000000000000e+00 -9.085099988965979201e-02 -5.192393775814319046e-02
7.099999999999999645e+00 -8.559895748712141594e-02 -5.262649068851615874e-02
7.199999999999999289e+00 -8.032570175195656581e-02 -5.196429063224450307e-02
7.299999999999998934e+00 -7.520609936067251811e-02 -4.941657921879483162e-02
7.400000000000000355e+00 -7.044238590819759671e-02 -4.495019900067498408e-02
7.500000000000000000e+00 -6.621605956053751296e-02 -3.921810195576524993e-02
7.599999999999999645e+00 -6.259876551704454672e-02 -3.352512092342085914e-02
7.699999999999999289e+00 -5.951103537585333836e-02 -2.918582177457551552e-02
7.800000000000000711e+00 -5.676160116212944362e-02 -2.656414257817890645e-02
7.900000000000000355e+00 -5.419820686021756262e-02 -2.513314452579784586e-02
8.000000000000000000e+00 -5.173497225696987306e-02 -2.417880811293479648e-02
8.100000000000001421e+00 -4.936244523763060055e-02 -2.320718966774742986e-02
8.199999999999999289e+00 -4.709353432342038709e-02 -2.211143912654212063e-02
8.300000000000000711e+00 -4.494015741232217781e-02 -2.112636024372532839e-02
8.399999999999998579e+00 -4.286826227467532141e-02 -2.055177541211380965e-02
8.500000000000000000e+00 -4.082980232989941172e-02 -2.061815920747925301e-02
8.599999999999999645e+00 -3.874463043317946664e-02 -2.133962210910533841e-02
8.699999999999999289e+00 -3.656187790807834820e-02 -2.237847452245309010e-02
8.799999999999998934e+00 -3.426893552868885001e-02 -2.322538515356786792e-02
8.900000000000000355e+00 -3.191680087736477323e-02 -2.345202025649600897e-02
9.000000000000000000e+00 -2.957853147738964683e-02 -2.294633919254163157e-02
9.099999999999999645e+00 -2.732753303885644691e-02 -2.187266688485087207e-02
9.199999999999999289e+00 -2.520399810041947311e-02 -2.045539199119950080e-02
9.300000000000000711e+00 -2.323645464061654606e-02 -1.888747411738046778e-02
9.400000000000000355e+00 -2.142650327694338094e-02 -1.745892696713495507e-02
9.500000000000000000e+00 -1.974466924718955296e-02 -1.633235396752540092e-02
9.600000000000001421e+00 -1.816003248343829937e-02 -1.546325955953888054e-02
9.699999999999999289e+00 -1.665201733528177616e-02 -1.478326611782522504e-02
9.800000000000000711e+00 -1.520337925987325436e-02 -1.428768163637787747e-02
9.899999999999998579e+00 -1.379448100800620240e-02 -1.390454655541827761e-02
1.000000000000000000e+01 -1.242246994878959919e-02 -1.345006749109426553e-02
1.009999999999999964e+01 -1.110446750978734930e-02 -1.269508786309552634e-02
1.019999999999999929e+01 -9.883452376170493228e-03 -1.149763575308947877e-02
1.029999999999999893e+01 -8.804940359169453543e-03 -9.986142070543588267e-03
1.040000000000000036e+01 -7.886223962061775228e-03 -8.483521162951132566e-03
1.050000000000000000e+01 -7.108236126579226682e-03 -7.294224644149201187e-03
1.059999999999999964e+01 -6.427379033231934990e-03 -6.534637701882627797e-03
1.069999999999999929e+01 -5.801308586202700776e-03 -6.108353274690135615e-03
1.080000000000000071e+01 -5.205708378293908214e-03 -5.842738254685307664e-03
1.090000000000000036e+01 -4.632760935265638896e-03 -5.594605592919261322e-03
1.100000000000000000e+01 -4.086787259710056124e-03 -5.285539271987830384e-03
1.109999999999999964e+01 -3.575653080868072906e-03 -4.955613731329725283e-03
1.119999999999999929e+01 -3.095664513444110720e-03 -4.673532712048646814e-03
1.130000000000000071e+01 -2.640946538458343804e-03 -4.423221726279702795e-03
1.139999999999999858e+01 -2.211020168188170161e-03 -4.168229258736137408e-03
1.150000000000000000e+01 -1.807300686711116105e-03 -3.915876184662345737e-03
1.159999999999999964e+01 -1.427844931255700970e-03 -7.095739517826151962e-03
1.169999999999999929e+01 -3.881527831458855501e-04 -6.897391808967797376e-03
1.179999999999999893e+01 -4.836656946214134601e-05 -1.918479932342666240e-03
1.190000000000000036e+01 -4.456796677352281805e-06 -2.418328473107067165e-04
1.200000000000000000e+01 0.000000000000000000e+00 -4.456796677352281805e-05
