0.000000000000000000e+00 4.123748247509473117e+02 1.577538476735126096e+02
1.000000000000000056e-01 3.965994399835960849e+02 1.577538476735126096e+02
2.000000000000000111e-01 3.808240552162448012e+02 1.577538476735128370e+02
3.000000000000000444e-01 3.650486704488935175e+02 1.577538476735128370e+02
4.000000000000000222e-01 3.492732856815422338e+02 1.577538476735126096e+02
5.000000000000000000e-01 3.334979009141909501e+02 1.577538476735128370e+02
6.000000000000000888e-01 3.177225161468396664e+02 1.577538476735126096e+02
6.999999999999999556e-01 3.019471313794884395e+02 1.577538476735128370e+02
8.000000000000000444e-01 2.861717466121370990e+02 1.577538476735128370e+02
8.999999999999999112e-01 2.703963618447858721e+02 1.577538476735126096e+02
1.000000000000000000e+00 2.546209770774345600e+02 1.577538476735128370e+02
1.099999999999999867e+00 2.388455923100833047e+02 1.577538476735126096e+02
1.200000000000000178e+00 2.230702075427320494e+02 1.577538476735126096e+02
1.300000000000000044e+00 2.072948227753807942e+02 1.577538476735128370e+02
1.399999999999999911e+00 1.915194380080294820e+02 1.577538476735128370e+02
1.500000000000000000e+00 1.757440532406782268e+02 1.577538476735126096e+02
1.600000000000000089e+00 1.599686684733269431e+02 1.577538476735127233e+02
1.699999999999999956e+00 1.441932837059756594e+02 1.577538476735127233e+02
1.799999999999999822e+00 1.284178989386244041e+02 1.577538476735126096e+02
1.899999999999999911e+00 1.126425141712731488e+02 1.577538476735127233e+02
2.000000000000000000e+00 9.686712940392186511e+01 1.577538476735127233e+02
2.099999999999999645e+00 8.109174463657059562e+01 1.577538476735126665e+02
2.199999999999999734e+00 6.531635986921932613e+01 1.577538476735127233e+02
2.299999999999999822e+00 4.954097510186804953e+01 1.577538476735129507e+02
2.400000000000000355e+00 3.376559033451673031e+01 1.577538476735129507e+02
2.500000000000000000e+00 1.799020556716546082e+01 1.577538476735126949e+02
2.600000000000000089e+00 2.214820799814190888e+00 8.563267178743127772e+01
2.700000000000000178e+00 8.636712096792046323e-01 1.000254653077509204e+01
2.799999999999999822e+00 2.143114936591726805e-01 5.034112382421169762e+00
2.899999999999999911e+00 -1.431512668050293757e-01 2.686776557943096222e+00
3.000000000000000000e+00 -3.230438179294465861e-01 1.149728039991706918e+00
3.099999999999999645e+00 -3.730968748033707261e-01 2.266002747301509856e-02
3.200000000000000178e+00 -3.275758234240496169e-01 -7.279859194994691141e-01
3.300000000000000266e+00 -2.274996909034769088e-01 -9.708633890031692637e-01
3.399999999999999911e+00 -1.334031456234157642e-01 -6.593476315312489788e-01
3.500000000000000000e+00 -9.563016459722710472e-02 -1.283190418448973968e-01
3.599999999999999645e+00 -1.077393372544362821e-01 1.665817043369275940e-01
3.700000000000000178e+00 -1.289465054646126152e-01 1.985001750842783075e-01
3.799999999999999822e+00 -1.474393722712919463e-01 2.247840399347977858e-01
3.900000000000000355e+00 -1.739033134515721724e-01 3.121700289770807935e-01
4.000000000000000000e+00 -2.098733780667081106e-01 3.683534121648786019e-01
4.099999999999999645e+00 -2.475739958845478983e-01 3.537783372805773929e-01
4.199999999999999289e+00 -2.806290455228235836e-01 3.030798686141529252e-01
4.299999999999999822e+00 -3.081899696073784889e-01 2.520268652069848070e-01
4.399999999999999467e+00 -3.310344185642205561e-01 2.031056247743008303e-01
4.500000000000000000e+00 -3.488110945622386883e-01 1.376480963336073060e-01
4.599999999999999645e+00 -3.585640378309420395e-01 4.805585849383575692e-02
4.700000000000000178e+00 -3.584222662610058174e-01 -5.222076067799963361e-02
4.800000000000000711e+00 -3.481198856953420795e-01 -1.424607210140085289e-01
4.900000000000000355e+00 -3.299301220582041005e-01 -2.075015878069019770e-01
5.000000000000000000e+00 -3.066195681339616841e-01 -2.501638202239264697e-01
5.099999999999999645e+00 -2.798973580134188066e-01 -2.863461714740218600e-01
5.200000000000000178e+00 -2.493503338391573065e-01 -3.291610099422441760e-01
5.299999999999999822e+00 -2.140651560249699770e-01 -3.740504512686346761e-01
5.400000000000000355e+00 -1.745402435854303824e-01 -4.032727230793009543e-01
5.500000000000000000e+00 -1.334106114091097861e-01 -3.995481770498189311e-01
5.599999999999999645e+00 -9.463060817546659065e-02 -3.589566323449431273e-01
5.699999999999999289e+00 -6.161928494012114399e-02 -2.941558403754511719e-01
5.799999999999999822e+00 -3.579944010037634100e-02 -2.337881647972628318e-01
5.899999999999999467e+00 -1.486165198066857762e-02 -2.009108545074951568e-01
6.000000000000000000e+00 4.382730801122692102e-03 -1.983425308237413143e-01
6.099999999999999645e+00 2.480685418407968523e-02 -2.115452624885787447e-01
6.199999999999999289e+00 4.669178329883844070e-02 -2.242643999902216856e-01
6.300000000000000711e+00 6.965973418212402513e-02 -2.241367055691007026e-01
6.400000000000000355e+00 9.151912441265858122e-02 -2.032376873863175615e-01
6.500000000000000000e+00 1.103072716593875430e-01 -1.625574068212125023e-01
6.600000000000000533e+00 1.240306057769010872e-01 -1.104219887335975425e-01
6.700000000000000178e+00 1.323916694061070543e-01 -5.597539983350385828e-02
6.799999999999999822e+00 1.352256857436018589e-01 -5.265663580406365618e-03
6.899999999999999467e+00 1.334448021221883163e-01 3.642565658257856942e-02
7.000000000000000000e+00 1.279405544270861561e-01 6.529577337329128817e-02
7.099999999999999645e+00 1.203856474475300670e-01 8.017240511102763367e-02
7.199999999999999289e+00 1.119060734048806238e-01 8.547230216951462456e-02
7.299999999999998934e+00 1.032911870136271476e-01 8.777191815091245353e-02
7.400000000000000355e+00 9.435168977469812757e-02 9.513517574165897273e-02
7.500000000000000000e+00 8.426415186529534473e-02 1.130930520851386456e-01
7.599999999999999645e+00 7.173307935767039845e-02 1.396941072232511516e-01
7.699999999999999289e+00 5.632533042064511580e-02 1.662605003445921104e-01
7.800000000000000711e+00 3.848097928875197915e-02 1.849725845823522730e-01
7.900000000000000355e+00 1.933081350417466260e-02 1.912093606285049929e-01
8.000000000000000000e+00 2.391071630509762440e-04 1.840913929248553793e-01
8.100000000000001421e+00 -1.748746508079641535e-02 1.678497426061672237e-01
8.199999999999999289e+00 -3.333084135818246974e-02 1.462368017195317949e-01
8.300000000000000711e+00 -4.673482542470278056e-02 1.176621175733564423e-01
8.399999999999998579e+00 -5.686326487285375819e-02 7.936587006476869544e-02
8.500000000000000000e+00 -6.260799943765651965e-02 3.484427790684135884e-02
8.599999999999999645e+00 -6.383212045422202718e-02 -6.559166609136579673e-03
8.699999999999999289e+00 -6.129616611582919955e-02 -3.503524742296471040e-02
8.799999999999998934e+00 -5.682507096962909066e-02 -4.590828762007198582e-02
8.900000000000000355e+00 -5.211450859181480239e-02 -4.042972372102909828e-02
9.000000000000000000e+00 -4.873912622542327100e-02 -2.701837589179467702e-02
9.099999999999999645e+00 -4.671083341345586698e-02 -1.732734027934482168e-02
9.199999999999999289e+00 -4.527365816955430944e-02 -1.787846568991946494e-02
9.300000000000000711e+00 -4.313514027547197399e-02 -2.823907735960984322e-02
9.400000000000000355e+00 -3.962584269763233524e-02 -4.321900772307737948e-02
9.500000000000000000e+00 -3.449133873085649671e-02 -5.713544280670654341e-02
9.600000000000001421e+00 -2.819875413629102656e-02 -6.683794782781998789e-02
9.699999999999999289e+00 -2.112374916529249913e-02 -7.273871476411136738e-02
9.800000000000000711e+00 -1.365101118346875343e-02 -7.524696225742374955e-02
9.899999999999998579e+00 -6.074356713807748526e-03 -7.248137636362508851e-02
1.000000000000000000e+01 8.452640892562613209e-04 -6.241411272103520452e-02
1.009999999999999964e+01 6.408465830399293073e-03 -4.703677658753993573e-02
1.019999999999999929e+01 1.025261940676425003e-02 -3.033526325050599215e-02
1.029999999999999893e+01 1.247551848050049150e-02 -1.486278099801628672e-02
1.040000000000000036e+01 1.322517560636750703e-02 -2.901452552505762172e-04
1.050000000000000000e+01 1.253354753155060813e-02 1.289819763361068489e-02
1.059999999999999964e+01 1.064553607964537074e-02 2.256439258903581574e-02
1.069999999999999929e+01 8.020669013743443251e-03 2.750604378723533680e-02
1.080000000000000071e+01 5.144327322198302514e-03 2.831101075238365641e-02
1.090000000000000036e+01 2.358466863266712055e-03 2.622940984494425559e-02
1.100000000000000000e+01 -1.015546467905493252e-04 2.250282747018302748e-02
1.109999999999999964e+01 -2.142098630769893181e-03 1.753992681305490201e-02
1.119999999999999929e+01 -3.609540009401529526e-03 1.175388280592308890e-02
1.130000000000000071e+01 -4.492875191954510787e-03 6.584821587172638019e-03
1.139999999999999858e+01 -4.926504326836057303e-03 2.550850549369765297e-03
1.150000000000000000e+01 -5.003045301828464367e-03 -1.128997903628317645e-03
1.159999999999999964e+01 -4.700704746110393947e-03 -1.871312906627943182e-02
1.169999999999999929e+01 -1.260419488572577613e-03 -2.269556191934849615e-02
1.179999999999999893e+01 -1.615923622406940452e-04 -6.231378511251407619e-03
1.190000000000000036e+01 -1.414378632229593483e-05 -8.079618112034701177e-04
1.200000000000000000e+01 0.000000000000000000e+00 -1.414378632229593483e-04
