0.000000000000000000e+00 1.986708190546313290e+03 3.064697460179031623e+03
1.000000000000000056e-01 1.680238444528410128e+03 2.828864760961993852e+03
2.000000000000000111e-01 1.420935238353914428e+03 2.393451098783152702e+03
3.000000000000000444e-01 1.201548224771779587e+03 2.024971838622854193e+03
4.000000000000000222e-01 1.015940870629343635e+03 1.713144094743596725e+03
5.000000000000000000e-01 8.589194058230601740e+02 1.449264170511762131e+03
6.000000000000000888e-01 7.260880365269912318e+02 1.225965077778246723e+03
6.999999999999999556e-01 6.137263902674108067e+02 1.037011285161970591e+03
8.000000000000000444e-01 5.186857794945971136e+02 8.771249796238889758e+02
8.999999999999999112e-01 4.383013943426330457e+02 7.418390031934668514e+02
1.000000000000000000e+00 3.703179788559036751e+02 6.273723694740947394e+02
1.099999999999999867e+00 3.128269204478140750e+02 5.305248932885692739e+02
1.200000000000000178e+00 2.642130001981898317e+02 4.485879990364974219e+02
1.300000000000000044e+00 2.231093206405145963e+02 3.792692238409058518e+02
1.399999999999999911e+00 1.883591554300086557e+02 3.206283129043346207e+02
1.500000000000000000e+00 1.589836580596476665e+02 2.710231272935052402e+02
1.600000000000000089e+00 1.341545299713075963e+02 2.290638576136599340e+02
1.699999999999999956e+00 1.131708865369156740e+02 1.935742683271591318e+02
1.799999999999999822e+00 9.543967630587577844e+01 1.635588932554968551e+02
1.899999999999999911e+00 8.045910788581630868e+01 1.381752685311201390e+02
2.000000000000000000e+00 6.780462259965175065e+01 1.167104295497381372e+02
2.099999999999999645e+00 5.711702197586867413e+01 9.856101722107456453e+01
2.199999999999999734e+00 4.809241915543683632e+01 8.321643933276632765e+01
2.299999999999999822e+00 4.047373410931540860e+01 7.024461792701981722e+01
2.400000000000000355e+00 3.404349557003287430e+01 5.927992561189904563e+01
2.500000000000000000e+00 2.861774898693559521e+01 5.001297469410209828e+01
2.600000000000000089e+00 2.404090063121245180e+01 4.218197462531890096e+01
2.700000000000000178e+00 2.018135406187181502e+01 3.556541693669575466e+01
2.799999999999999822e+00 1.692781724387330300e+01 2.997588381190161044e+01
2.899999999999999911e+00 1.418617729949149364e+01 2.525480774837684095e+01
3.000000000000000000e+00 1.187685569419793374e+01 2.126803625009198129e+01
3.099999999999999645e+00 9.932570049473097740e+00 1.790207792129151443e+01
3.200000000000000178e+00 8.296440109939629437e+00 1.506092531372157595e+01
3.300000000000000266e+00 6.920384986728781662e+00 1.266336594833943607e+01
3.399999999999999911e+00 5.763766920271742755e+00 1.064070653394197308e+01
3.500000000000000000e+00 4.792243679940386691e+00 8.934846918282609352e+00
3.599999999999999645e+00 3.976797536615221063e+00 7.496650052688362820e+00
3.700000000000000178e+00 3.292913669402714572e+00 6.284562500325884926e+00
3.799999999999999822e+00 2.719885036550043989e+00 5.263447000826458222e+00
3.900000000000000355e+00 2.240224269237422572e+00 4.403594514422776385e+00
4.000000000000000000e+00 1.839166133665488534e+00 3.679888171675958830e+00
4.099999999999999645e+00 1.504246634902230983e+00 3.071095789614410876e+00
4.199999999999999289e+00 1.224946975742606359e+00 2.559271199607035641e+00
4.299999999999999822e+00 9.923923949808237666e-01 2.129247666387381166e+00
4.399999999999999467e+00 7.990974424651300367e-01 1.768209245839078569e+00
4.500000000000000000e+00 6.387505458130080527e-01 1.465328102980118619e+00
4.599999999999999645e+00 5.060318218691063352e-01 1.211457651593967011e+00
4.700000000000000178e+00 3.964590154942146949e-01 9.988729344047309056e-01
4.800000000000000711e+00 3.062572349881601541e-01 8.210509809657092761e-01
4.900000000000000355e+00 2.322488193010727731e-01 6.724849962511767476e-01
5.000000000000000000e+00 1.717602357379247879e-01 5.485271773950324281e-01
5.099999999999999645e+00 1.225433838220662958e-01 4.452557554212261959e-01
5.200000000000000178e+00 8.270908465367954321e-02 3.593625354320941767e-01
5.299999999999999822e+00 5.067087673564745626e-02 2.880577814158524763e-01
5.400000000000000355e+00 2.509752837050904795e-02 2.289897765621839998e-01
5.500000000000000000e+00 4.872921423210652830e-03 1.801768002434503968e-01
5.599999999999999645e+00 -1.093783167818103245e-02 1.399496100631423268e-01
5.699999999999999289e+00 -2.311700058941781530e-02 1.069028112712638867e-01
5.799999999999999822e+00 -3.231839393243381153e-02 7.985374459114147339e-02
5.899999999999999467e+00 -3.908774950764611067e-02 5.780773402820515994e-02
6.000000000000000000e+00 -4.387994073807484352e-02 3.992871440847578501e-02
6.099999999999999645e+00 -4.707349238934126906e-02 2.551440919124897677e-02
6.199999999999999289e+00 -4.898282257632463610e-02 1.397535672239380578e-02
6.300000000000000711e+00 -4.986856373382003021e-02 4.817191101475354342e-03
6.400000000000000355e+00 -4.994626079661970697e-02 -2.374324759283619191e-03
6.500000000000000000e+00 -4.939369878196330638e-02 -7.945938953017456230e-03
6.600000000000000533e+00 -4.835707300601621572e-02 -1.218758288173904525e-02
6.700000000000000178e+00 -4.695618220561549594e-02 -1.534138025931008897e-02
6.799999999999999822e+00 -4.528879695415419931e-02 -1.760925015234049429e-02
6.899999999999999467e+00 -4.343433217514739569e-02 -1.915932173210821432e-02
7.000000000000000000e+00 -4.145693260773256061e-02 -2.013134484729839357e-02
7.099999999999999645e+00 -3.940806320568771698e-02 -2.064125212835957179e-02
7.199999999999999289e+00 -3.732868218206063932e-02 -2.078500430581237124e-02
7.299999999999998934e+00 -3.525106234452524134e-02 -2.064183009511144640e-02
7.400000000000000355e+00 -3.320031616303835420e-02 -2.027695480103433590e-02
7.500000000000000000e+00 -3.119567138431837694e-02 -1.974389724379160826e-02
7.599999999999999645e+00 -2.925153671428003255e-02 -1.908640229980465564e-02
7.699999999999999289e+00 -2.737839092435744373e-02 -1.834006593765222237e-02
7.800000000000000711e+00 -2.558352352674958530e-02 -1.753370082227803661e-02
7.900000000000000355e+00 -2.387165075990183710e-02 -1.669048311125151396e-02
8.000000000000000000e+00 -2.224542690449928320e-02 -1.582891476671216546e-02
8.100000000000001421e+00 -2.070586780655940540e-02 -1.496363037874737234e-02
8.199999999999999289e+00 -1.925270082874980943e-02 -1.410607299068579457e-02
8.300000000000000711e+00 -1.788465320842224510e-02 -1.326505960746318658e-02
8.399999999999998579e+00 -1.659968890725717003e-02 -1.244725384766538767e-02
8.500000000000000000e+00 -1.539520243888916652e-02 -1.165756047735977408e-02
8.599999999999999645e+00 -1.426817681178521591e-02 -1.089945426264010697e-02
8.699999999999999289e+00 -1.321531158636114582e-02 -1.017525363298575625e-02
8.799999999999998934e+00 -1.223312608518806535e-02 -9.486348004119571353e-03
8.900000000000000355e+00 -1.131804198553723086e-02 -8.833386220540480338e-03
9.000000000000000000e+00 -1.046644884107996928e-02 -8.216432404963718017e-03
9.099999999999999645e+00 -9.674755504544487947e-03 -7.635094511238053883e-03
9.199999999999999289e+00 -8.939429938832357814e-03 -7.088630040768269247e-03
9.300000000000000711e+00 -8.257029496390833750e-03 -6.576032676227000495e-03
9.400000000000000355e+00 -7.624223403586958409e-03 -6.096102990238376484e-03
9.500000000000000000e+00 -7.037808898343158107e-03 -5.647505883713078989e-03
9.600000000000001421e+00 -6.494722226844342437e-03 -5.228816984190198802e-03
9.699999999999999289e+00 -5.992045501505118346e-03 -4.838559876701651469e-03
9.800000000000000711e+00 -5.527010251504011797e-03 -4.475235738001466512e-03
9.899999999999998579e+00 -5.096998353904824870e-03 -4.137346690780287217e-03
1.000000000000000000e+01 -4.699540913347954874e-03 -3.823413980334991469e-03
1.009999999999999964e+01 -4.332315557837826923e-03 -3.531991895850131874e-03
1.019999999999999929e+01 -3.993142534177928325e-03 -3.261678206700809740e-03
1.029999999999999893e+01 -3.679979916497664542e-03 -3.011121756549578476e-03
1.040000000000000036e+01 -3.390918182868012110e-03 -2.779027750716473247e-03
1.050000000000000000e+01 -3.124174366354369979e-03 -2.564161182167769282e-03
1.059999999999999964e+01 -2.878085946434458427e-03 -2.365348765806574161e-03
1.069999999999999929e+01 -2.651104613193054974e-03 -2.181479687284991129e-03
1.080000000000000071e+01 -2.441790008977460374e-03 -2.011505419373558687e-03
1.090000000000000036e+01 -2.248803529318343236e-03 -1.854438814397479929e-03
1.100000000000000000e+01 -2.070902246097963955e-03 -1.709352644013019049e-03
1.109999999999999964e+01 -1.906933000515739557e-03 -1.575377726495758718e-03
1.119999999999999929e+01 -1.755826700798812472e-03 -1.451700755769726528e-03
1.130000000000000071e+01 -1.616592849361794251e-03 -1.337561924799914731e-03
1.139999999999999858e+01 -1.488314315838829395e-03 -1.232252418006851875e-03
1.150000000000000000e+01 -1.370142365760423876e-03 -1.135111832455078240e-03
1.159999999999999964e+01 -1.261291949347813791e-03 -1.045525575224894900e-03
1.169999999999999929e+01 -1.161037250715444896e-03 -9.629222741817673042e-04
1.179999999999999893e+01 -1.068707494511460330e-03 -8.867712309617581390e-04
1.190000000000000036e+01 -9.836830045230932247e-04 -8.165799380985471964e-04
1.200000000000000000e+01 -9.053915068917508689e-04 -7.829149763134233414e-04
