0.000000000000000000e+00 1.587900000000000205e+02 3.263349999999999795e+01
1.000000200000000089e-01 1.489350000000000023e+02 1.644683333333333337e+02
1.999999800000000216e-01 1.258960000000000150e+02 1.977566666666666606e+02
3.000000000000000444e-01 1.093840000000000003e+02 1.542978333333333580e+02
4.000000200000000117e-01 9.503669999999999618e+01 1.340598333333333301e+02
4.999999800000000105e-01 8.257160000000000366e+01 1.164765000000000015e+02
6.000000000000000888e-01 7.174139999999999873e+01 1.011993333333333283e+02
7.000000200000000561e-01 6.233170000000000499e+01 8.792583333333332973e+01
7.999999799999999439e-01 5.415620000000000545e+01 7.639333333333334508e+01
8.999999999999999112e-01 4.705299999999999727e+01 6.637349999999999284e+01
1.000000019999999878e+00 4.088150000000000261e+01 5.766799999999999926e+01
1.099999979999999988e+00 3.551940000000000452e+01 5.010416666666666430e+01
1.200000000000000178e+00 3.086070000000000491e+01 4.353249999999999886e+01
1.300000020000000145e+00 2.681300000000000239e+01 3.782266666666667021e+01
1.399999980000000033e+00 2.329610000000000269e+01 3.286183333333333678e+01
1.500000000000000000e+00 2.024060000000000059e+01 2.855166666666666586e+01
1.600000019999999967e+00 1.758580000000000254e+01 2.480683333333333351e+01
1.699999979999999855e+00 1.527920000000000122e+01 2.155300000000000082e+01
1.799999999999999822e+00 1.327520000000000167e+01 1.872616666666666418e+01
1.900000019999999790e+00 1.153400000000000070e+01 1.627001666666666679e+01
1.999999979999999900e+00 1.002120000000000033e+01 1.413601666666666468e+01
2.099999999999999645e+00 8.706799999999999429e+00 1.228191666666666571e+01
2.200000020000000056e+00 7.564810000000000478e+00 1.067101666666666659e+01
2.299999979999999944e+00 6.572600000000000442e+00 9.271383333333332644e+00
2.400000000000000355e+00 5.710530000000000328e+00 8.055350000000000676e+00
2.500000019999999878e+00 4.961529999999999774e+00 6.998800000000000132e+00
2.599999980000000210e+00 4.310770000000000657e+00 6.080833333333333535e+00
2.700000000000000178e+00 3.745369999999999866e+00 5.283266666666666111e+00
2.800000020000000145e+00 3.254120000000000346e+00 4.590300000000000047e+00
2.899999980000000033e+00 2.827310000000000212e+00 3.988233333333333519e+00
3.000000000000000000e+00 2.456469999999999931e+00 3.465133333333333177e+00
3.100000019999999967e+00 2.134279999999999955e+00 3.010633333333333272e+00
3.199999980000000299e+00 1.854350000000000165e+00 2.615766666666666573e+00
3.300000000000000266e+00 1.611130000000000173e+00 2.272683333333333167e+00
3.400000020000000234e+00 1.399810000000000221e+00 1.974583333333333135e+00
3.499999980000000122e+00 1.216210000000000235e+00 1.715600000000000014e+00
3.599999999999999645e+00 1.056690000000000129e+00 1.490580000000000016e+00
3.700000020000000056e+00 9.180930000000000479e-01 1.295073333333333521e+00
3.799999979999999944e+00 7.976750000000000229e-01 1.125210000000000043e+00
3.900000000000000355e+00 6.930510000000000836e-01 9.776266666666666438e-01
4.000000019999999878e+00 6.021499999999999631e-01 8.493999999999999329e-01
4.099999979999999766e+00 5.231709999999999416e-01 7.379916666666666014e-01
4.199999999999999289e+00 4.545520000000000116e-01 6.394516666666666405e-01
4.300000019999999701e+00 3.952809999999999935e-01 5.608333333333332948e-01
4.399999980000000477e+00 3.423849999999999949e-01 5.040449999999999653e-01
4.500000000000000000e+00 2.944720000000000115e-01 4.538966666666666150e-01
4.600000019999999523e+00 2.516059999999999963e-01 4.010850000000000248e-01
4.699999980000000299e+00 2.142550000000000010e-01 3.578866666666666307e-01
4.800000000000000711e+00 1.800280000000000213e-01 3.338016666666666632e-01
4.900000020000000234e+00 1.474950000000000150e-01 3.167400000000000215e-01
4.999999980000000122e+00 1.166800000000000059e-01 2.973816666666666553e-01
5.099999999999999645e+00 8.801830000000000764e-02 2.751283333333333081e-01
5.200000020000000056e+00 6.165469999999999978e-02 2.524683333333332946e-01
5.299999979999999944e+00 3.752470000000000111e-02 2.302833333333333399e-01
5.400000000000000355e+00 1.559810000000000189e-02 2.083816666666666595e-01
5.500000019999999878e+00 -4.151629999999999904e-03 1.870650000000000091e-01
5.599999979999999766e+00 -2.181480000000000224e-02 1.668533333333333535e-01
5.699999999999999289e+00 -3.752240000000000436e-02 1.480096666666666783e-01
5.800000019999999701e+00 -5.141670000000000962e-02 1.304181666666666684e-01
5.899999980000000477e+00 -6.360609999999999875e-02 1.138204999999999911e-01
6.000000000000000000e+00 -7.418080000000000507e-02 9.793666666666665799e-02
6.100000019999999523e+00 -8.319340000000000068e-02 8.255250000000000088e-02
6.199999980000000299e+00 -9.069130000000000247e-02 6.769616666666666838e-02
6.300000000000000711e+00 -9.673260000000000192e-02 5.372199999999999892e-02
6.400000020000000234e+00 -1.014359999999999984e-01 4.105749999999999678e-02
6.499999980000000122e+00 -1.049439999999999956e-01 2.985266666666666624e-02
6.600000000000000533e+00 -1.074060000000000015e-01 1.996516666666666578e-02
6.700000020000000944e+00 -1.089370000000000061e-01 1.120203333333333329e-02
6.799999979999999056e+00 -1.096470000000000083e-01 3.533816666666666703e-03
6.899999999999999467e+00 -1.096440000000000192e-01 -3.018533333333333051e-03
7.000000019999999878e+00 -1.090430000000000010e-01 -8.593216666666665324e-03
7.099999979999999766e+00 -1.079250000000000070e-01 -1.353786666666666715e-02
7.199999999999999289e+00 -1.063350000000000128e-01 -1.814016666666666902e-02
7.300000019999999701e+00 -1.042970000000000008e-01 -2.244066666666666779e-02
7.399999980000000477e+00 -1.018470000000000070e-01 -2.626333333333333298e-02
7.500000000000000000e+00 -9.904460000000001041e-02 -2.939483333333333184e-02
7.600000019999999523e+00 -9.596830000000000638e-02 -3.168816666666666310e-02
7.699999980000000299e+00 -9.270690000000000874e-02 -3.313433333333333508e-02
7.800000000000000711e+00 -8.934150000000000424e-02 -3.396099999999999813e-02
7.900000020000000234e+00 -8.591480000000001338e-02 -3.467800000000000049e-02
7.999999980000000122e+00 -8.240590000000000415e-02 -3.586033333333332740e-02
8.100000000000001421e+00 -7.874269999999999881e-02 -3.772516666666667073e-02
8.200000020000000944e+00 -7.486080000000000512e-02 -3.989699999999999497e-02
8.299999979999999056e+00 -7.076330000000000120e-02 -4.164166666666666711e-02
8.399999999999998579e+00 -6.653250000000000830e-02 -4.237650000000000444e-02
8.500000019999999878e+00 -6.228800000000000309e-02 -4.198516666666666369e-02
8.599999979999999766e+00 -5.813549999999999968e-02 -4.072250000000000175e-02
8.699999999999999289e+00 -5.414350000000000412e-02 -3.899016666666666603e-02
8.800000019999998813e+00 -5.033740000000000436e-02 -3.718500000000000277e-02
8.899999980000000477e+00 -4.670650000000000496e-02 -3.554866666666666591e-02
9.000000000000000000e+00 -4.322770000000000779e-02 -3.403549999999999631e-02
9.100000019999999523e+00 -3.989940000000000153e-02 -3.243283333333333435e-02
9.199999980000001187e+00 -3.674109999999999876e-02 -3.059966666666666391e-02
9.300000000000000711e+00 -3.377950000000000397e-02 -2.854849999999999749e-02
9.400000020000000234e+00 -3.103140000000000065e-02 -2.636616666666666622e-02
9.499999980000000122e+00 -2.850619999999999890e-02 -2.414050000000000223e-02
9.600000000000001421e+00 -2.620330000000000228e-02 -2.192783333333333043e-02
9.700000020000000944e+00 -2.412060000000000246e-02 -1.975599999999999926e-02
9.799999979999999056e+00 -2.225210000000000035e-02 -1.768150000000000277e-02
9.899999999999998579e+00 -2.058429999999999982e-02 -1.579286666666666547e-02
1.000000001999999988e+01 -1.909349999999999936e-02 -1.412535000000000006e-02
1.009999997999999977e+01 -1.775930000000000217e-02 -1.264063333333333150e-02
1.019999999999999929e+01 -1.656540000000000096e-02 -1.132976666666666611e-02
1.030000001999999881e+01 -1.549329999999999978e-02 -1.023791666666666600e-02
1.039999998000000048e+01 -1.451780000000000084e-02 -9.384466666666667345e-03
1.050000000000000000e+01 -1.361640000000000073e-02 -8.733849999999999600e-03
1.060000001999999952e+01 -1.277099999999999937e-02 -8.234933333333332994e-03
1.069999998000000119e+01 -1.196939999999999983e-02 -7.853716666666666485e-03
1.080000000000000071e+01 -1.120030000000000157e-02 -7.613433333333333337e-03
1.090000002000000023e+01 -1.044680000000000088e-02 -7.578633333333333576e-03
1.099999998000000012e+01 -9.684560000000001778e-03 -7.734999999999999688e-03
1.110000000000000142e+01 -8.899759999999999616e-03 -7.935416666666667007e-03
1.120000002000000094e+01 -8.097480000000000649e-03 -7.878316666666666107e-03
1.129999997999999906e+01 -7.324100000000000055e-03 -8.305049999999999585e-03
1.139999999999999858e+01 -6.436469999999999692e-03 -1.007109999999999950e-02
1.150000001999999988e+01 -5.309880000000000329e-03 -1.709883333333333394e-02
1.159999997999999977e+01 -3.016690000000000257e-03 -2.218416666666666801e-02
1.169999999999999929e+01 -8.730339999999999628e-04 -1.615226666666666477e-02
1.180000001999999881e+01 2.137610000000000020e-04 -4.446133333333333708e-03
1.189999998000000048e+01 1.619280000000000190e-05 1.068806666666666585e-03
1.200000000000000000e+01 0.000000000000000000e+00 -7.449516666666666309e-04
