0.000000000000000000e+00 4.319612989641754552e+01 1.201752749859389269e+01
1.000000000000000056e-01 4.199437714655815768e+01 1.201752749859392111e+01
2.000000000000000111e-01 4.079262439669876272e+01 1.201752749859392111e+01
3.000000000000000444e-01 3.959087164683937488e+01 1.201752749859389269e+01
4.000000000000000222e-01 3.838911889697998703e+01 1.201752749859392111e+01
5.000000000000000000e-01 3.718736614712059207e+01 1.201752749859392111e+01
6.000000000000000888e-01 3.598561339726119712e+01 1.201752749859392111e+01
6.999999999999999556e-01 3.478386064740180217e+01 1.201752749859392111e+01
8.000000000000000444e-01 3.358210789754241432e+01 1.201752749859392111e+01
8.999999999999999112e-01 3.238035514768301937e+01 1.201752749859389269e+01
1.000000000000000000e+00 3.117860239782363863e+01 1.201752749859389269e+01
1.099999999999999867e+00 2.997684964796424367e+01 1.201752749859394953e+01
1.200000000000000178e+00 2.877509689810484872e+01 1.201752749859392111e+01
1.300000000000000044e+00 2.757334414824545732e+01 1.201752749859389269e+01
1.399999999999999911e+00 2.637159139838606947e+01 1.201752749859392111e+01
1.500000000000000000e+00 2.516983864852667452e+01 1.201752749859392111e+01
1.600000000000000089e+00 2.396808589866728312e+01 1.201752749859389269e+01
1.699999999999999956e+00 2.276633314880789527e+01 1.201752749859392111e+01
1.799999999999999822e+00 2.156458039894850032e+01 1.201752749859392111e+01
1.899999999999999911e+00 2.036282764908911247e+01 1.201752749859389269e+01
2.000000000000000000e+00 1.916107489922972107e+01 1.201752749859392111e+01
2.099999999999999645e+00 1.795932214937032612e+01 1.201752749859392111e+01
2.199999999999999734e+00 1.675756939951093827e+01 1.201752749859389269e+01
2.299999999999999822e+00 1.555581664965154687e+01 1.201752749859392111e+01
2.400000000000000355e+00 1.435406389979215191e+01 1.201752749859393532e+01
2.500000000000000000e+00 1.315231114993276051e+01 1.201752749859392111e+01
2.600000000000000089e+00 1.195055840007336911e+01 1.201752749859391400e+01
2.700000000000000178e+00 1.074880565021397771e+01 1.201752749859390690e+01
2.799999999999999822e+00 9.547052900354586313e+00 1.201752749859391400e+01
2.899999999999999911e+00 8.345300150495194913e+00 1.201752749859391400e+01
3.000000000000000000e+00 7.143547400635803513e+00 6.876205370049468968e+00
3.099999999999999645e+00 6.970059076485300764e+00 5.979383422640864865e+00
3.200000000000000178e+00 5.947670716107630540e+00 1.039813815064529123e+01
3.300000000000000266e+00 4.890431446356242162e+00 1.007080796798882005e+01
3.399999999999999911e+00 3.933509122509866618e+00 8.758469917823504147e+00
3.500000000000000000e+00 3.138737462791541422e+00 7.281599858605343201e+00
3.599999999999999645e+00 2.477189150788797978e+00 6.034451330741807951e+00
3.700000000000000178e+00 1.931847196643179831e+00 4.991161399202743709e+00
3.799999999999999822e+00 1.478956870948249236e+00 4.112336493645535107e+00
3.900000000000000355e+00 1.109379897914072766e+00 3.370920293048984107e+00
4.000000000000000000e+00 8.047728123384523258e-01 2.784514590186672134e+00
4.099999999999999645e+00 5.524769798767382722e-01 2.326226280371458177e+00
4.199999999999999289e+00 3.395275562641607014e-01 1.944460894636318882e+00
4.299999999999999822e+00 1.635848009494745292e-01 1.657051786488672018e+00
4.399999999999999467e+00 8.117198966426267953e-03 1.428118863851323361e+00
4.500000000000000000e+00 -1.220389718207901403e-01 1.178224149293419787e+00
4.599999999999999645e+00 -2.275276308922576929e-01 8.959754116593915407e-01
4.700000000000000178e+00 -3.012340541526684623e-01 6.362073427336054632e-01
4.800000000000000711e+00 -3.547690994389787744e-01 4.614149771057365346e-01
4.900000000000000355e+00 -3.935170495738157803e-01 3.486153295125777873e-01
5.000000000000000000e+00 -4.244921653414943652e-01 2.568174023550158225e-01
5.099999999999999645e+00 -4.448805300448189226e-01 1.570974904296789099e-01
5.200000000000000178e+00 -4.559116634274301139e-01 8.594571397406758351e-02
5.299999999999999822e+00 -4.620696728396324615e-01 4.238575630296725905e-02
5.400000000000000355e+00 -4.643888146880235657e-01 2.240858791877275991e-02
5.500000000000000000e+00 -4.665513904233870024e-01 -1.799882509998917968e-02
5.599999999999999645e+00 -4.607890496680257519e-01 -1.090801844585023161e-01
5.699999999999999289e+00 -4.447353535316865281e-01 -1.799626446545739000e-01
5.799999999999999822e+00 -4.247965207371109386e-01 -2.036858396611007649e-01
5.899999999999999467e+00 -4.039981855994663751e-01 -2.085117555290221247e-01
6.000000000000000000e+00 -3.830941696313065470e-01 -2.185270706421857945e-01
6.099999999999999645e+00 -3.602927714710292273e-01 -2.236659827927647282e-01
6.199999999999999289e+00 -3.383609730727535903e-01 -2.390496694673105438e-01
6.300000000000000711e+00 -3.124828375775671185e-01 -2.530066923058487127e-01
6.400000000000000355e+00 -2.877596346115838255e-01 -2.367782144493766339e-01
6.500000000000000000e+00 -2.651271946876918029e-01 -2.298450224121282304e-01
6.600000000000000533e+00 -2.417906301291581905e-01 -2.474060122206573897e-01
6.700000000000000178e+00 -2.156459922435602916e-01 -2.563718294587993274e-01
6.799999999999999822e+00 -1.905162642373983140e-01 -2.336825219551035282e-01
6.899999999999999467e+00 -1.689094878525395915e-01 -1.926568253905674988e-01
7.000000000000000000e+00 -1.519848991592848142e-01 -1.622777150273041480e-01
7.099999999999999645e+00 -1.364539448470787619e-01 -1.514123127303701466e-01
7.199999999999999289e+00 -1.217024366132107849e-01 -1.446212314206211103e-01
7.299999999999998934e+00 -1.075296985629545371e-01 -1.302749594888860663e-01
7.400000000000000355e+00 -9.564744471543357163e-02 -1.059311379526608476e-01
7.500000000000000000e+00 -8.634347097242237035e-02 -8.974506874728060968e-02
7.599999999999999645e+00 -7.769843096597744969e-02 -7.972153121077074633e-02
7.699999999999999289e+00 -7.039916473026822108e-02 -7.106498509254399742e-02
7.800000000000000711e+00 -6.348543394746865298e-02 -5.681330987046701031e-02
7.900000000000000355e+00 -5.903650275617481485e-02 -4.432216368896463310e-02
8.000000000000000000e+00 -5.462100120967572359e-02 -3.636134589206591050e-02
8.100000000000001421e+00 -5.176423357776163692e-02 -2.865606398149234124e-02
8.199999999999999289e+00 -4.888978841337725950e-02 -2.128978209400403387e-02
8.300000000000000711e+00 -4.750627715896083014e-02 -1.876141244357487636e-02
8.399999999999998579e+00 -4.513750592466228562e-02 -1.998223142000876695e-02
8.500000000000000000e+00 -4.350983087495907675e-02 -1.437445662542088942e-02
8.599999999999999645e+00 -4.226261459957810634e-02 -1.224104980311260804e-02
8.699999999999999289e+00 -4.106162091433655098e-02 -9.250240782456703448e-03
8.799999999999998934e+00 -4.041256644308676566e-02 -7.967339233675235777e-03
8.900000000000000355e+00 -3.946815306760150660e-02 -1.077887487458997762e-02
9.000000000000000000e+00 -3.825679146816876597e-02 -1.867414591683136393e-02
9.099999999999999645e+00 -3.573332388423523104e-02 -2.401597057733872997e-02
9.199999999999999289e+00 -3.345359735270102275e-02 -2.372955750606167702e-02
9.300000000000000711e+00 -3.098741238302289702e-02 -2.430177884372353159e-02
9.400000000000000355e+00 -2.859324158395631574e-02 -2.304916903338080636e-02
9.500000000000000000e+00 -2.637757857634673297e-02 -2.258023179814890036e-02
9.600000000000001421e+00 -2.407719522432653567e-02 -2.540596599729022520e-02
9.699999999999999289e+00 -2.129638537688868793e-02 -2.884635085720353709e-02
9.800000000000000711e+00 -1.830792505288582686e-02 -2.533263083738146459e-02
9.899999999999998579e+00 -1.622985920941239640e-02 -1.855819206422792966e-02
1.000000000000000000e+01 -1.459628664004024128e-02 -1.580173578333461670e-02
1.009999999999999964e+01 -1.306951205274547306e-02 -1.368486922949482820e-02
1.019999999999999929e+01 -1.185931279414127563e-02 -9.957333059657222374e-03
1.029999999999999893e+01 -1.107804544081402755e-02 -5.200971351768189643e-03
1.040000000000000036e+01 -1.081911852378763736e-02 -2.845858837199670421e-03
1.050000000000000000e+01 -1.050887367337409450e-02 -2.684745324194735827e-03
1.059999999999999964e+01 -1.028216945894869054e-02 -2.271524740608460435e-03
1.069999999999999929e+01 -1.005456872525240138e-02 -2.618072137058606585e-03
1.080000000000000071e+01 -9.758555031536969571e-03 -4.533823742807870094e-03
1.090000000000000036e+01 -9.147803976690826663e-03 -6.255814203759084424e-03
1.100000000000000000e+01 -8.507392190785152339e-03 -6.686757144810887010e-03
1.109999999999999964e+01 -7.810452547728649608e-03 -8.109521503623567940e-03
1.119999999999999929e+01 -6.885487890060437710e-03 -1.012533400302883732e-02
1.130000000000000071e+01 -5.785385747122882318e-03 -1.136764911304994491e-02
1.139999999999999858e+01 -4.611958067450449075e-03 -1.109227924651874642e-02
1.150000000000000000e+01 -3.566929897819133208e-03 -9.553592428915338650e-03
1.159999999999999964e+01 -2.701239581667381172e-03 -1.659509849000702017e-02
1.169999999999999929e+01 -2.479101998177287184e-04 -1.339126986421938260e-02
1.179999999999999893e+01 -2.298560882350459883e-05 -1.231374428560749962e-03
1.190000000000000036e+01 -1.635314105578692551e-06 -1.149280441175229840e-04
1.200000000000000000e+01 0.000000000000000000e+00 -1.635314105578692466e-05
