0.000000000000000000e+00 7.715033320385323634e+01 1.899181195299127012e+01
1.000000000000000056e-01 7.525115200855411501e+01 1.899124221002750801e+01
2.000000000000000111e-01 7.335208476184773474e+01 1.899124221002756485e+01
3.000000000000000444e-01 7.145290356654859920e+01 1.899181195299127012e+01
4.000000000000000222e-01 6.955372237124947787e+01 1.899124221002750801e+01
5.000000000000000000e-01 6.765465512454309760e+01 1.899124221002750801e+01
6.000000000000000888e-01 6.575547392924397627e+01 1.899181195299121327e+01
6.999999999999999556e-01 6.385629273394485494e+01 1.899124221002750801e+01
8.000000000000000444e-01 6.195722548723847467e+01 1.899124221002750801e+01
8.999999999999999112e-01 6.005804429193935334e+01 1.899181195299121327e+01
1.000000000000000000e+00 5.815886309664023202e+01 1.899124221002745116e+01
1.099999999999999867e+00 5.625979584993385885e+01 1.899124221002750801e+01
1.200000000000000178e+00 5.436061465463473041e+01 1.899181195299127012e+01
1.300000000000000044e+00 5.246143345933560909e+01 1.899124221002750801e+01
1.399999999999999911e+00 5.056236621262922881e+01 1.899124221002747959e+01
1.500000000000000000e+00 4.866318501733010748e+01 1.899181195299121327e+01
1.600000000000000089e+00 4.676400382203098616e+01 1.899124221002750801e+01
1.699999999999999956e+00 4.486493657532460588e+01 1.899124221002750801e+01
1.799999999999999822e+00 4.296575538002548456e+01 1.899181195299121327e+01
1.899999999999999911e+00 4.106657418472636323e+01 1.899124221002750801e+01
2.000000000000000000e+00 3.916750693801998295e+01 1.899124221002750801e+01
2.099999999999999645e+00 3.726832574272086163e+01 1.899181195299129854e+01
2.199999999999999734e+00 3.536914454742172609e+01 1.899124221002750801e+01
2.299999999999999822e+00 3.347007730071536002e+01 1.899124221002747959e+01
2.400000000000000355e+00 3.157089610541622804e+01 1.899181195299127012e+01
2.500000000000000000e+00 2.967171491011710671e+01 1.899124221002750801e+01
2.600000000000000089e+00 2.777264766341072644e+01 1.899124221002750801e+01
2.700000000000000178e+00 2.587346646811160511e+01 1.899181195299121327e+01
2.799999999999999822e+00 2.397428527281248378e+01 1.899124221002750801e+01
2.899999999999999911e+00 2.207521802610610351e+01 1.899124221002750801e+01
3.000000000000000000e+00 2.017603683080698218e+01 1.899181195299122749e+01
3.099999999999999645e+00 1.827685563550785730e+01 1.899124221002749380e+01
3.200000000000000178e+00 1.637778838880148413e+01 1.899124221002753643e+01
3.300000000000000266e+00 1.447860719350235037e+01 1.899181195299127012e+01
3.399999999999999911e+00 1.257942599820322904e+01 1.899124221002747248e+01
3.500000000000000000e+00 1.068035875149685587e+01 1.899124221002747959e+01
3.599999999999999645e+00 8.781177556197732770e+00 1.899181195299122038e+01
3.700000000000000178e+00 6.881996360898611442e+00 2.212749222192114473e+01
3.799999999999999822e+00 4.355679111813503646e+00 2.163240539535967599e+01
3.900000000000000355e+00 2.555515281826676866e+00 1.105828804613421390e+01
4.000000000000000000e+00 2.144021502586661132e+00 4.157970746875950141e+00
4.099999999999999645e+00 1.723921132451486704e+00 4.117116471828459190e+00
4.199999999999999289e+00 1.320598208220969294e+00 3.745259492212890784e+00
4.299999999999999822e+00 9.748692340089084585e-01 3.193628970021988867e+00
4.399999999999999467e+00 6.818724142165715207e-01 2.675610591143922967e+00
4.500000000000000000e+00 4.397471157801238206e-01 2.313630161229714766e+00
4.599999999999999645e+00 2.191463819706284399e-01 2.016150816474029384e+00
4.700000000000000178e+00 3.651695248531790922e-02 1.675386984701792148e+00
4.800000000000000711e+00 -1.159310149697299758e-01 1.429128067729925844e+00
4.900000000000000355e+00 -2.493086610606672915e-01 1.217695433812854500e+00
5.000000000000000000e+00 -3.594701017323009284e-01 9.700729162050807375e-01
5.099999999999999645e+00 -4.433232443016834612e-01 7.674007880130597758e-01
5.200000000000000178e+00 -5.129502593349128947e-01 5.855708606782830117e-01
5.299999999999999822e+00 -5.604374164373400191e-01 4.044570611432716234e-01
5.400000000000000355e+00 -5.938416715635671528e-01 2.450800535698904881e-01
5.500000000000000000e+00 -6.094534271513181167e-01 1.014462702301273112e-01
5.599999999999999645e+00 -6.141309256095927038e-01 -3.543856368481712593e-02
5.699999999999999289e+00 -6.023657144143547137e-01 -1.617314512245973113e-01
5.799999999999999822e+00 -5.817846353646731750e-01 -2.395670596407653008e-01
5.899999999999999467e+00 -5.544523024862016980e-01 -3.317033142455345640e-01
6.000000000000000000e+00 -5.154439725155662844e-01 -4.106556748488134900e-01
6.099999999999999645e+00 -4.723211675164389334e-01 -4.378605006649261000e-01
6.199999999999999289e+00 -4.278718723825810644e-01 -4.809928801241503127e-01
6.300000000000000711e+00 -3.761225914916088708e-01 -4.847403919810318040e-01
6.400000000000000355e+00 -3.309237939863747258e-01 -4.532950169014300368e-01
6.500000000000000000e+00 -2.854635881113228857e-01 -4.486438584826555331e-01
6.600000000000000533e+00 -2.411950222898435747e-01 -4.282740143435642133e-01
6.700000000000000178e+00 -1.998087852426100319e-01 -4.013946924437680197e-01
6.799999999999999822e+00 -1.609160838010899874e-01 -3.748032751076546543e-01
6.899999999999999467e+00 -1.248481302210790872e-01 -3.733878831605877413e-01
7.000000000000000000e+00 -8.623850716897242530e-02 -3.384015819351651189e-01
7.099999999999999645e+00 -5.716781383404605926e-02 -2.953205070135055954e-01
7.199999999999999289e+00 -2.717440576627130552e-02 -2.991977179774929496e-01
7.299999999999998934e+00 2.671729761452538900e-03 -2.739031165632188625e-01
7.400000000000000355e+00 2.760621754637247738e-02 -2.091436179930327988e-01
7.500000000000000000e+00 4.450045336005910290e-02 -1.663681906144800771e-01
7.599999999999999645e+00 6.087985566926849140e-02 -1.413838368823559510e-01
7.699999999999999289e+00 7.277722073653029866e-02 -9.849157341095360341e-02
7.800000000000000711e+00 8.057817035145921347e-02 -5.996926990738066232e-02
7.900000000000000355e+00 8.477107471800643390e-02 -3.852433143271721816e-02
8.000000000000000000e+00 8.828303663800265988e-02 -2.879561359383508989e-02
8.100000000000001421e+00 9.053019743677344355e-02 -2.283731785414122584e-02
8.199999999999999289e+00 9.285050020883089950e-02 -1.940769570657308041e-03
8.300000000000000711e+00 9.091835135090491071e-02 4.499506846986101039e-02
8.399999999999998579e+00 8.385148651485870019e-02 1.146817371040465550e-01
8.500000000000000000e+00 6.798200393009559694e-02 1.294369904234103363e-01
8.599999999999999645e+00 5.796408843017663431e-02 1.188817860217691036e-01
8.699999999999999289e+00 4.420564672574177345e-02 1.389831783641010399e-01
8.799999999999998934e+00 3.016745275735642495e-02 1.623350301260077788e-01
8.900000000000000355e+00 1.173864070054021769e-02 1.695185415714865473e-01
9.000000000000000000e+00 -3.736255556940886596e-03 1.472562529347151428e-01
9.099999999999999645e+00 -1.771260988640281295e-02 1.355162908241854258e-01
9.199999999999999289e+00 -3.083951372177796968e-02 1.460928510531679103e-01
9.300000000000000711e+00 -4.693118009703639570e-02 1.654292056553516299e-01
9.400000000000000355e+00 -6.392535485284829566e-02 1.670469921820892378e-01
9.500000000000000000e+00 -8.034057853345424882e-02 1.283722175785589337e-01
9.600000000000001421e+00 -8.959979836856007962e-02 1.027123257357581698e-01
9.699999999999999289e+00 -1.008830436806058828e-01 1.047953712948705429e-01
9.800000000000000711e+00 -1.105588726275341938e-01 9.335715876404004909e-02
9.899999999999998579e+00 -1.195544754334138954e-01 5.591251339480773908e-02
1.000000000000000000e+01 -1.217413753064957443e-01 1.905051061606721774e-02
1.009999999999999964e+01 -1.233645775566273306e-01 6.321017585741994793e-05
1.019999999999999929e+01 -1.217540173416672283e-01 -1.866331976236923484e-02
1.029999999999999893e+01 -1.196319136041534836e-01 -1.614481528974087698e-02
1.040000000000000036e+01 -1.185250542837190529e-01 -2.433890177478870154e-02
1.050000000000000000e+01 -1.147641332491957517e-01 -4.672309979956734693e-02
1.059999999999999964e+01 -1.091804343238055863e-01 -4.551853226898838756e-02
1.069999999999999929e+01 -1.056604267953980686e-01 -3.707857659654356652e-02
1.080000000000000071e+01 -1.017647190044968647e-01 -5.349513607097255985e-02
1.090000000000000036e+01 -9.496139958120355939e-02 -1.002745236176328381e-01
1.100000000000000000e+01 -8.170981428097029431e-02 -1.227364465975913088e-01
1.109999999999999964e+01 -7.041411026168530041e-02 -1.234768386985672928e-01
1.119999999999999929e+01 -5.701444654125684131e-02 -1.336032344530654614e-01
1.130000000000000071e+01 -4.369346337107220257e-02 -1.238494659822593769e-01
1.139999999999999858e+01 -3.224455334480496455e-02 -1.155334167897224401e-01
1.150000000000000000e+01 -2.058678001312771316e-02 -1.062856463003692409e-01
1.159999999999999964e+01 -1.098742408473111186e-02 -1.009029735640300518e-01
1.169999999999999929e+01 -4.061853003217005473e-04 -5.550967700871203142e-02
1.179999999999999893e+01 1.145113170112954442e-04 -2.085589345580742514e-03
1.190000000000000036e+01 1.093256879444793245e-05 5.725565850564772212e-04
1.200000000000000000e+01 0.000000000000000000e+00 1.093256879444793109e-04
