0.000000000000000000e+00 1.716690000000000182e+01 5.197616666666666774e+00
1.000000000000000056e-01 1.664710000000000178e+01 5.197616666666666774e+00
2.000000000000000111e-01 1.612740000000000151e+01 5.197616666666666774e+00
3.000000000000000444e-01 1.560759999999999970e+01 5.197616666666666774e+00
4.000000000000000222e-01 1.508779999999999966e+01 5.197616666666666774e+00
5.000000000000000000e-01 1.456810000000000116e+01 5.197616666666666774e+00
6.000000000000000888e-01 1.404830000000000112e+01 5.197616666666666774e+00
6.999999999999999556e-01 1.352860000000000085e+01 5.197616666666666774e+00
8.000000000000000444e-01 1.300880000000000081e+01 5.197616666666666774e+00
8.999999999999999112e-01 1.248900000000000077e+01 5.197616666666666774e+00
1.000000000000000000e+00 1.196930000000000049e+01 5.197616666666666774e+00
1.099999999999999867e+00 1.144950000000000045e+01 5.197616666666666774e+00
1.200000000000000178e+00 1.092970000000000041e+01 5.197616666666666774e+00
1.300000000000000044e+00 1.041000000000000014e+01 5.197616666666666774e+00
1.399999999999999911e+00 9.890210000000001500e+00 5.197616666666666774e+00
1.500000000000000000e+00 9.370449999999999946e+00 5.197616666666666774e+00
1.600000000000000089e+00 8.850690000000000168e+00 5.197616666666666774e+00
1.699999999999999956e+00 8.330930000000000391e+00 5.197616666666666774e+00
1.799999999999999822e+00 7.811160000000000103e+00 5.197616666666666774e+00
1.899999999999999911e+00 7.291400000000000325e+00 5.197616666666666774e+00
2.000000000000000000e+00 6.771639999999999660e+00 5.197616666666666774e+00
2.099999999999999645e+00 6.251879999999999882e+00 5.197616666666666774e+00
2.199999999999999734e+00 5.732120000000000104e+00 5.197616666666666774e+00
2.299999999999999822e+00 5.212350000000000705e+00 5.197616666666666774e+00
2.400000000000000355e+00 4.692590000000000039e+00 5.197616666666666774e+00
2.500000000000000000e+00 4.172830000000000261e+00 5.197616666666666774e+00
2.600000000000000089e+00 3.653070000000000483e+00 5.197616666666666774e+00
2.700000000000000178e+00 3.133300000000000196e+00 5.197616666666666774e+00
2.799999999999999822e+00 2.613540000000000418e+00 5.197616666666666774e+00
2.899999999999999911e+00 2.093780000000000197e+00 5.197616666666666774e+00
3.000000000000000000e+00 1.574019999999999975e+00 4.355516666666666481e+00
3.099999999999999645e+00 1.222680000000000211e+00 3.149416666666666753e+00
3.200000000000000178e+00 9.441350000000000575e-01 2.554183333333333472e+00
3.300000000000000266e+00 7.118389999999999995e-01 2.137883333333333358e+00
3.399999999999999911e+00 5.165570000000000439e-01 1.788433333333333319e+00
3.500000000000000000e+00 3.541529999999999956e-01 1.473623333333333285e+00
3.599999999999999645e+00 2.218320000000000014e-01 1.187298333333333344e+00
3.700000000000000178e+00 1.166940000000000199e-01 9.308666666666666201e-01
3.799999999999999822e+00 3.565890000000000032e-02 7.071633333333333660e-01
3.900000000000000355e+00 -2.473900000000000057e-02 5.191250000000000586e-01
4.000000000000000000e+00 -6.816629999999999912e-02 3.666616666666666635e-01
4.099999999999999645e+00 -9.807120000000001114e-02 2.462149999999999894e-01
4.199999999999999289e+00 -1.174090000000000134e-01 1.522226666666666728e-01
4.299999999999999822e+00 -1.285160000000000191e-01 8.000883333333333458e-02
4.399999999999999467e+00 -1.334110000000000018e-01 2.548100000000000018e-02
4.500000000000000000e+00 -1.336120000000000085e-01 -1.376436666666666642e-02
4.599999999999999645e+00 -1.306580000000000241e-01 -3.875850000000000128e-02
4.700000000000000178e+00 -1.258599999999999997e-01 -5.125800000000000495e-02
4.800000000000000711e+00 -1.204070000000000001e-01 -5.430016666666667019e-02
4.900000000000000355e+00 -1.149999999999999911e-01 -5.081533333333333041e-02
5.000000000000000000e+00 -1.102440000000000087e-01 -4.319416666666666543e-02
5.099999999999999645e+00 -1.063609999999999972e-01 -3.291650000000000131e-02
5.200000000000000178e+00 -1.036600000000000021e-01 -2.096949999999999856e-02
5.299999999999999822e+00 -1.021679999999999949e-01 -8.746866666666665291e-03
5.400000000000000355e+00 -1.019110000000000016e-01 2.288466666666667034e-03
5.500000000000000000e+00 -1.026250000000000218e-01 1.065359999999999918e-02
5.599999999999999645e+00 -1.040419999999999956e-01 1.465444999999999942e-02
5.699999999999999289e+00 -1.055560000000000109e-01 1.306811666666666573e-02
5.799999999999999822e+00 -1.066550000000000137e-01 6.609099999999999697e-03
5.899999999999999467e+00 -1.068780000000000147e-01 -2.503583333333332921e-03
6.000000000000000000e+00 -1.061549999999999994e-01 -1.080899999999999916e-02
6.099999999999999645e+00 -1.047160000000000174e-01 -1.611516666666666653e-02
6.199999999999999289e+00 -1.029320000000000096e-01 -2.076083333333333253e-02
6.300000000000000711e+00 -1.005640000000000145e-01 -3.145133333333333114e-02
6.400000000000000355e+00 -9.664120000000001043e-02 -5.409649999999999875e-02
6.500000000000000000e+00 -8.974460000000000770e-02 -8.800116666666667198e-02
6.600000000000000533e+00 -7.904100000000000015e-02 -1.250588333333333135e-01
6.700000000000000178e+00 -6.473280000000000700e-02 -1.540378333333333183e-01
6.799999999999999822e+00 -4.823350000000000554e-02 -1.652615000000000056e-01
6.899999999999999467e+00 -3.168050000000000033e-02 -1.547838333333333150e-01
7.000000000000000000e+00 -1.727670000000000247e-02 -1.269416666666666749e-01
7.099999999999999645e+00 -6.292200000000001264e-03 -9.151866666666666483e-02
7.199999999999999289e+00 1.027040000000000114e-03 -5.754383333333333572e-02
7.299999999999998934e+00 5.216580000000000175e-03 -3.000266666666666707e-02
7.400000000000000355e+00 7.027570000000000344e-03 -9.410850000000000118e-03
7.500000000000000000e+00 7.098750000000000025e-03 5.872800000000000069e-03
7.599999999999999645e+00 5.853010000000000504e-03 1.616881666666666537e-02
7.699999999999999289e+00 3.864990000000000439e-03 2.028883333333333233e-02
7.800000000000000711e+00 1.795240000000000030e-03 1.878916666666666929e-02
7.900000000000000355e+00 1.071520000000000068e-04 1.466624999999999873e-02
8.000000000000000000e+00 -1.138010000000000063e-03 1.123624999999999971e-02
8.100000000000001421e+00 -2.140100000000000249e-03 9.926899999999998919e-03
8.199999999999999289e+00 -3.123390000000000194e-03 1.034189999999999936e-02
8.300000000000000711e+00 -4.208479999999999686e-03 1.157489999999999908e-02
8.399999999999998579e+00 -5.438370000000000530e-03 1.290083333333333360e-02
8.500000000000000000e+00 -6.788650000000000240e-03 1.355581666666666636e-02
8.599999999999999645e+00 -8.149530000000000315e-03 1.263331666666666665e-02
8.699999999999999289e+00 -9.315310000000000257e-03 9.988549999999998819e-03
8.799999999999998934e+00 -1.014720000000000205e-02 6.499066666666666707e-03
8.900000000000000355e+00 -1.061510000000000058e-02 3.359916666666666434e-03
9.000000000000000000e+00 -1.081920000000000104e-02 1.090801666666666499e-03
9.099999999999999645e+00 -1.083330000000000057e-02 -5.020166666666666267e-04
9.199999999999999289e+00 -1.071880000000000055e-02 -1.982883333333333113e-03
9.300000000000000711e+00 -1.043670000000000014e-02 -3.835516666666666501e-03
9.400000000000000355e+00 -9.951720000000000704e-03 -6.002750000000000273e-03
9.500000000000000000e+00 -9.236160000000000203e-03 -7.936800000000000799e-03
9.600000000000001421e+00 -8.364359999999999504e-03 -9.321499999999999925e-03
9.699999999999999289e+00 -7.371860000000000045e-03 -1.022636666666666520e-02
9.800000000000000711e+00 -6.319089999999999430e-03 -1.074834999999999853e-02
9.899999999999998579e+00 -5.222190000000000686e-03 -1.105129999999999828e-02
1.000000000000000000e+01 -4.108829999999999948e-03 -1.124793333333333305e-02
1.009999999999999964e+01 -2.972600000000000155e-03 -1.124409999999999993e-02
1.019999999999999929e+01 -1.860010000000000266e-03 -1.066480000000000032e-02
1.029999999999999893e+01 -8.396420000000000359e-04 -9.313983333333332795e-03
1.040000000000000036e+01 2.784740000000000040e-06 -7.301399999999999557e-03
1.050000000000000000e+01 6.206370000000000550e-04 -4.960116666666666840e-03
1.059999999999999964e+01 9.948070000000001131e-04 -2.655983333333333373e-03
1.069999999999999929e+01 1.151830000000000171e-03 -7.339916666666666681e-04
1.080000000000000071e+01 1.141610000000000151e-03 6.381516666666666370e-04
1.090000000000000036e+01 1.024200000000000067e-03 1.393856666666666490e-03
1.100000000000000000e+01 8.628340000000000402e-04 1.609593333333333249e-03
1.109999999999999964e+01 7.022830000000000522e-04 1.496798333333333297e-03
1.119999999999999929e+01 5.634750000000000219e-04 1.279474999999999970e-03
1.130000000000000071e+01 4.463880000000000365e-04 1.062798333333333373e-03
1.139999999999999858e+01 3.509150000000000377e-04 8.645033333333332392e-04
1.150000000000000000e+01 2.734880000000000080e-04 6.849999999999999535e-04
1.159999999999999964e+01 2.139149999999999873e-04 1.489053333333333323e-03
1.169999999999999929e+01 -2.432300000000000073e-05 1.102881666666666750e-03
1.179999999999999893e+01 -6.661430000000000695e-06 -1.186218333333333299e-04
1.190000000000000036e+01 -5.986550000000001153e-07 -3.330716666666666510e-05
1.200000000000000000e+01 0.000000000000000000e+00 -5.986550000000000306e-06
