0.000000000000000000e+00 3.572355503807568766e+01 9.106994382972516178e+00
1.000000000000000056e-01 3.481285559977843747e+01 9.106994382972459334e+00
2.000000000000000111e-01 3.390215616148119437e+01 9.106994382972459334e+00
3.000000000000000444e-01 3.299145672318394418e+01 9.106994382972487756e+00
4.000000000000000222e-01 3.208075728488670109e+01 9.106994382972487756e+00
5.000000000000000000e-01 3.117005784658944734e+01 9.106994382972487756e+00
6.000000000000000888e-01 3.025935840829220069e+01 9.106994382972487756e+00
6.999999999999999556e-01 2.934865896999495050e+01 9.106994382972487756e+00
8.000000000000000444e-01 2.843795953169770385e+01 9.106994382972487756e+00
8.999999999999999112e-01 2.752726009340045366e+01 9.106994382972459334e+00
1.000000000000000000e+00 2.661656065510321412e+01 9.106994382972459334e+00
1.099999999999999867e+00 2.570586121680596037e+01 9.106994382972501967e+00
1.200000000000000178e+00 2.479516177850871372e+01 9.106994382972473545e+00
1.300000000000000044e+00 2.388446234021146708e+01 9.106994382972473545e+00
1.399999999999999911e+00 2.297376290191421688e+01 9.106994382972487756e+00
1.500000000000000000e+00 2.206306346361697024e+01 9.106994382972473545e+00
1.600000000000000089e+00 2.115236402531972359e+01 9.106994382972473545e+00
1.699999999999999956e+00 2.024166458702247340e+01 9.106994382972487756e+00
1.799999999999999822e+00 1.933096514872522675e+01 9.106994382972473545e+00
1.899999999999999911e+00 1.842026571042798011e+01 9.106994382972473545e+00
2.000000000000000000e+00 1.750956627213072991e+01 9.106994382972487756e+00
2.099999999999999645e+00 1.659886683383347972e+01 9.106994382972487756e+00
2.199999999999999734e+00 1.568816739553623307e+01 9.106994382972473545e+00
2.299999999999999822e+00 1.477746795723898643e+01 9.106994382972487756e+00
2.400000000000000355e+00 1.386676851894173446e+01 9.106994382972501967e+00
2.500000000000000000e+00 1.295606908064448604e+01 9.106994382972473545e+00
2.600000000000000089e+00 1.204536964234723939e+01 9.106994382972473545e+00
2.700000000000000178e+00 1.113467020404999097e+01 9.106994382972480651e+00
2.799999999999999822e+00 1.022397076575274433e+01 9.106994382972473545e+00
2.899999999999999911e+00 9.313271327455495907e+00 9.106994382972480651e+00
3.000000000000000000e+00 8.402571889158247487e+00 9.106994382972466440e+00
3.099999999999999645e+00 7.491872450861002619e+00 9.106994382972473545e+00
3.200000000000000178e+00 6.581173012563752422e+00 9.106994382972509072e+00
3.300000000000000266e+00 5.670473574266501338e+00 9.106994382972480651e+00
3.399999999999999911e+00 4.759774135969256470e+00 9.106994382972477098e+00
3.500000000000000000e+00 3.849074697672005385e+00 9.106994382972478874e+00
3.599999999999999645e+00 2.938375259374760518e+00 7.723875004290178481e+00
3.700000000000000178e+00 2.304299696813969955e+00 5.750769986144007362e+00
3.799999999999999822e+00 1.788221262145959223e+00 4.713385227930729116e+00
3.900000000000000355e+00 1.361622651227823999e+00 3.901877401225029907e+00
4.000000000000000000e+00 1.007845781900953197e+00 3.235216024419810044e+00
4.099999999999999645e+00 7.145794463438618349e-01 2.678277785880403439e+00
4.199999999999999289e+00 4.721902247248723761e-01 2.207998814547980970e+00
4.299999999999999822e+00 2.729796834342655409e-01 1.807577686139738127e+00
4.399999999999999467e+00 1.106746874969247313e-01 1.465632997869950049e+00
4.500000000000000000e+00 -2.014691613972448628e-02 1.173204689354850228e+00
4.599999999999999645e+00 -1.239662503740453225e-01 9.239848607383428503e-01
4.700000000000000178e+00 -2.049438882873930723e-01 7.141909575154435919e-01
4.800000000000000711e+00 -2.668044418771340354e-01 5.400545479069280841e-01
4.900000000000000355e+00 -3.129547978687787224e-01 3.963625810368556213e-01
5.000000000000000000e+00 -3.460769580845051707e-01 2.769907285240427175e-01
5.099999999999999645e+00 -3.683529435735872770e-01 1.765185766180819016e-01
5.200000000000000178e+00 -3.813806734081215399e-01 9.106029900411560796e-02
5.299999999999999822e+00 -3.865650033744103542e-01 1.810081048370393297e-02
5.400000000000000355e+00 -3.850008355048623598e-01 -4.407190569039309835e-02
5.500000000000000000e+00 -3.777506222363317678e-01 -9.585374279771663453e-02
5.599999999999999645e+00 -3.658300869453190440e-01 -1.375486969989674346e-01
5.699999999999999289e+00 -3.502408828365382587e-01 -1.689860578790214340e-01
5.799999999999999822e+00 -3.320328753695147572e-01 -1.899751480696616479e-01
5.899999999999999467e+00 -3.122458532226059513e-01 -2.019065609286427865e-01
6.000000000000000000e+00 -2.916515631837861555e-01 -2.077288754894279776e-01
6.099999999999999645e+00 -2.707000781247203558e-01 -2.087812194355525008e-01
6.199999999999999289e+00 -2.498953192966756609e-01 -2.060608802534875661e-01
6.300000000000000711e+00 -2.294879020740228093e-01 -2.014125186137976087e-01
6.400000000000000355e+00 -2.096128155739161447e-01 -1.958326234500237240e-01
6.500000000000000000e+00 -1.903213773840180811e-01 -1.884782541052404392e-01
6.600000000000000533e+00 -1.719171647528680569e-01 -1.782979828264206201e-01
6.700000000000000178e+00 -1.546617808187339405e-01 -1.654649634781610867e-01
6.799999999999999822e+00 -1.388241720572358229e-01 -1.512472998087702747e-01
6.899999999999999467e+00 -1.244123208569798966e-01 -1.374751699223417667e-01
7.000000000000000000e+00 -1.113291380727674806e-01 -1.253618563571880506e-01
7.099999999999999645e+00 -9.933994958554227817e-02 -1.149412822136300916e-01
7.199999999999999289e+00 -8.834088163004145955e-02 -1.054209285273641772e-01
7.299999999999998934e+00 -7.825576388006943995e-02 -9.650357298726741639e-02
7.400000000000000355e+00 -6.904016703258797349e-02 -8.807163584742022655e-02
7.500000000000000000e+00 -6.064143671058539603e-02 -8.012282387584362953e-02
7.599999999999999645e+00 -5.301560225741924759e-02 -7.271849744245253988e-02
7.699999999999999289e+00 -4.609773722209489083e-02 -6.542512542859504898e-02
7.800000000000000711e+00 -3.993057717170023918e-02 -5.700319528250424872e-02
7.900000000000000355e+00 -3.469709816559404109e-02 -4.666423481348655478e-02
8.000000000000000000e+00 -3.059773020900292961e-02 -3.529434872627601472e-02
8.100000000000001421e+00 -2.763822842033883398e-02 -2.499044149681048377e-02
8.199999999999999289e+00 -2.559964190964083078e-02 -1.771171130084281398e-02
8.300000000000000711e+00 -2.409588616017027327e-02 -1.386143567627041995e-02
8.399999999999998579e+00 -2.282735477438674679e-02 -1.235185527816930195e-02
8.500000000000000000e+00 -2.162551510453641218e-02 -1.176215365804759994e-02
8.599999999999999645e+00 -2.047492404277722819e-02 -1.126623836157429615e-02
8.699999999999999289e+00 -1.937226743222155226e-02 -1.034176858693273970e-02
8.799999999999998934e+00 -1.840657032539068025e-02 -8.749034744817155151e-03
8.900000000000000355e+00 -1.762246048325812053e-02 -6.809100816827590164e-03
9.000000000000000000e+00 -1.704475016202516152e-02 -5.305419952435178055e-03
9.099999999999999645e+00 -1.656137649277108700e-02 -4.722434717021495310e-03
9.199999999999999289e+00 -1.610026321862086107e-02 -5.287489790871777173e-03
9.300000000000000711e+00 -1.550387853459673018e-02 -7.059230685201103861e-03
9.400000000000000355e+00 -1.468841708158064030e-02 -9.493445765104260858e-03
9.500000000000000000e+00 -1.360518938157587870e-02 -1.163693399134343998e-02
9.600000000000001421e+00 -1.236103028331195230e-02 -1.276993286643528930e-02
9.699999999999999289e+00 -1.105120280828882084e-02 -1.278347107095784141e-02
9.800000000000000711e+00 -9.804336069120385064e-03 -1.197906553159856086e-02
9.899999999999998579e+00 -8.655389701969107286e-03 -1.097946392589879694e-02
1.000000000000000000e+01 -7.608443283940624809e-03 -1.023708572713900866e-02
1.009999999999999964e+01 -6.607972556541306247e-03 -9.795417792819376829e-03
1.019999999999999929e+01 -5.649359725376749616e-03 -9.428216518595277512e-03
1.029999999999999893e+01 -4.722329252822250051e-03 -9.078290507588519104e-03
1.040000000000000036e+01 -3.833701623859045709e-03 -8.702637646240176869e-03
1.050000000000000000e+01 -2.981801723574214937e-03 -8.215882923688761635e-03
1.059999999999999964e+01 -2.190525039121293035e-03 -7.474751706785942237e-03
1.069999999999999929e+01 -1.486851382217026230e-03 -6.464083672901022037e-03
1.080000000000000071e+01 -8.977083045410887358e-04 -5.246908646139978108e-03
1.090000000000000036e+01 -4.374696529890308031e-04 -4.002822708005096888e-03
1.100000000000000000e+01 -9.714376294006927680e-05 -2.898030774290251931e-03
1.109999999999999964e+01 1.421365018690196047e-04 -1.977066280625979465e-03
1.119999999999999929e+01 2.982694931851266758e-04 -1.202652070836996226e-03
1.130000000000000071e+01 3.826669160364188499e-04 -5.891098767845429594e-04
1.139999999999999858e+01 4.160914685420352460e-04 -1.743203648232561839e-04
1.150000000000000000e+01 4.175309890010701084e-04 8.860954725003035784e-05
1.159999999999999964e+01 3.983695590920291636e-04 3.970174691048987490e-04
1.169999999999999929e+01 3.381274951800903694e-04 1.649382116449456866e-03
1.179999999999999893e+01 6.849313580213777408e-05 1.658282654929199270e-03
1.190000000000000036e+01 6.470964194250483620e-06 3.424656790106888433e-04
1.200000000000000000e+01 0.000000000000000000e+00 6.470964194250482943e-05
