0.000000000000000000e+00 6.522504112767785500e+01 1.801701482874216254e+01
1.000000000000000056e-01 6.342333964480364017e+01 1.801701482874216254e+01
2.000000000000000111e-01 6.162163816192942534e+01 1.801701482874216254e+01
3.000000000000000444e-01 5.981993667905521050e+01 1.801701482874216254e+01
4.000000000000000222e-01 5.801823519618099567e+01 1.801701482874216254e+01
5.000000000000000000e-01 5.621653371330677373e+01 1.801701482874221938e+01
6.000000000000000888e-01 5.441483223043255180e+01 1.801701482874221938e+01
6.999999999999999556e-01 5.261313074755832986e+01 1.801701482874216254e+01
8.000000000000000444e-01 5.081142926468411503e+01 1.801701482874219096e+01
8.999999999999999112e-01 4.900972778180989309e+01 1.801701482874219096e+01
1.000000000000000000e+00 4.720802629893567826e+01 1.801701482874219096e+01
1.099999999999999867e+00 4.540632481606145632e+01 1.801701482874221938e+01
1.200000000000000178e+00 4.360462333318723438e+01 1.801701482874219096e+01
1.300000000000000044e+00 4.180292185031301955e+01 1.801701482874219096e+01
1.399999999999999911e+00 4.000122036743879761e+01 1.801701482874219096e+01
1.500000000000000000e+00 3.819951888456457567e+01 1.801701482874219096e+01
1.600000000000000089e+00 3.639781740169035373e+01 1.801701482874219096e+01
1.699999999999999956e+00 3.459611591881613890e+01 1.801701482874219096e+01
1.799999999999999822e+00 3.279441443594191696e+01 1.801701482874219096e+01
1.899999999999999911e+00 3.099271295306770213e+01 1.801701482874219096e+01
2.000000000000000000e+00 2.919101147019348019e+01 1.801701482874219096e+01
2.099999999999999645e+00 2.738930998731926536e+01 1.801701482874219096e+01
2.199999999999999734e+00 2.558760850444504342e+01 1.801701482874219096e+01
2.299999999999999822e+00 2.378590702157082504e+01 1.801701482874221938e+01
2.400000000000000355e+00 2.198420553869659955e+01 1.801701482874221938e+01
2.500000000000000000e+00 2.018250405582238116e+01 1.801701482874217675e+01
2.600000000000000089e+00 1.838080257294816278e+01 1.801701482874219096e+01
2.700000000000000178e+00 1.657910109007394439e+01 1.801701482874219096e+01
2.799999999999999822e+00 1.477739960719972423e+01 1.801701482874219096e+01
2.899999999999999911e+00 1.297569812432550407e+01 1.801701482874219096e+01
3.000000000000000000e+00 1.117399664145128568e+01 1.801701482874215543e+01
3.099999999999999645e+00 9.372295158577072627e+00 1.801701482874218385e+01
3.200000000000000178e+00 7.570593675702848913e+00 1.034508041467211115e+01
3.300000000000000266e+00 7.303279075642651108e+00 5.067493450791609177e+00
3.399999999999999911e+00 6.557094985544527077e+00 1.047341397516372652e+01
3.500000000000000000e+00 5.208596280609905982e+00 1.215958159823755125e+01
3.599999999999999645e+00 4.125178665897016650e+00 9.822983419425675322e+00
3.700000000000000178e+00 3.243999596724770562e+00 8.168540797140771303e+00
3.799999999999999822e+00 2.491470506468862034e+00 6.908339108293056086e+00
3.900000000000000355e+00 1.862331775066159212e+00 5.668591143280861999e+00
4.000000000000000000e+00 1.357752277812689590e+00 4.547758362976711766e+00
4.099999999999999645e+00 9.527801024708169031e-01 3.665902117947590355e+00
4.199999999999999289e+00 6.245718542231714077e-01 2.986838004216679554e+00
4.299999999999999822e+00 3.554125016274809479e-01 2.461506092279804214e+00
4.399999999999999467e+00 1.322706357672105149e-01 2.032760905079273428e+00
4.500000000000000000e+00 -5.113967938837376409e-02 1.611462977721728196e+00
4.599999999999999645e+00 -1.900219597771351521e-01 1.232755504159357862e+00
4.700000000000000178e+00 -2.976907802202453102e-01 9.248196270277748710e-01
4.800000000000000711e+00 -3.749858851826901596e-01 6.474230896940185165e-01
4.900000000000000355e+00 -4.271753981590490357e-01 4.134044327163843846e-01
5.000000000000000000e+00 -4.576667717259670365e-01 2.621334080607313766e-01
5.099999999999999645e+00 -4.796020797711952888e-01 1.441126803632117870e-01
5.200000000000000178e+00 -4.864893077986093828e-01 1.892995888571791241e-02
5.299999999999999822e+00 -4.833880715483389046e-01 -7.206812820620012161e-02
5.400000000000000355e+00 -4.720756821573693363e-01 -1.235502044104368480e-01
5.500000000000000000e+00 -4.586780306662515128e-01 -1.550347988486198147e-01
5.599999999999999645e+00 -4.410687223876453844e-01 -1.739659071566377335e-01
5.699999999999999289e+00 -4.238848492349239772e-01 -1.803679146375700704e-01
5.799999999999999822e+00 -4.049951394601313814e-01 -2.070593032193017713e-01
5.899999999999999467e+00 -3.824729885910636007e-01 -2.329173254638581270e-01
6.000000000000000000e+00 -3.584116743673597671e-01 -2.361836577934355308e-01
6.099999999999999645e+00 -3.352362570323765278e-01 -2.255467175603718122e-01
6.199999999999999289e+00 -3.133023308552853603e-01 -2.281866023101135621e-01
6.300000000000000711e+00 -2.895989365703537932e-01 -2.433198792070372374e-01
6.400000000000000355e+00 -2.646383550138779461e-01 -2.463390113129111381e-01
6.500000000000000000e+00 -2.403311343077715601e-01 -2.474489238058203977e-01
6.600000000000000533e+00 -2.151485702527138333e-01 -2.450154127750123756e-01
6.700000000000000178e+00 -1.913280517527690960e-01 -2.380648731053274236e-01
6.799999999999999822e+00 -1.675355956316483541e-01 -2.262797746011564470e-01
6.899999999999999467e+00 -1.460720968325378011e-01 -2.178818377041409349e-01
7.000000000000000000e+00 -1.239592280908201616e-01 -2.138333474875272477e-01
7.099999999999999645e+00 -1.033054273350323404e-01 -1.968478082574625088e-01
7.199999999999999289e+00 -8.458966643932766538e-02 -1.729884014809432435e-01
7.299999999999998934e+00 -6.870774703884369172e-02 -1.536356311630749927e-01
7.400000000000000355e+00 -5.386254020671266129e-02 -1.405014765460637638e-01
7.500000000000000000e+00 -4.060745172963094174e-02 -1.191643149560244752e-01
7.599999999999999645e+00 -3.002967721550776903e-02 -9.767028274615109640e-02
7.699999999999999289e+00 -2.107339518040072038e-02 -8.346617499259943729e-02
7.800000000000000711e+00 -1.333644221698787949e-02 -6.969697838487580455e-02
7.900000000000000355e+00 -7.133999503425559295e-03 -5.854338544336715189e-02
8.000000000000000000e+00 -1.627765128314448461e-03 -4.198798013179534661e-02
8.100000000000001421e+00 1.263596522933509939e-03 -1.570891172128498908e-02
8.199999999999999289e+00 1.514017215942549096e-03 1.277892421640114407e-03
8.300000000000000711e+00 1.008018038605486928e-03 8.058469993900982745e-04
8.399999999999998579e+00 1.352847816064529441e-03 8.297306635836606409e-03
8.500000000000000000e+00 -6.514432885618342889e-04 2.914901992038866976e-02
8.599999999999999645e+00 -4.476956168013204729e-03 3.610254735373091828e-02
8.699999999999999289e+00 -7.871952759308019007e-03 2.900736890938439283e-02
8.799999999999998934e+00 -1.027842994989008364e-02 2.653021664429901227e-02
8.900000000000000355e+00 -1.317799608816782111e-02 2.936106324664619627e-02
9.000000000000000000e+00 -1.615064259921932324e-02 2.867654824086351972e-02
9.099999999999999645e+00 -1.891330573634052506e-02 2.781668338029109899e-02
9.199999999999999289e+00 -2.171397927527754512e-02 2.315472978155037886e-02
9.300000000000000711e+00 -2.354425169265060222e-02 1.292203833086859321e-02
9.400000000000000355e+00 -2.429838694145126238e-02 3.921497862627604247e-03
9.500000000000000000e+00 -2.432855126517612099e-02 -8.872782907018983423e-04
9.600000000000001421e+00 -2.412093128331088340e-02 -6.760268495900903507e-03
9.699999999999999289e+00 -2.297649756599594306e-02 -1.196327160822255320e-02
9.800000000000000711e+00 -2.172827696166637276e-02 -1.248850742972165695e-02
9.899999999999998579e+00 -2.047879608005161167e-02 -1.469180309900439130e-02
1.000000000000000000e+01 -1.878991634186549450e-02 -1.951415260413109920e-02
1.009999999999999964e+01 -1.657596555922538975e-02 -2.042245044137640242e-02
1.019999999999999929e+01 -1.470542625359021194e-02 -1.805741406745366151e-02
1.029999999999999893e+01 -1.296448274573465745e-02 -1.741255677524446849e-02
1.040000000000000036e+01 -1.122291489854131824e-02 -1.455231222102230937e-02
1.050000000000000000e+01 -1.005402030153019523e-02 -8.669051624325782579e-03
1.059999999999999964e+01 -9.489104573676162072e-03 -5.427335757559943741e-03
1.069999999999999929e+01 -8.968553150018206827e-03 -6.603872403268484792e-03
1.080000000000000071e+01 -8.168330093022464419e-03 -5.946602575201707930e-03
1.090000000000000036e+01 -7.779232634977865067e-03 -5.523146577643509025e-03
1.100000000000000000e+01 -7.063700777493762961e-03 -8.384975162708200452e-03
1.109999999999999964e+01 -6.102237602436224977e-03 -8.281916291486203507e-03
1.119999999999999929e+01 -5.407317519196522607e-03 -5.944635498053813666e-03
1.130000000000000071e+01 -4.913310502825462417e-03 -6.353067396532661310e-03
1.139999999999999858e+01 -4.136704039889990345e-03 -8.679671915025360951e-03
1.150000000000000000e+01 -3.177376119820389706e-03 -9.223261325571698033e-03
1.159999999999999964e+01 -2.292051774775650565e-03 -1.461631658752560181e-02
1.169999999999999929e+01 -2.541128023152690947e-04 -1.133143837322537865e-02
1.179999999999999893e+01 -2.576410013057456002e-05 -1.261065341593918965e-03
1.190000000000000036e+01 -1.899733996485272661e-06 -1.288205006528727865e-04
1.200000000000000000e+01 0.000000000000000000e+00 -1.899733996485272492e-05
