0.000000000000000000e+00 1.178232628673339910e+01 3.190135408668240302e+00
1.000000000000000056e-01 1.146331274586657401e+01 3.190135408668233197e+00
2.000000000000000111e-01 1.114429920499975246e+01 3.190135408668240302e+00
3.000000000000000444e-01 1.082528566413292737e+01 3.190135408668240302e+00
4.000000000000000222e-01 1.050627212326610405e+01 3.190135408668233197e+00
5.000000000000000000e-01 1.018725858239928073e+01 3.190135408668240302e+00
6.000000000000000888e-01 9.868245041532455630e+00 3.190135408668240302e+00
6.999999999999999556e-01 9.549231500665632311e+00 3.190135408668233197e+00
8.000000000000000444e-01 9.230217959798808991e+00 3.190135408668233197e+00
8.999999999999999112e-01 8.911204418931985671e+00 3.190135408668240302e+00
1.000000000000000000e+00 8.592190878065160575e+00 3.190135408668240302e+00
1.099999999999999867e+00 8.273177337198337256e+00 3.190135408668240302e+00
1.200000000000000178e+00 7.954163796331513048e+00 3.190135408668233197e+00
1.300000000000000044e+00 7.635150255464690616e+00 3.190135408668233197e+00
1.399999999999999911e+00 7.316136714597866408e+00 3.190135408668240302e+00
1.500000000000000000e+00 6.997123173731042201e+00 3.190135408668240302e+00
1.600000000000000089e+00 6.678109632864217993e+00 3.190135408668240302e+00
1.699999999999999956e+00 6.359096091997393785e+00 3.190135408668236749e+00
1.799999999999999822e+00 6.040082551130570465e+00 3.190135408668236749e+00
1.899999999999999911e+00 5.721069010263747145e+00 3.190135408668240302e+00
2.000000000000000000e+00 5.402055469396922938e+00 3.190135408668236749e+00
2.099999999999999645e+00 5.083041928530099618e+00 3.190135408668236749e+00
2.199999999999999734e+00 4.764028387663275410e+00 3.190135408668236749e+00
2.299999999999999822e+00 4.445014846796452090e+00 3.190135408668240302e+00
2.400000000000000355e+00 4.126001305929626994e+00 3.190135408668240302e+00
2.500000000000000000e+00 3.806987765062803675e+00 3.190135408668236749e+00
2.600000000000000089e+00 3.487974224195979911e+00 3.190135408668236749e+00
2.700000000000000178e+00 3.168960683329156591e+00 3.190135408668236749e+00
2.799999999999999822e+00 2.849947142462332383e+00 3.190135408668236749e+00
2.899999999999999911e+00 2.530933601595509064e+00 3.190135408668236749e+00
3.000000000000000000e+00 2.211920060728684856e+00 3.190135408668233197e+00
3.099999999999999645e+00 1.892906519861862424e+00 3.190135408668235861e+00
3.200000000000000178e+00 1.573892978995037772e+00 3.190135408668246519e+00
3.300000000000000266e+00 1.254879438128213121e+00 3.190135408668236749e+00
3.399999999999999911e+00 9.358658972613904670e-01 3.190135408668236749e+00
3.500000000000000000e+00 6.168523563945657040e-01 2.679083529389783003e+00
3.599999999999999645e+00 4.000491913834338664e-01 1.908806145164755108e+00
3.700000000000000178e+00 2.350911273616146657e-01 1.477691072950880313e+00
3.799999999999999822e+00 1.045109767932577705e-01 1.179975480319303660e+00
3.900000000000000355e+00 -9.039687022460740108e-04 9.558155307165520087e-01
4.000000000000000000e+00 -8.665212935005267569e-02 7.768305863302729097e-01
4.099999999999999645e+00 -1.562700859683006371e-01 6.257243507689556061e-01
4.199999999999999289e+00 -2.117969995038437858e-01 4.934216439626580852e-01
4.299999999999999822e+00 -2.549544147608322486e-01 3.764953127244761166e-01
4.399999999999999467e+00 -2.870960620487389980e-01 2.741513783617754996e-01
4.500000000000000000e+00 -3.097846904331873485e-01 1.861574845044255966e-01
4.599999999999999645e+00 -3.243275589496241729e-01 1.112382650896712732e-01
4.700000000000000178e+00 -3.320323434511216476e-01 4.730600148283103934e-02
4.800000000000000711e+00 -3.337887592461903363e-01 -8.353612382768993427e-03
4.900000000000000355e+00 -3.303616209745678378e-01 -5.701509051122499727e-02
5.000000000000000000e+00 -3.223857411439453591e-01 -9.727614365737524693e-02
5.099999999999999645e+00 -3.109063922430927995e-01 -1.261771388597252574e-01
5.200000000000000178e+00 -2.971503133720003187e-01 -1.444793079080646248e-01
5.299999999999999822e+00 -2.820105306614798524e-01 -1.550232447575787820e-01
5.400000000000000355e+00 -2.661456644204845401e-01 -1.597276562642020448e-01
5.500000000000000000e+00 -2.500649994086394101e-01 -1.590979621826029700e-01
5.599999999999999645e+00 -2.343260719839639350e-01 -1.543628245712083125e-01
5.699999999999999289e+00 -2.191924344943977643e-01 -1.472308041236423115e-01
5.799999999999999822e+00 -2.048799111592354838e-01 -1.407561216175029495e-01
5.899999999999999467e+00 -1.910412101708971744e-01 -1.381624887183275918e-01
6.000000000000000000e+00 -1.772474134155699599e-01 -1.399985100937520821e-01
6.099999999999999645e+00 -1.630415081521467691e-01 -1.434282894549031573e-01
6.199999999999999289e+00 -1.485617555245893340e-01 -1.435740388085515740e-01
6.300000000000000711e+00 -1.343267003904364543e-01 -1.362584612723064525e-01
6.400000000000000355e+00 -1.213100632701280407e-01 -1.211763979485924736e-01
6.500000000000000000e+00 -1.100914208007179457e-01 -1.028230643520016141e-01
6.600000000000000533e+00 -1.007454503997277095e-01 -8.633362104206793175e-02
6.700000000000000178e+00 -9.282469659230435655e-02 -7.494004295275896732e-02
6.799999999999999822e+00 -8.575744180917592441e-02 -6.927607907060351344e-02
6.899999999999999467e+00 -7.896948077818366496e-02 -6.690270983443735719e-02
7.000000000000000000e+00 -7.237689984228844187e-02 -6.330152551407414174e-02
7.099999999999999645e+00 -6.630917567536882828e-02 -5.584204032189155065e-02
7.199999999999999289e+00 -6.120849177791013590e-02 -4.506164407095997193e-02
7.299999999999998934e+00 -5.729684686117683667e-02 -3.300659832585545184e-02
7.400000000000000355e+00 -5.460717211273904970e-02 -2.176093531908734890e-02
7.500000000000000000e+00 -5.294465979735936412e-02 -1.311153006989096426e-02
7.599999999999999645e+00 -5.198486609876085129e-02 -7.348985185767931139e-03
7.699999999999999289e+00 -5.147486276020577650e-02 -3.851841955256174455e-03
7.800000000000000711e+00 -5.121449770770961779e-02 -2.382037920424795452e-03
7.900000000000000355e+00 -5.099845517612081741e-02 -2.984273088980693434e-03
8.000000000000000000e+00 -5.061764308991348327e-02 -5.044299584029521277e-03
8.100000000000001421e+00 -4.998959525931491454e-02 -7.523426821886142202e-03
8.199999999999999289e+00 -4.911295772553625483e-02 -1.010649364195737032e-02
8.300000000000000711e+00 -4.796829653092343770e-02 -1.268285188938000907e-02
8.399999999999998579e+00 -4.657638734766025163e-02 -1.423283027320157434e-02
8.500000000000000000e+00 -4.512173047628312283e-02 -1.381814231420666617e-02
8.599999999999999645e+00 -4.381275888481891978e-02 -1.187375461198866833e-02
8.699999999999999289e+00 -4.274697955388539333e-02 -9.777818741071114816e-03
8.799999999999998934e+00 -4.185719513660469265e-02 -9.376685176807897371e-03
8.900000000000000355e+00 -4.087164251852381386e-02 -1.150085553624946577e-02
9.000000000000000000e+00 -3.955702402935479950e-02 -1.510810117159147592e-02
9.099999999999999645e+00 -3.785002228420551729e-02 -1.848397846301977343e-02
9.199999999999999289e+00 -3.586022833675084343e-02 -2.067203636202258332e-02
9.300000000000000711e+00 -3.371561501180100201e-02 -2.147492832145225794e-02
9.400000000000000355e+00 -3.156524267246039323e-02 -2.106993010081495421e-02
9.500000000000000000e+00 -2.950162899163800978e-02 -2.029101751495054895e-02
9.600000000000001421e+00 -2.750703916947028205e-02 -2.013739863235516903e-02
9.699999999999999289e+00 -2.547414926516697320e-02 -2.074598447083576824e-02
9.800000000000000711e+00 -2.335784227530313117e-02 -2.129112189754160667e-02
9.899999999999998579e+00 -2.121592488565865464e-02 -2.102717335280122890e-02
1.000000000000000000e+01 -1.915240760474288401e-02 -1.999598645968288235e-02
1.009999999999999964e+01 -1.721672759372207609e-02 -1.865179755625920310e-02
1.019999999999999929e+01 -1.542204809349104200e-02 -1.723384730064024539e-02
1.029999999999999893e+01 -1.376995813359402701e-02 -1.575735913310442188e-02
1.040000000000000036e+01 -1.227057626687015797e-02 -1.416623919425984146e-02
1.050000000000000000e+01 -1.093671029474205941e-02 -1.254127484346514304e-02
1.059999999999999964e+01 -9.762321298177129708e-03 -1.112949113962757863e-02
1.069999999999999929e+01 -8.710812066816541951e-03 -1.003556848837265647e-02
1.080000000000000071e+01 -7.755207600502598241e-03 -9.215660411704754140e-03
1.090000000000000036e+01 -6.867679984475591991e-03 -8.612853313025671531e-03
1.100000000000000000e+01 -6.032636937897463761e-03 -8.192269182322891447e-03
1.109999999999999964e+01 -5.229226148011013181e-03 -7.809352438148817882e-03
1.119999999999999929e+01 -4.470766450267700011e-03 -7.316330311226772881e-03
1.130000000000000071e+01 -3.765960085765658952e-03 -6.802893671223452648e-03
1.139999999999999858e+01 -3.110187716023009481e-03 -6.368653174680726642e-03
1.150000000000000000e+01 -2.492229450829513363e-03 -5.990164250030257861e-03
1.159999999999999964e+01 -1.912154866016957909e-03 -9.443717786953883045e-03
1.169999999999999929e+01 -6.034858934387367976e-04 -9.157845269130382437e-03
1.179999999999999893e+01 -8.058581219088132392e-05 -2.985422338569119951e-03
1.190000000000000036e+01 -6.401425724912798235e-06 -4.029290609544065654e-04
1.200000000000000000e+01 0.000000000000000000e+00 -6.401425724912797896e-05
