0.000000000000000000e+00 8.376874755176605447e+01 2.585941354985789076e+01
1.000000000000000056e-01 8.118280619678026255e+01 2.585941354985789076e+01
2.000000000000000111e-01 7.859686484179447064e+01 2.585941354985789076e+01
3.000000000000000444e-01 7.601092348680867872e+01 2.585941354985783391e+01
4.000000000000000222e-01 7.342498213182290101e+01 2.585941354985783391e+01
5.000000000000000000e-01 7.083904077683710909e+01 2.585941354985794760e+01
6.000000000000000888e-01 6.825309942185131717e+01 2.585941354985789076e+01
6.999999999999999556e-01 6.566715806686553947e+01 2.585941354985789076e+01
8.000000000000000444e-01 6.308121671187973334e+01 2.585941354985789076e+01
8.999999999999999112e-01 6.049527535689395563e+01 2.585941354985789076e+01
1.000000000000000000e+00 5.790933400190815661e+01 2.585941354985789076e+01
1.099999999999999867e+00 5.532339264692237890e+01 2.585941354985783391e+01
1.200000000000000178e+00 5.273745129193659409e+01 2.585941354985789076e+01
1.300000000000000044e+00 5.015150993695080217e+01 2.585941354985789076e+01
1.399999999999999911e+00 4.756556858196501025e+01 2.585941354985789076e+01
1.500000000000000000e+00 4.497962722697922544e+01 2.585941354985789076e+01
1.600000000000000089e+00 4.239368587199343352e+01 2.585941354985786234e+01
1.699999999999999956e+00 3.980774451700764871e+01 2.585941354985786234e+01
1.799999999999999822e+00 3.722180316202186390e+01 2.585941354985789076e+01
1.899999999999999911e+00 3.463586180703607198e+01 2.585941354985789076e+01
2.000000000000000000e+00 3.204992045205028006e+01 2.585941354985789076e+01
2.099999999999999645e+00 2.946397909706449525e+01 2.585941354985786234e+01
2.199999999999999734e+00 2.687803774207871044e+01 2.585941354985786234e+01
2.299999999999999822e+00 2.429209638709292207e+01 2.585941354985791918e+01
2.400000000000000355e+00 2.170615503210712660e+01 2.585941354985791918e+01
2.500000000000000000e+00 1.912021367712133824e+01 2.585941354985789076e+01
2.600000000000000089e+00 1.653427232213554632e+01 2.585941354985789076e+01
2.700000000000000178e+00 1.394833096714975795e+01 2.585941354985787655e+01
2.799999999999999822e+00 1.136238961216397314e+01 2.585941354985786589e+01
2.899999999999999911e+00 8.776448257178184775e+00 2.456999236814520060e+01
3.000000000000000000e+00 6.448391138534931954e+00 1.913720466737492742e+01
3.099999999999999645e+00 4.949007323703199290e+00 1.220012995334311867e+01
3.200000000000000178e+00 4.008365147866308043e+00 8.771694467003920082e+00
3.300000000000000266e+00 3.194668430302414652e+00 7.299150760863586385e+00
3.399999999999999911e+00 2.548534995693590766e+00 5.999945184139576781e+00
3.500000000000000000e+00 1.994679393474499296e+00 4.819567603845332115e+00
3.599999999999999645e+00 1.584621474924524209e+00 3.830840122933823366e+00
3.700000000000000178e+00 1.228511368887734712e+00 3.232291164036965370e+00
3.799999999999999822e+00 9.381632421171310909e-01 2.888277743963546307e+00
3.900000000000000355e+00 6.508558200950254058e-01 2.496730537018477136e+00
4.000000000000000000e+00 4.388171347134356970e-01 1.946744844859495061e+00
4.099999999999999645e+00 2.615068511231263826e-01 1.660225275535286649e+00
4.199999999999999289e+00 1.067720796063783423e-01 1.428403561248328124e+00
4.299999999999999822e+00 -2.417386112653929428e-02 1.192454680787182753e+00
4.399999999999999467e+00 -1.317188565510581943e-01 9.332420605017820447e-01
4.500000000000000000e+00 -2.108222732268957289e-01 7.354736744193787201e-01
4.599999999999999645e+00 -2.788135914349339495e-01 5.244541141540528528e-01
4.700000000000000178e+00 -3.157130960577063106e-01 3.240188363745146738e-01
4.800000000000000711e+00 -3.436173587098368953e-01 2.140667753065383927e-01
4.900000000000000355e+00 -3.585264511190139891e-01 5.902492259560276899e-02
5.000000000000000000e+00 -3.554223432289574380e-01 -6.506548572650849849e-02
5.099999999999999645e+00 -3.455133539737123005e-01 -1.207482112642070948e-01
5.200000000000000178e+00 -3.312727009761160524e-01 -1.071889497236879762e-01
5.299999999999999822e+00 -3.240755640289746942e-01 -1.238250693385534174e-01
5.400000000000000355e+00 -3.065076871084053689e-01 -1.514018842227855544e-01
5.500000000000000000e+00 -2.937951871844175500e-01 -1.303648537010921871e-01
5.599999999999999645e+00 -2.804347163681868982e-01 -1.206297472780124558e-01
5.699999999999999289e+00 -2.696692377288150699e-01 -1.585029232433972091e-01
5.799999999999999822e+00 -2.487341317195074508e-01 -1.924298891307349990e-01
5.899999999999999467e+00 -2.311832599026680812e-01 -1.681002193583307491e-01
6.000000000000000000e+00 -2.151140878478413065e-01 -1.707421302915752559e-01
6.099999999999999645e+00 -1.970348338443530245e-01 -2.191731645211053570e-01
6.199999999999999289e+00 -1.712794549436202352e-01 -2.498123542283811060e-01
6.300000000000000711e+00 -1.470723629986767922e-01 -2.155775224145484170e-01
6.400000000000000355e+00 -1.281639504607105517e-01 -1.865979175532559431e-01
6.500000000000000000e+00 -1.097527794880256008e-01 -2.169135522586390641e-01
6.600000000000000533e+00 -8.478124000898273893e-02 -1.956289501863052172e-01
6.700000000000000178e+00 -7.062698945076455181e-02 -1.291849834223512405e-01
6.799999999999999822e+00 -5.894424332451247972e-02 -9.691007813559088246e-02
6.899999999999999467e+00 -5.124497382364637948e-02 -1.254704655622601583e-01
7.000000000000000000e+00 -3.385015021206044805e-02 -1.420213838791661298e-01
7.099999999999999645e+00 -2.284069704781314936e-02 -1.018639158132616795e-01
7.199999999999999289e+00 -1.347736704940811353e-02 -6.880973636641256330e-02
7.299999999999998934e+00 -9.078749774530636349e-03 -5.509524439491429726e-02
7.400000000000000355e+00 -2.458318170425253038e-03 -5.277565556852534256e-02
7.500000000000000000e+00 1.476381339174431947e-03 -3.218787962204197606e-02
7.599999999999999645e+00 3.979257753983142347e-03 -3.052587239756682225e-02
7.699999999999999289e+00 7.581555818687796613e-03 -4.507272509495742485e-02
7.800000000000000711e+00 1.299380277297462749e-02 -2.695781512566886029e-02
7.900000000000000355e+00 1.297311884382156867e-02 7.956562674138391300e-03
8.000000000000000000e+00 1.140249023814694958e-02 2.970458615250404222e-02
8.100000000000001421e+00 7.032201613320760575e-03 2.665466220144340967e-02
8.199999999999999289e+00 6.071557797858267297e-03 2.847837417093140519e-02
8.300000000000000711e+00 1.336526779134478930e-03 4.024512108271814659e-02
8.399999999999998579e+00 -1.977466418685362628e-03 4.766780218563433646e-02
8.500000000000000000e+00 -8.197033657992387409e-03 3.114980482318164406e-02
8.599999999999999645e+00 -8.207427383321691874e-03 8.098968949773313608e-03
8.699999999999999289e+00 -9.816827447947051172e-03 2.562338910661916824e-02
8.799999999999998934e+00 -1.333210520464552656e-02 4.460066226907367232e-02
8.900000000000000355e+00 -1.873695990176178425e-02 3.424164404563891095e-02
9.000000000000000000e+00 -2.018043401377330945e-02 7.018343078766600684e-03
9.099999999999999645e+00 -2.014062851751510785e-02 -1.708802991139790617e-03
9.199999999999999289e+00 -1.983867341554534924e-02 9.092529414925359932e-04
9.300000000000000711e+00 -2.032247910581361228e-02 7.537870597261644989e-03
9.400000000000000355e+00 -2.134624753499768032e-02 6.114570625063250886e-03
9.500000000000000000e+00 -2.154539323082626384e-02 -8.815555364920374393e-04
9.600000000000001421e+00 -2.116993642769927214e-02 -3.547392682174632661e-03
9.699999999999999289e+00 -2.083591469439133662e-02 -5.339315624634910495e-03
9.800000000000000711e+00 -2.010207330277229143e-02 -1.259692393077359307e-02
9.899999999999998579e+00 -1.831652990823661939e-02 -1.191881200273046948e-02
1.000000000000000000e+01 -1.771831090222619406e-02 -6.710653789162551730e-03
1.009999999999999964e+01 -1.697439915040410696e-02 -1.111669457404702854e-02
1.019999999999999929e+01 -1.549497198741679044e-02 -1.826636755294867853e-02
1.029999999999999893e+01 -1.332112563981437126e-02 -1.692229180009782036e-02
1.040000000000000036e+01 -1.211051362739722602e-02 -1.550336191041958023e-02
1.050000000000000000e+01 -1.022045325773045590e-02 -1.582160361633759560e-02
1.059999999999999964e+01 -8.946192904129705512e-03 -1.299536865418828013e-02
1.069999999999999929e+01 -7.621379526892799530e-03 -1.408523530807730129e-02
1.080000000000000071e+01 -6.129145842514245775e-03 -1.564647114614311704e-02
1.090000000000000036e+01 -4.492085297664176122e-03 -1.016671286283492640e-02
1.100000000000000000e+01 -4.095803269947260149e-03 -5.747291726829466263e-03
1.109999999999999964e+01 -3.342626952298282782e-03 -8.955680341426505708e-03
1.119999999999999929e+01 -2.304667201661959094e-03 -7.586838672796549637e-03
1.130000000000000071e+01 -1.825259217738972768e-03 -2.222233013645798574e-03
1.139999999999999858e+01 -1.860220598932799509e-03 -3.426325493847416116e-03
1.150000000000000000e+01 -1.139994118969489502e-03 -5.835328065831189327e-03
1.159999999999999964e+01 -6.931549857665616652e-04 -5.522380898824646132e-03
1.169999999999999929e+01 -3.551793920456021951e-05 -3.430599365503132422e-03
1.179999999999999893e+01 -7.035112665935107732e-06 -1.760768441927281457e-04
1.190000000000000036e+01 -3.025703660145885474e-07 -3.517556332967553781e-05
1.200000000000000000e+01 0.000000000000000000e+00 -3.025703660145885157e-06
