0.000000000000000000e+00 1.782690000000000282e+03 2.510300000000000182e+03
1.000000000000000056e-01 1.531660000000000082e+03 2.334483333333333121e+03
2.000000000000000111e-01 1.315789999999999964e+03 2.007416666666666742e+03
3.000000000000000444e-01 1.130180000000000064e+03 1.726049999999999955e+03
4.000000000000000222e-01 9.705860000000001264e+02 1.483991666666666561e+03
5.000000000000000000e-01 8.333799999999999955e+02 1.275773333333333312e+03
6.000000000000000888e-01 7.154310000000000400e+02 1.096666666666666742e+03
6.999999999999999556e-01 6.140470000000000255e+02 9.426100000000000136e+02
8.000000000000000444e-01 5.269089999999999918e+02 8.101066666666666833e+02
8.999999999999999112e-01 4.520250000000000341e+02 6.961466666666667606e+02
1.000000000000000000e+00 3.876800000000000637e+02 5.981416666666666515e+02
1.099999999999999867e+00 3.323969999999999914e+02 5.138616666666666788e+02
1.200000000000000178e+00 2.849080000000000155e+02 4.413916666666666515e+02
1.300000000000000044e+00 2.441190000000000282e+02 3.790799999999999841e+02
1.399999999999999911e+00 2.090920000000000130e+02 3.255083333333333258e+02
1.500000000000000000e+00 1.790170000000000243e+02 2.794549999999999841e+02
1.600000000000000089e+00 1.532009999999999934e+02 2.398666666666666742e+02
1.699999999999999956e+00 1.310440000000000111e+02 2.058416666666666686e+02
1.799999999999999822e+00 1.120319999999999965e+02 1.765999999999999943e+02
1.899999999999999911e+00 9.572390000000001464e+01 1.514723333333333244e+02
2.000000000000000000e+00 8.173799999999999955e+01 1.298831666666666536e+02
2.099999999999999645e+00 6.974729999999999563e+01 1.113366666666666589e+02
2.199999999999999734e+00 5.947060000000000457e+01 9.540633333333333610e+01
2.299999999999999822e+00 5.066600000000000392e+01 8.172549999999999670e+01
2.400000000000000355e+00 4.312550000000000239e+01 6.997849999999999682e+01
2.500000000000000000e+00 3.667029999999999745e+01 5.989416666666667055e+01
2.600000000000000089e+00 3.114669999999999916e+01 5.123883333333333212e+01
2.700000000000000178e+00 2.642260000000000275e+01 4.381166666666666032e+01
2.799999999999999822e+00 2.238439999999999941e+01 3.743983333333333263e+01
2.899999999999999911e+00 1.893459999999999965e+01 3.197516666666666652e+01
3.000000000000000000e+00 1.598930000000000007e+01 2.728966666666666896e+01
3.099999999999999645e+00 1.347659999999999947e+01 2.327366666666666717e+01
3.200000000000000178e+00 1.133460000000000178e+01 1.983249999999999957e+01
3.300000000000000266e+00 9.510150000000001214e+00 1.688500000000000156e+01
3.399999999999999911e+00 7.957609999999999850e+00 1.436151666666666671e+01
3.500000000000000000e+00 6.637850000000000250e+00 1.220190000000000019e+01
3.599999999999999645e+00 5.517230000000000523e+00 1.035459999999999958e+01
3.700000000000000178e+00 4.566930000000000156e+00 1.202488333333333337e+01
3.799999999999999822e+00 3.112260000000000026e+00 1.334793333333333187e+01
3.900000000000000355e+00 1.897340000000000249e+00 6.825549999999999784e+00
4.000000000000000000e+00 1.747149999999999981e+00 2.174350000000000005e+00
4.099999999999999645e+00 1.462470000000000159e+00 2.779416666666666202e+00
4.199999999999999289e+00 1.191259999999999986e+00 2.554033333333332934e+00
4.299999999999999822e+00 9.516620000000000079e-01 2.231733333333333125e+00
4.399999999999999467e+00 7.449170000000000513e-01 1.912050000000000027e+00
4.500000000000000000e+00 5.692519999999999802e-01 1.617919999999999803e+00
4.599999999999999645e+00 4.213330000000000131e-01 1.357571666666666621e+00
4.700000000000000178e+00 2.977380000000000027e-01 1.130220000000000002e+00
4.800000000000000711e+00 1.952890000000000181e-01 9.337883333333332203e-01
4.900000000000000355e+00 1.109799999999999953e-01 7.670483333333333320e-01
5.000000000000000000e+00 4.187870000000000481e-02 6.272983333333334022e-01
5.099999999999999645e+00 -1.447990000000000214e-02 5.095250000000000057e-01
5.200000000000000178e+00 -6.002640000000000753e-02 4.093450000000000144e-01
5.299999999999999822e+00 -9.634890000000001509e-02 3.237249999999999850e-01
5.400000000000000355e+00 -1.247710000000000208e-01 2.510716666666666375e-01
5.500000000000000000e+00 -1.465629999999999988e-01 1.904666666666666730e-01
5.599999999999999645e+00 -1.628650000000000098e-01 1.408210000000000017e-01
5.699999999999999289e+00 -1.747270000000000212e-01 1.001623333333333254e-01
5.799999999999999822e+00 -1.828970000000000040e-01 6.616700000000000359e-02
5.899999999999999467e+00 -1.879610000000000170e-01 3.677249999999999963e-02
6.000000000000000000e+00 -1.902520000000000044e-01 1.111280000000000080e-02
6.099999999999999645e+00 -1.901829999999999909e-01 -1.065209999999999942e-02
6.199999999999999289e+00 -1.881210000000000104e-01 -2.781166666666666856e-02
6.300000000000000711e+00 -1.846210000000000073e-01 -3.987783333333332764e-02
6.400000000000000355e+00 -1.801460000000000283e-01 -4.764183333333332770e-02
6.500000000000000000e+00 -1.750930000000000264e-01 -5.326833333333333420e-02
6.600000000000000533e+00 -1.694920000000000038e-01 -5.802966666666666690e-02
6.700000000000000178e+00 -1.634870000000000212e-01 -6.183466666666666972e-02
6.799999999999999822e+00 -1.571250000000000147e-01 -6.428566666666665763e-02
6.899999999999999467e+00 -1.506300000000000139e-01 -6.482716666666665795e-02
7.000000000000000000e+00 -1.441600000000000104e-01 -6.327533333333333621e-02
7.099999999999999645e+00 -1.379750000000000143e-01 -6.062516666666666054e-02
7.199999999999999289e+00 -1.320349999999999857e-01 -5.870816666666666545e-02
7.299999999999998934e+00 -1.262330000000000119e-01 -5.917733333333333179e-02
7.400000000000000355e+00 -1.201990000000000003e-01 -6.230616666666666942e-02
7.500000000000000000e+00 -1.137720000000000120e-01 -6.656800000000000217e-02
7.599999999999999645e+00 -1.068859999999999949e-01 -7.006133333333333657e-02
7.699999999999999289e+00 -9.975950000000000095e-02 -7.158000000000000473e-02
7.800000000000000711e+00 -9.256960000000000188e-02 -7.077466666666666628e-02
7.900000000000000355e+00 -8.560460000000000291e-02 -6.779949999999999866e-02
8.000000000000000000e+00 -7.900970000000001603e-02 -6.328783333333333483e-02
8.100000000000001421e+00 -7.294699999999999795e-02 -5.810950000000000143e-02
8.199999999999999289e+00 -6.738779999999999770e-02 -5.332566666666666011e-02
8.300000000000000711e+00 -6.228190000000000115e-02 -4.957733333333333436e-02
8.399999999999998579e+00 -5.747230000000000394e-02 -4.673899999999999583e-02
8.500000000000000000e+00 -5.293400000000000882e-02 -4.406816666666666521e-02
8.599999999999999645e+00 -4.865869999999999918e-02 -4.085616666666666563e-02
8.699999999999999289e+00 -4.476280000000000536e-02 -3.660149999999999515e-02
8.799999999999998934e+00 -4.133839999999999737e-02 -3.151550000000000185e-02
8.900000000000000355e+00 -3.845970000000000638e-02 -2.638700000000000073e-02
9.000000000000000000e+00 -3.606089999999999990e-02 -2.239100000000000118e-02
9.099999999999999645e+00 -3.398149999999999782e-02 -2.021333333333333315e-02
9.199999999999999289e+00 -3.201829999999999954e-02 -1.967200000000000198e-02
9.300000000000000711e+00 -3.004710000000000020e-02 -2.000766666666666665e-02
9.400000000000000355e+00 -2.801670000000000202e-02 -2.052949999999999914e-02
9.500000000000000000e+00 -2.594119999999999759e-02 -2.075699999999999767e-02
9.600000000000001421e+00 -2.386530000000000248e-02 -2.054949999999999832e-02
9.699999999999999289e+00 -2.183130000000000140e-02 -2.000483333333333280e-02
9.800000000000000711e+00 -1.986440000000000081e-02 -1.943200000000000136e-02
9.899999999999998579e+00 -1.794489999999999974e-02 -1.904133333333333372e-02
1.000000000000000000e+01 -1.605610000000000023e-02 -1.881483333333333272e-02
1.009999999999999964e+01 -1.418190000000000076e-02 -1.852650000000000130e-02
1.019999999999999929e+01 -1.235080000000000205e-02 -1.784083333333333007e-02
1.029999999999999893e+01 -1.061379999999999962e-02 -1.662529999999999911e-02
1.040000000000000036e+01 -9.025750000000000786e-03 -1.502018333333333261e-02
1.050000000000000000e+01 -7.609760000000000135e-03 -1.317501666666666578e-02
1.059999999999999964e+01 -6.390740000000000656e-03 -1.118538333333333329e-02
1.069999999999999929e+01 -5.372680000000000337e-03 -9.282633333333331627e-03
1.080000000000000071e+01 -4.534220000000000264e-03 -7.649699999999999729e-03
1.090000000000000036e+01 -3.842740000000000305e-03 -6.323149999999999604e-03
1.100000000000000000e+01 -3.269590000000000170e-03 -5.259666666666666830e-03
1.109999999999999964e+01 -2.790810000000000339e-03 -4.427933333333333374e-03
1.119999999999999929e+01 -2.384000000000000268e-03 -3.803650000000000000e-03
1.130000000000000071e+01 -2.030080000000000079e-03 -3.383066666666666427e-03
1.139999999999999858e+01 -1.707390000000000036e-03 -3.146316666666666446e-03
1.150000000000000000e+01 -1.400820000000000103e-03 -3.051383333333333118e-03
1.159999999999999964e+01 -1.097109999999999882e-03 -6.805666666666666462e-03
1.169999999999999929e+01 -3.968450000000000265e-05 -5.462949999999999404e-03
1.179999999999999893e+01 -4.521159999999999756e-06 -1.966799999999999939e-04
1.190000000000000036e+01 -3.485030000000000072e-07 -2.260583333333333303e-05
1.200000000000000000e+01 0.000000000000000000e+00 -3.485033333333333074e-06
