0.000000000000000000e+00 2.085840956094410359e+01 4.536390357162929376e+00
1.000000000000000056e-01 2.040477052522781065e+01 4.536390357162915166e+00
2.000000000000000111e-01 1.995113148951152127e+01 4.536390357162900955e+00
3.000000000000000444e-01 1.949749245379523188e+01 4.536390357162915166e+00
4.000000000000000222e-01 1.904385341807893539e+01 4.536390357162929376e+00
5.000000000000000000e-01 1.859021438236264245e+01 4.536390357162915166e+00
6.000000000000000888e-01 1.813657534664635307e+01 4.536390357162915166e+00
6.999999999999999556e-01 1.768293631093006013e+01 4.536390357162915166e+00
8.000000000000000444e-01 1.722929727521377075e+01 4.536390357162915166e+00
8.999999999999999112e-01 1.677565823949747781e+01 4.536390357162900955e+00
1.000000000000000000e+00 1.632201920378119198e+01 4.536390357162900955e+00
1.099999999999999867e+00 1.586838016806489726e+01 4.536390357162929376e+00
1.200000000000000178e+00 1.541474113234860432e+01 4.536390357162929376e+00
1.300000000000000044e+00 1.496110209663231139e+01 4.536390357162915166e+00
1.399999999999999911e+00 1.450746306091602200e+01 4.536390357162900955e+00
1.500000000000000000e+00 1.405382402519973084e+01 4.536390357162915166e+00
1.600000000000000089e+00 1.360018498948343790e+01 4.536390357162929376e+00
1.699999999999999956e+00 1.314654595376714497e+01 4.536390357162915166e+00
1.799999999999999822e+00 1.269290691805085558e+01 4.536390357162908060e+00
1.899999999999999911e+00 1.223926788233456442e+01 4.536390357162915166e+00
2.000000000000000000e+00 1.178562884661827326e+01 4.536390357162908060e+00
2.099999999999999645e+00 1.133198981090198210e+01 4.536390357162915166e+00
2.199999999999999734e+00 1.087835077518568916e+01 4.536390357162915166e+00
2.299999999999999822e+00 1.042471173946939977e+01 4.536390357162915166e+00
2.400000000000000355e+00 9.971072703753106836e+00 4.536390357162929376e+00
2.500000000000000000e+00 9.517433668036813899e+00 4.536390357162915166e+00
2.600000000000000089e+00 9.063794632320522737e+00 4.536390357162908060e+00
2.700000000000000178e+00 8.610155596604231576e+00 4.536390357162915166e+00
2.799999999999999822e+00 8.156516560887940415e+00 4.536390357162915166e+00
2.899999999999999911e+00 7.702877525171648365e+00 4.536390357162915166e+00
3.000000000000000000e+00 7.249238489455357204e+00 4.536390357162908060e+00
3.099999999999999645e+00 6.795599453739066931e+00 -2.850488422526581189e+00
3.200000000000000178e+00 7.819336173960673264e+00 2.931380649521056370e+00
3.300000000000000266e+00 6.209323323834855302e+00 1.495294329680251977e+01
3.399999999999999911e+00 4.828747514600169488e+00 1.262172245456685360e+01
3.500000000000000000e+00 3.684978832921484759e+00 9.895248934265222118e+00
3.599999999999999645e+00 2.849697727747124709e+00 7.547317702855643518e+00
3.700000000000000178e+00 2.175515292350355789e+00 6.040002885135692168e+00
3.799999999999999822e+00 1.641697150719986231e+00 4.932413315713251478e+00
3.900000000000000355e+00 1.189032629207705583e+00 4.214254431857117567e+00
4.000000000000000000e+00 7.988462643485627623e-01 3.578310571234298187e+00
4.099999999999999645e+00 4.733705149608459783e-01 2.872021285210314190e+00
4.199999999999999289e+00 2.244420073064998522e-01 2.234445302604145756e+00
4.299999999999999822e+00 2.648145444001678839e-02 1.815397809900418213e+00
4.399999999999999467e+00 -1.386375546735838238e-01 1.476893328717600706e+00
4.500000000000000000e+00 -2.688972113035033584e-01 1.140623122620149088e+00
4.599999999999999645e+00 -3.667621791976136691e-01 8.222052943585818063e-01
4.700000000000000178e+00 -4.333382701752197530e-01 5.023284891083943382e-01
4.800000000000000711e+00 -4.672278770192925257e-01 2.370356638642125979e-01
4.900000000000000355e+00 -4.807454029480622282e-01 6.593504127392790792e-02
5.000000000000000000e+00 -4.804148852740781073e-01 -3.878248360764668945e-02
5.099999999999999645e+00 -4.729889062265328903e-01 -1.317168420099812387e-01
5.200000000000000178e+00 -4.540715168720818595e-01 -2.099790720183358772e-01
5.299999999999999822e+00 -4.309930918228657148e-01 -2.577412925653383979e-01
5.400000000000000355e+00 -4.025232583590141466e-01 -2.406091790676023745e-01
5.500000000000000000e+00 -3.828712560093452399e-01 -1.873204590337462783e-01
5.599999999999999645e+00 -3.650591665522648910e-01 -2.036993732123077994e-01
5.699999999999999289e+00 -3.421313813668837023e-01 -2.485985682719182854e-01
5.799999999999999822e+00 -3.153394528978812339e-01 -2.568281146044018026e-01
5.899999999999999467e+00 -2.907657584460033307e-01 -2.708218705911669133e-01
6.000000000000000000e+00 -2.611750787796478512e-01 -2.825559375637978210e-01
6.099999999999999645e+00 -2.342545709332437553e-01 -3.293846467003492817e-01
6.199999999999999289e+00 -1.952981494395780171e-01 -3.024813511297830271e-01
6.300000000000000711e+00 -1.737583007072871499e-01 -2.045665318638975050e-01
6.400000000000000355e+00 -1.543848430667985050e-01 -2.139712608425781148e-01
6.500000000000000000e+00 -1.309640485387715270e-01 -3.059124317633722390e-01
6.600000000000000533e+00 -9.320235671412405165e-02 -2.946873875093661832e-01
6.700000000000000178e+00 -7.202657103689830143e-02 -1.901873325277524951e-01
6.799999999999999822e+00 -5.516489020857354847e-02 -1.799871634101496976e-01
6.899999999999999467e+00 -3.602913835486836608e-02 -1.749464219162485679e-01
7.000000000000000000e+00 -2.017560582532383628e-02 -1.432988743015541355e-01
7.099999999999999645e+00 -7.369363494557532382e-03 -1.044306010842890459e-01
7.199999999999999289e+00 7.105143915339767703e-04 -1.262103762898705572e-01
7.299999999999998934e+00 1.787271176341657941e-02 -1.502220868938094200e-01
7.400000000000000355e+00 3.075493177029586453e-02 -7.830006238835209020e-02
7.500000000000000000e+00 3.353272424108699745e-02 -2.962728736110356587e-02
7.599999999999999645e+00 3.668038924251657701e-02 -3.629901541153177091e-02
7.699999999999999289e+00 4.079252732339335580e-02 -3.612349485953519901e-02
7.800000000000000711e+00 4.390508821442361959e-02 2.098638034086802717e-03
7.900000000000000355e+00 4.037279971657599387e-02 -7.152116964500354612e-03
8.000000000000000000e+00 4.533551160732368634e-02 -2.049812485098678749e-02
8.100000000000001421e+00 4.447242468677334998e-02 4.072613573840483392e-02
8.199999999999999289e+00 3.719028445964272372e-02 7.696832678335291389e-02
8.300000000000000711e+00 2.907875933010276720e-02 5.808254422681102813e-02
8.399999999999998579e+00 2.557377561428051532e-02 3.428619380123824889e-02
8.500000000000000000e+00 2.222152056985511603e-02 6.454608733506735085e-02
8.599999999999999645e+00 1.266455814726704515e-02 8.443193023616690773e-02
8.699999999999999289e+00 5.335134522621735875e-03 5.282055410823945779e-02
8.799999999999998934e+00 2.100447325619152813e-03 3.117678261934802436e-02
8.900000000000000355e+00 -9.002220012478686717e-04 5.691880327688296493e-02
9.000000000000000000e+00 -9.283313329757441473e-03 7.500828299990890125e-02
9.099999999999999645e+00 -1.590187860122965063e-02 3.168233992316455555e-02
9.199999999999999289e+00 -1.561978131439035328e-02 -1.368752961055097472e-03
9.300000000000000711e+00 -1.562812800901863114e-02 1.966649727088592980e-02
9.400000000000000355e+00 -1.955308076856753993e-02 3.675016820152245123e-02
9.500000000000000000e+00 -2.297816164932312000e-02 1.258163799144258743e-02
9.600000000000001421e+00 -2.206940836685605811e-02 -1.309705338277353248e-02
9.699999999999999289e+00 -2.035875097276841628e-02 -9.124304902901725356e-03
9.800000000000000711e+00 -2.024454738627571096e-02 -4.149963828076183581e-03
9.899999999999998579e+00 -1.952875820715317678e-02 -6.547489237405820783e-03
1.000000000000000000e+01 -1.893504953879454611e-02 -1.530145430122449579e-02
1.009999999999999964e+01 -1.646846734690827693e-02 -2.329419966338050485e-02
1.019999999999999929e+01 -1.427620960611844514e-02 -1.667688853636943580e-02
1.029999999999999893e+01 -1.313308963963439116e-02 -9.339178840493581046e-03
1.040000000000000036e+01 -1.240837383801973032e-02 -1.187749740962097678e-02
1.050000000000000000e+01 -1.075759015771019650e-02 -1.139325061078474283e-02
1.059999999999999964e+01 -1.012972371586278071e-02 -7.452868797689984892e-03
1.069999999999999929e+01 -9.267016398172197786e-03 -1.510905065075986153e-02
1.080000000000000071e+01 -7.107913585710808405e-03 -2.683661659632630148e-02
1.090000000000000036e+01 -3.899693078906937924e-03 -1.884557939254332196e-02
1.100000000000000000e+01 -3.338797707202143753e-03 -5.374235654759303843e-03
1.109999999999999964e+01 -2.824845947955077156e-03 -5.935063347997562161e-03
1.119999999999999929e+01 -2.151785037602631321e-03 -1.041530371146001666e-02
1.130000000000000071e+01 -7.417852056630736077e-04 -8.761985500086213671e-03
1.139999999999999858e+01 -3.993879375853886301e-04 -2.014048217725563760e-03
1.150000000000000000e+01 -3.389755621179608340e-04 -1.664030883998103387e-03
1.159999999999999964e+01 -6.658176078576793914e-05 -2.019089325643349912e-03
1.169999999999999929e+01 6.484230301070914842e-05 -3.642309734644897366e-04
1.179999999999999893e+01 6.264433907130019528e-06 3.208945827136544093e-04
1.190000000000000036e+01 6.633864679782637703e-07 3.132216953565009510e-05
1.200000000000000000e+01 0.000000000000000000e+00 6.633864679782636856e-06
