0.000000000000000000e+00 1.108078939648000187e+03 6.514475477616666410e+01
1.000000200000000089e-01 1.069688380041000073e+03 7.026664373534999868e+02
1.999999800000000216e-01 9.675456521770000791e+02 1.193347407089833268e+03
3.000000000000000444e-01 8.310188986230000410e+02 1.367498862895833327e+03
4.000000200000000117e-01 6.940458795980000559e+02 1.264009816141333431e+03
4.999999800000000105e-01 5.782169353950000641e+02 1.023019868856000016e+03
6.000000000000000888e-01 4.894419058270000278e+02 7.935716955274999691e+02
7.000000200000000561e-01 4.195025962900000422e+02 6.485482610176666185e+02
7.999999799999999439e-01 3.597322536230000196e+02 5.621868254138333896e+02
8.999999999999999112e-01 3.070652312070000107e+02 4.870310334881666563e+02
1.000000019999999878e+00 2.623260469260000036e+02 4.147995072643333287e+02
1.099999979999999988e+00 2.241053297540000244e+02 3.543635161156666413e+02
1.200000000000000178e+00 1.914533437020000122e+02 3.027330055959999981e+02
1.300000020000000145e+00 1.635587286350000227e+02 2.586250234836666664e+02
1.399999980000000033e+00 1.397283390060000272e+02 2.209435427770000047e+02
1.500000000000000000e+00 1.193700200790000139e+02 1.887522268236666605e+02
1.600000019999999967e+00 1.019778936410000085e+02 1.612511625508333282e+02
1.699999979999999855e+00 8.711978756900001031e+01 1.377569836476666865e+02
1.799999999999999822e+00 7.442649691100000098e+01 1.176858897851666654e+02
1.900000019999999790e+00 6.358260961199999883e+01 1.005391399244999917e+02
1.999999979999999900e+00 5.431866892700000449e+01 8.589065923899998722e+01
2.099999999999999645e+00 4.640447776400000635e+01 7.337645169866667061e+01
2.200000020000000056e+00 3.964337858700000083e+01 6.268555523483333758e+01
2.299999979999999944e+00 3.386736671700000301e+01 5.355231472950000438e+01
2.400000000000000355e+00 2.893291564100000102e+01 4.574978082516666689e+01
2.500000019999999878e+00 2.471741055200000403e+01 3.908407052266667137e+01
2.599999980000000210e+00 2.111610153600000217e+01 3.338954943766666617e+01
2.700000000000000178e+00 1.803950066500000204e+01 2.852471599666666435e+01
2.800000020000000145e+00 1.541115833700000159e+01 2.436868530399999955e+01
2.899999980000000033e+00 1.316576360400000034e+01 2.081818530683333535e+01
3.000000000000000000e+00 1.124752127600000051e+01 1.778499061666666847e+01
3.100000019999999967e+00 9.608765481000000719e+00 1.519373022066666579e+01
3.199999980000000299e+00 8.208775232000000699e+00 1.298001460849999944e+01
3.300000000000000266e+00 7.012762558999999563e+00 1.108883577566666645e+01
3.400000020000000234e+00 5.991008075999999960e+00 9.473132815999999679e+00
3.499999980000000122e+00 5.118135996000000354e+00 8.093180615166666314e+00
3.599999999999999645e+00 4.372371953000000033e+00 6.914803935833333526e+00
3.700000020000000056e+00 3.735175208999999885e+00 5.906570882999999661e+00
3.799999979999999944e+00 3.191057777000000151e+00 5.040826086500000081e+00
3.900000000000000355e+00 2.727009991000000078e+00 4.297471060166667023e+00
4.000000019999999878e+00 2.331563565000000171e+00 3.666204204666666300e+00
4.099999979999999766e+00 1.993769150000000101e+00 3.145286724666666700e+00
4.199999999999999289e+00 1.702506220000000070e+00 2.735947408666666636e+00
4.300000019999999701e+00 1.446579669000000123e+00 2.432696802666666880e+00
4.399999980000000477e+00 1.215966859000000122e+00 2.216836220666666524e+00
4.500000000000000000e+00 1.003212425000000074e+00 2.058916403000000006e+00
4.600000019999999523e+00 8.041835790000000372e-01 1.928797906000000006e+00
4.699999980000000299e+00 6.174528430000000290e-01 1.804784288666666736e+00
4.800000000000000711e+00 4.432267210000000457e-01 1.677546940000000042e+00
4.900000020000000234e+00 2.819434550000000095e-01 1.547555923500000041e+00
4.999999980000000122e+00 1.337155359999999960e-01 1.418694103166666665e+00
5.099999999999999645e+00 -1.795365000000000155e-03 1.292811997499999865e+00
5.200000020000000056e+00 -1.248468630000000162e-01 1.169641723166666702e+00
5.299999979999999944e+00 -2.357237100000000030e-01 1.049490935833333305e+00
5.400000000000000355e+00 -3.347450499999999884e-01 9.336001219999999767e-01
5.500000019999999878e+00 -4.224437340000000152e-01 8.233014121666666352e-01
5.599999979999999766e+00 -4.994053330000000068e-01 7.188943821666666789e-01
5.699999999999999289e+00 -5.662226110000000423e-01 6.192321923333333755e-01
5.800000019999999701e+00 -6.232517710000000655e-01 5.230617045000000020e-01
5.899999980000000477e+00 -6.708349519999999844e-01 4.312835913333333271e-01
6.000000000000000000e+00 -7.095084900000000472e-01 3.461312386666666741e-01
6.100000019999999523e+00 -7.400611990000000029e-01 2.693577011666666299e-01
6.199999980000000299e+00 -7.633800299999999872e-01 2.005078194999999897e-01
6.300000000000000711e+00 -7.801627629999999813e-01 1.375922880000000070e-01
6.400000020000000234e+00 -7.908984870000000944e-01 7.854691999999999230e-02
6.499999980000000122e+00 -7.958721470000000853e-01 2.306490033333333245e-02
6.600000000000000533e+00 -7.955114680000000549e-01 -2.731832049999999984e-02
6.700000020000000944e+00 -7.904084830000001061e-01 -7.082437366666667622e-02
6.799999979999999056e+00 -7.813465929999999782e-01 -1.072826628333333199e-01
6.899999999999999467e+00 -7.689519510000000224e-01 -1.379664286666666684e-01
7.000000019999999878e+00 -7.537533070000000945e-01 -1.645169965000000123e-01
7.099999979999999766e+00 -7.360485510000001064e-01 -1.878968416666666474e-01
7.199999999999999289e+00 -7.161739390000000371e-01 -2.080350331666666608e-01
7.300000019999999701e+00 -6.944415450000001044e-01 -2.246522183333333478e-01
7.399999980000000477e+00 -6.712434950000000233e-01 -2.381661661666666652e-01
7.500000000000000000e+00 -6.468083110000000246e-01 -2.492509400000000042e-01
7.600000019999999523e+00 -6.213933070000000614e-01 -2.582444786666666658e-01
7.699999980000000299e+00 -5.951594159999999967e-01 -2.656352914999999815e-01
7.800000000000000711e+00 -5.682662490000000011e-01 -2.720769241666666782e-01
7.900000020000000234e+00 -5.407440310000000139e-01 -2.775845243333333046e-01
7.999999980000000122e+00 -5.127493440000000513e-01 -2.811871751666666919e-01
8.100000000000001421e+00 -4.845065960000000671e-01 -2.821276281666666441e-01
8.200000020000000944e+00 -4.563238179999999922e-01 -2.806282313333333112e-01
8.299999979999999056e+00 -4.283809500000000381e-01 -2.770905026666666826e-01
8.399999999999998579e+00 -4.009057180000000220e-01 -2.713377821666666523e-01
8.500000019999999878e+00 -3.741133930000000163e-01 -2.633022979999999902e-01
8.599999979999999766e+00 -3.482452580000000020e-01 -2.534525483333333606e-01
8.699999999999999289e+00 -3.234228830000000499e-01 -2.425069784999999978e-01
8.800000019999998813e+00 -2.997438620000000276e-01 -2.311251961666666577e-01
8.899999980000000477e+00 -2.771978439999999710e-01 -2.198083383333333252e-01
9.000000000000000000e+00 -2.557821950000000455e-01 -2.085777934999999972e-01
9.100000019999999523e+00 -2.354822860000000129e-01 -1.972541276666666676e-01
9.199999980000001187e+00 -2.163313689999999956e-01 -1.857514971666666681e-01
9.300000000000000711e+00 -1.983319860000000157e-01 -1.738758078333333401e-01
9.400000020000000234e+00 -1.815562080000000245e-01 -1.611822798333333306e-01
9.499999980000000122e+00 -1.660955299999999912e-01 -1.477015501666666675e-01
9.600000000000001421e+00 -1.520158980000000104e-01 -1.342529468333333309e-01
9.700000020000000944e+00 -1.392449410000000110e-01 -1.217690026666666675e-01
9.799999979999999056e+00 -1.276620970000000022e-01 -1.105935709999999877e-01
9.899999999999998579e+00 -1.171262269999999994e-01 -1.006703343333333334e-01
1.000000001999999988e+01 -1.075280299999999967e-01 -9.173782299999999612e-02
1.009999997999999977e+01 -9.877866200000000318e-02 -8.344535466666666568e-02
1.019999999999999929e+01 -9.083895899999999690e-02 -7.556381133333332778e-02
1.030000001999999881e+01 -8.366590000000001526e-02 -6.825551716666665436e-02
1.039999998000000048e+01 -7.718785599999999913e-02 -6.191517166666666433e-02
1.050000000000000000e+01 -7.128286500000000081e-02 -5.685322483333333371e-02
1.060000001999999952e+01 -6.581721100000000046e-02 -5.305849549999999692e-02
1.069999998000000119e+01 -6.067116599999999860e-02 -5.020528583333332823e-02
1.080000000000000071e+01 -5.577615400000000140e-02 -4.788947249999999517e-02
1.090000002000000023e+01 -5.109327200000000208e-02 -4.561600166666666956e-02
1.099999998000000012e+01 -4.665295300000000395e-02 -4.346135566666666644e-02
1.110000000000000142e+01 -4.240100100000000066e-02 -4.304899300000000067e-02
1.120000002000000094e+01 -3.804315500000000211e-02 -4.660215783333333112e-02
1.129999997999999906e+01 -3.308056899999999717e-02 -5.440745183333332846e-02
1.139999999999999858e+01 -2.716166400000000203e-02 -6.369850850000000064e-02
1.150000001999999988e+01 -2.034086700000000206e-02 -6.960005033333332980e-02
1.159999997999999977e+01 -1.324165400000000027e-02 -6.675565033333333287e-02
1.169999999999999929e+01 -6.989737000000000207e-03 -5.304726149999999807e-02
1.180000001999999881e+01 -2.632202000000000153e-03 -3.240585816666666924e-02
1.189999998000000048e+01 -5.085660000000000094e-04 -1.372936099999999895e-02
1.200000000000000000e+01 1.136700000000000145e-04 1.284643666666666559e-03
