23 1 0 20
23 1 0 21
23 1 0 19
20 20 0 21
20 20 0 19
20 21 0 19
21 0 1 2
22 0 1 22
22 0 1 23
10 2 1 22
10 2 1 23
9 22 1 23
10 1 2 24
10 1 2 25
32 1 2 3
9 24 2 25
10 24 2 3
10 25 2 3
32 2 3 4
10 2 3 26
10 2 3 27
10 4 3 26
10 4 3 27
9 26 3 27
10 3 4 28
32 3 4 5
10 3 4 29
10 28 4 5
9 28 4 29
10 5 4 29
32 4 5 6
10 4 5 31
10 4 5 30
10 6 5 31
10 6 5 30
9 31 5 30
32 5 6 7
10 5 6 32
10 5 6 33
10 7 6 32
10 7 6 33
9 32 6 33
10 6 7 35
10 6 7 34
32 6 7 8
9 35 7 34
10 35 7 8
10 34 7 8
10 7 8 36
32 7 8 9
10 7 8 37
10 36 8 9
9 36 8 37
10 9 8 37
10 8 9 39
32 8 9 10
10 8 9 38
10 39 9 10
9 39 9 38
10 10 9 38
10 9 10 41
32 9 10 11
10 9 10 40
10 41 10 11
9 41 10 40
10 11 10 40
10 10 11 43
32 10 11 12
10 10 11 42
10 43 11 12
9 43 11 42
10 12 11 42
32 11 12 13
10 11 12 44
10 11 12 45
10 13 12 44
10 13 12 45
9 44 12 45
10 12 13 47
32 12 13 14
10 12 13 46
10 47 13 14
9 47 13 46
10 14 13 46
62 13 14 15
10 13 14 48
10 13 14 49
61 15 14 48
61 15 14 49
9 48 14 49
63 14 15 16
58 14 15 18
64 16 15 18
65 15 16 17
