12 20 0 1 2
12 20 0 1 22
12 20 0 1 23
12 21 0 1 2
12 21 0 1 22
12 21 0 1 23
12 19 0 1 2
12 19 0 1 22
12 19 0 1 23
4 0 1 2 24
4 0 1 2 25
11 0 1 2 3
22 0 1 2 3
23 0 1 2 3
24 0 1 2 3
4 22 1 2 24
4 22 1 2 25
4 22 1 2 3
4 23 1 2 24
4 23 1 2 25
4 23 1 2 3
4 24 2 3 4
4 24 2 3 26
4 24 2 3 27
10 1 2 3 4
19 1 2 3 4
20 1 2 3 4
21 1 2 3 4
4 1 2 3 26
4 1 2 3 27
4 25 2 3 4
4 25 2 3 26
4 25 2 3 27
4 26 3 4 28
4 26 3 4 5
4 26 3 4 29
4 27 3 4 28
4 27 3 4 5
4 27 3 4 29
4 2 3 4 28
10 2 3 4 5
19 2 3 4 5
20 2 3 4 5
21 2 3 4 5
4 2 3 4 29
4 28 4 5 6
4 28 4 5 31
4 28 4 5 30
10 3 4 5 6
19 3 4 5 6
20 3 4 5 6
21 3 4 5 6
4 3 4 5 31
4 3 4 5 30
4 29 4 5 6
4 29 4 5 31
4 29 4 5 30
4 31 5 6 7
4 31 5 6 32
4 31 5 6 33
4 30 5 6 7
4 30 5 6 32
4 30 5 6 33
10 4 5 6 7
19 4 5 6 7
20 4 5 6 7
21 4 5 6 7
4 4 5 6 32
4 4 5 6 33
4 5 6 7 35
4 5 6 7 34
10 5 6 7 8
19 5 6 7 8
20 5 6 7 8
21 5 6 7 8
4 32 6 7 35
4 32 6 7 34
4 32 6 7 8
4 33 6 7 35
4 33 6 7 34
4 33 6 7 8
4 6 7 8 36
10 6 7 8 9
19 6 7 8 9
20 6 7 8 9
21 6 7 8 9
4 6 7 8 37
4 35 7 8 36
4 35 7 8 9
4 35 7 8 37
4 34 7 8 36
4 34 7 8 9
4 34 7 8 37
4 36 8 9 39
4 36 8 9 10
4 36 8 9 38
4 7 8 9 39
10 7 8 9 10
19 7 8 9 10
20 7 8 9 10
21 7 8 9 10
4 7 8 9 38
4 37 8 9 39
4 37 8 9 10
4 37 8 9 38
4 39 9 10 41
4 39 9 10 11
4 39 9 10 40
4 38 9 10 41
4 38 9 10 11
4 38 9 10 40
4 8 9 10 41
10 8 9 10 11
19 8 9 10 11
20 8 9 10 11
21 8 9 10 11
4 8 9 10 40
4 41 10 11 43
4 41 10 11 12
4 41 10 11 42
4 9 10 11 43
10 9 10 11 12
19 9 10 11 12
20 9 10 11 12
21 9 10 11 12
4 9 10 11 42
4 40 10 11 43
4 40 10 11 12
4 40 10 11 42
10 10 11 12 13
19 10 11 12 13
20 10 11 12 13
21 10 11 12 13
4 10 11 12 44
4 10 11 12 45
4 43 11 12 13
4 43 11 12 44
4 43 11 12 45
4 42 11 12 13
4 42 11 12 44
4 42 11 12 45
4 44 12 13 47
4 44 12 13 14
4 44 12 13 46
4 45 12 13 47
4 45 12 13 14
4 45 12 13 46
4 11 12 13 47
10 11 12 13 14
19 11 12 13 14
20 11 12 13 14
21 11 12 13 14
4 11 12 13 46
4 47 13 14 15
4 47 13 14 48
4 47 13 14 49
65 12 13 14 15
66 12 13 14 15
67 12 13 14 15
68 12 13 14 15
4 12 13 14 48
4 12 13 14 49
4 46 13 14 15
4 46 13 14 48
4 46 13 14 49
4 13 14 15 16
43 13 14 15 18
40 48 14 15 16
42 48 14 15 18
40 49 14 15 16
42 49 14 15 18
63 14 15 16 17
64 18 15 16 17
