12	         -0.987274        0.530308      -17.179001
7	         -1.900108        0.100498      -17.166599
3	         -0.381355        0.835194      -15.957100
13	          0.714638        1.380432      -15.880100
5	         -1.059292        0.311806      -14.630199
10	         -0.892815       -0.782253      -14.574398
10	         -2.153160        0.472576      -14.707500
5	         -0.562119        0.924236      -13.210701
10	          0.550461        0.975574      -13.235401
10	         -0.926010        1.974659      -13.152401
5	         -0.949654        0.173950      -11.837200
10	         -2.040119       -0.043182      -11.860600
10	         -0.421780       -0.805351      -11.851200
5	         -0.641541        0.868721      -10.414799
10	          0.398254        1.262390      -10.447899
10	         -1.317822        1.747913      -10.331299
5	         -0.771286        0.014328       -9.054249
10	         -1.740681       -0.529629       -9.083981
10	          0.033276       -0.753433       -9.077759
5	         -0.698055        0.753761       -7.624660
10	          0.184734        1.430408       -7.634182
10	         -1.600929        1.398880       -7.544331
5	         -0.599213       -0.116833       -6.273251
10	         -1.387272       -0.900867       -6.312790
10	          0.382442       -0.640305       -6.292679
5	         -0.734219        0.604855       -4.842129
10	         -0.045898        1.478481       -4.831379
10	         -1.769901        1.004879       -4.770981
5	         -0.445045       -0.229828       -3.501740
10	         -1.035210       -1.171242       -3.546459
10	          0.629543       -0.516884       -3.513611
5	         -0.748478        0.439400       -2.078079
10	         -0.253971        1.435177       -2.049271
10	         -1.845028        0.616859       -2.017818
5	         -0.313534       -0.331860       -0.745640
10	         -0.717953       -1.367088       -0.794117
10	          0.796211       -0.413700       -0.750275
5	         -0.745384        0.271343        0.668480
10	         -0.422417        1.335312        0.704556
10	         -1.857262        0.264381        0.711590
5	         -0.204803       -0.429573        1.993561
10	         -0.453732       -1.512131        1.937874
10	          0.904537       -0.346565        1.989388
5	         -0.728092        0.105518        3.397190
10	         -0.545609        1.201691        3.443180
10	         -1.829700       -0.045521        3.429993
5	         -0.118233       -0.526791        4.720253
10	         -0.243477       -1.631310        4.675751
10	          0.974827       -0.319065        4.732979
5	         -0.713932       -0.042995        6.105602
10	         -0.637074        1.066017        6.152706
10	         -1.796497       -0.300213        6.123043
5	         -0.063629       -0.615993        7.426201
10	         -0.097446       -1.727478        7.393021
10	          1.008183       -0.318371        7.452438
5	         -0.714310       -0.168793        8.785736
10	         -1.776142       -0.501698        8.801998
10	         -0.714054        0.942577        8.841156
5	         -0.036861       -0.698360       10.095196
10	          1.015697       -0.337975       10.131001
10	         -0.011997       -1.810772       10.070801
5	         -0.732605       -0.271027       11.424000
10	         -1.777740       -0.653545       11.410599
10	         -0.779076        0.840439       11.456596
5	         -0.053482       -0.761856       12.736702
10	          0.983089       -0.360615       12.783096
10	          0.003643       -1.872791       12.728001
5	         -0.779037       -0.341331       14.035103
10	         -1.813141       -0.751869       14.004700
10	         -0.847370        0.769405       14.053299
6	         -0.120609       -0.801613       15.350998
11	         -0.053841       -1.910870       15.395203
11	         -0.711338       -0.460518       16.231400
11	          0.906094       -0.385361       15.448799
4	         -0.338268        0.596664      -18.569500
9	          0.435280        1.398838      -18.529398
5	          0.400902       -0.769684      -18.807798
10	          0.701176       -1.221500      -17.834599
10	         -0.271328       -1.496929      -19.316500
14	          1.576233       -0.578915      -19.594997
8	          2.019547       -1.430641      -19.664101
4	         -1.397831        1.038712      -19.712299
9	         -1.378971        2.149212      -19.792700
14	         -2.724899        0.619728      -19.400299
8	         -3.059841        1.266716      -18.772598
15	         -1.059063        0.493683      -21.146198
16	         -0.984592       -0.600670      -21.221102
15	         -0.934387        1.203979      -22.320900
16	         -1.081062        2.295822      -22.326500
5	         -0.694675        0.635551      -23.737400
10	          0.384285        0.383766      -23.838299
10	         -1.246181       -0.326027      -23.837000
5	         -1.068993        1.450966      -25.052401
10	         -2.155952        1.684792      -25.019699
10	         -0.521828        2.418827      -25.022400
5	         -0.763790        0.759705      -26.452700
10	          0.309086        0.466156      -26.464600
10	         -1.358070       -0.179874      -26.500299
5	         -1.043320        1.585342      -27.782198
10	         -2.103939        1.921009      -27.768898
10	         -0.405968        2.497013      -27.762800
5	         -0.797268        0.862915      -29.172897
10	          0.246780        0.478355      -29.185698
10	         -1.474442       -0.018627      -29.215899
5	         -1.019009        1.705681      -30.496498
10	         -2.051449        2.119549      -30.484200
10	         -0.317913        2.569550      -30.501699
5	         -0.826633        0.963974      -31.871700
10	          0.197273        0.531219      -31.904697
10	         -1.549412        0.120384      -31.933800
5	         -1.001251        1.839912      -33.161800
10	         -2.011761        2.305977      -33.146500
10	         -0.253101        2.663795      -33.138401
5	         -0.845402        1.099239      -34.532101
10	          0.156975        0.615616      -34.571499
10	         -1.610382        0.292145      -34.589798
5	         -0.994591        2.001858      -35.794495
10	         -1.986893        2.502621      -35.750298
10	         -0.221695        2.800591      -35.744099
5	         -0.869408        1.273018      -37.167400
10	          0.118477        0.767178      -37.238300
10	         -1.654728        0.490135      -37.253098
5	         -1.001110        2.197540      -38.400101
10	         -1.990509        2.705639      -38.336201
10	         -0.190239        2.958797      -38.335201
6	         -0.899097        1.478241      -39.846100
11	         -0.990017        2.169548      -40.734501
11	          0.080578        0.947918      -40.018002
11	         -1.701672        0.706993      -40.023899
