0.000000000000000000e+00 4.974056794649354174e+01 1.759021000672368018e+01
1.000000000000000056e-01 4.798154694582117941e+01 1.759021000672365176e+01
2.000000000000000111e-01 4.622252594514881707e+01 1.759021000672365176e+01
3.000000000000000444e-01 4.446350494447644763e+01 1.759021000672368018e+01
4.000000000000000222e-01 4.270448394380407819e+01 1.759021000672368018e+01
5.000000000000000000e-01 4.094546294313170876e+01 1.759021000672365176e+01
6.000000000000000888e-01 3.918644194245934642e+01 1.759021000672368018e+01
6.999999999999999556e-01 3.742742094178696988e+01 1.759021000672368018e+01
8.000000000000000444e-01 3.566839994111460754e+01 1.759021000672368018e+01
8.999999999999999112e-01 3.390937894044223810e+01 1.759021000672365176e+01
1.000000000000000000e+00 3.215035793976988288e+01 1.759021000672365176e+01
1.099999999999999867e+00 3.039133693909750633e+01 1.759021000672370860e+01
1.200000000000000178e+00 2.863231593842513689e+01 1.759021000672368018e+01
1.300000000000000044e+00 2.687329493775277101e+01 1.759021000672365176e+01
1.399999999999999911e+00 2.511427393708040867e+01 1.759021000672365176e+01
1.500000000000000000e+00 2.335525293640803923e+01 1.759021000672368018e+01
1.600000000000000089e+00 2.159623193573567335e+01 1.759021000672368018e+01
1.699999999999999956e+00 1.983721093506330391e+01 1.759021000672365176e+01
1.799999999999999822e+00 1.807818993439094157e+01 1.759021000672365176e+01
1.899999999999999911e+00 1.631916893371857213e+01 1.759021000672368018e+01
2.000000000000000000e+00 1.456014793304620447e+01 1.759021000672366597e+01
2.099999999999999645e+00 1.280112693237384036e+01 1.759021000672365886e+01
2.199999999999999734e+00 1.104210593170147270e+01 1.759021000672366597e+01
2.299999999999999822e+00 9.283084931029106812e+00 1.759021000672369439e+01
2.400000000000000355e+00 7.524063930356733820e+00 1.759021000672369439e+01
2.500000000000000000e+00 5.765042929684367046e+00 1.759021000672366597e+01
2.600000000000000089e+00 4.006021929012000271e+00 1.759021000672366597e+01
2.700000000000000178e+00 2.247000928339633941e+00 1.279714336079814174e+01
2.799999999999999822e+00 1.446593256852372056e+00 6.573195801741546163e+00
2.899999999999999911e+00 9.323617679913245304e-01 4.417739999633968573e+00
3.000000000000000000e+00 5.630452569255782747e-01 3.234178620325263154e+00
3.099999999999999645e+00 2.855260439262718442e-01 2.463420489685473669e+00
3.200000000000000178e+00 7.036115898848345485e-02 1.929593431242042412e+00
3.300000000000000266e+00 -1.003926423221366271e-01 1.537867572850249775e+00
3.399999999999999911e+00 -2.372123555815665030e-01 1.207440152052076998e+00
3.500000000000000000e+00 -3.418806727325520711e-01 8.693629378652105721e-01
3.599999999999999645e+00 -4.110849431546086397e-01 4.913907051919135238e-01
3.700000000000000178e+00 -4.401588137709347426e-01 8.943588310154160226e-02
3.799999999999999822e+00 -4.289721197749169490e-01 -2.944844336587251199e-01
3.900000000000000355e+00 -3.812619270391897075e-01 -6.105134358600425859e-01
4.000000000000000000e+00 -3.068694326029084429e-01 -7.963233387777255423e-01
4.099999999999999645e+00 -2.219972592836446101e-01 -7.856472725335014173e-01
4.199999999999999289e+00 -1.497399780962081206e-01 -5.810286103952142511e-01
4.299999999999999822e+00 -1.057915372046017571e-01 -2.986437388125529613e-01
4.399999999999999467e+00 -9.001123033369752557e-02 -8.723824190119927602e-02
4.500000000000000000e+00 -8.834388882436189361e-02 -1.156981400283418893e-03
4.599999999999999645e+00 -8.977983405364084457e-02 1.071348896666540762e-02
4.700000000000000178e+00 -9.048658661769498623e-02 6.868608870482517670e-03
4.800000000000000711e+00 -9.115355582773734811e-02 -1.917237228869717036e-03
4.900000000000000355e+00 -9.010313917192103172e-02 -2.653763950371118563e-02
5.000000000000000000e+00 -8.584602792699511098e-02 -6.397315938918818334e-02
5.099999999999999645e+00 -7.730850729408339506e-02 -1.051028401741392893e-01
5.200000000000000178e+00 -6.482545989216724480e-02 -1.405668762708943698e-01
5.299999999999999822e+00 -4.919513203990452666e-02 -1.644212733851748987e-01
5.400000000000000355e+00 -3.194120521513226646e-02 -1.728047350474221644e-01
5.500000000000000000e+00 -1.463418503042008927e-02 -1.674164369494409166e-01
5.599999999999999645e+00 1.542082174755914125e-03 -1.575277522360454263e-01
5.699999999999999289e+00 1.687136541678900190e-02 -1.543663509807241263e-01
5.799999999999999822e+00 3.241535237090074212e-02 -1.560691847995765436e-01
5.899999999999999467e+00 4.808520237670431408e-02 -1.526027576930382712e-01
6.000000000000000000e+00 6.293590390950840052e-02 -1.419252187796814224e-01
6.099999999999999645e+00 7.647024613264059856e-02 -1.248917294943644452e-01
6.199999999999999289e+00 8.791424980838129233e-02 -9.993706579370720267e-02
6.300000000000000711e+00 9.645765929138204464e-02 -6.493783355421051118e-02
6.400000000000000355e+00 1.009018165192233918e-01 -2.205620157632093292e-02
6.500000000000000000e+00 1.008688996066462312e-01 2.002337563983203061e-02
6.600000000000000533e+00 9.689714139125699122e-02 5.472055866977620919e-02
6.700000000000000178e+00 8.992478787269098106e-02 8.112132377950387330e-02
6.799999999999999822e+00 8.067287663535621656e-02 9.892041195407264009e-02
6.899999999999999467e+00 7.014070548187645304e-02 1.072673022764698003e-01
7.000000000000000000e+00 5.921941618006224678e-02 1.088646628318332144e-01
7.099999999999999645e+00 4.836777291550981017e-02 1.087304266646664241e-01
7.199999999999999289e+00 3.747333084712896334e-02 1.106282525093086333e-01
7.299999999999998934e+00 2.624212241364808421e-02 1.144655211656277483e-01
7.400000000000000355e+00 1.458022661400341230e-02 1.179934778765357045e-01
7.500000000000000000e+00 2.643426838340942608e-03 1.174809975857537825e-01
7.599999999999999645e+00 -8.915972903147344544e-03 1.112900487375600433e-01
7.699999999999999289e+00 -1.961458290917106675e-02 9.731131252625349615e-02
7.800000000000000711e+00 -2.837823540839804620e-02 7.556270661995419247e-02
7.900000000000000355e+00 -3.472712423316190455e-02 5.230748637395712941e-02
8.000000000000000000e+00 -3.883973268318947208e-02 3.672106774366493132e-02
8.100000000000001421e+00 -4.207133778189489637e-02 3.259977542317196719e-02
8.199999999999999289e+00 -4.535968776782386969e-02 3.640597786274707426e-02
8.300000000000000711e+00 -4.935253335444431122e-02 4.229831471051009872e-02
8.399999999999998579e+00 -5.381935070992588388e-02 4.543058309758479796e-02
8.500000000000000000e+00 -5.843864997396126804e-02 4.353341907168561953e-02
8.599999999999999645e+00 -6.252603452426301611e-02 3.689231498320388880e-02
8.699999999999999289e+00 -6.581711297060204025e-02 2.671232010722335293e-02
8.799999999999998934e+00 -6.786849854570768670e-02 1.257975560884461164e-02
8.900000000000000355e+00 -6.833306409237097090e-02 -4.831055542471207609e-03
9.000000000000000000e+00 -6.690228743721343685e-02 -2.492230130738809502e-02
9.099999999999999645e+00 -6.334860383089334357e-02 -4.662512830173731748e-02
9.199999999999999289e+00 -5.757726177686597890e-02 -6.693501176790997431e-02
9.300000000000000711e+00 -4.996160147731135148e-02 -8.171439734306074065e-02
9.400000000000000355e+00 -4.123438230825382522e-02 -8.853469454129772598e-02
9.500000000000000000e+00 -3.225466256905180906e-02 -8.837894317490371798e-02
9.600000000000001421e+00 -2.355859367327308579e-02 -8.436862591784896614e-02
9.699999999999999289e+00 -1.538093738548201340e-02 -7.884495657865750462e-02
9.800000000000000711e+00 -7.789602357541585385e-03 -7.318828097350635331e-02
9.899999999999998579e+00 -7.432811907807437835e-04 -6.821761673546100635e-02
1.000000000000000000e+01 5.853920989550616232e-03 -6.304058587603103558e-02
1.009999999999999964e+01 1.186483598442546368e-02 -5.616982037672568762e-02
1.019999999999999929e+01 1.708788506489575254e-02 -4.710518721624408489e-02
1.029999999999999893e+01 2.128587342767428170e-02 -3.538512170827617931e-02
1.040000000000000036e+01 2.416490940655098910e-02 -2.074131123324651771e-02
1.050000000000000000e+01 2.543413567432358316e-02 -4.751482644157062341e-03
1.059999999999999964e+01 2.511520593538240156e-02 1.044353398290660817e-02
1.069999999999999929e+01 2.334542887774226222e-02 2.229184054578392526e-02
1.080000000000000071e+01 2.065683782622561651e-02 2.784758030472266055e-02
1.090000000000000036e+01 1.777591281679772803e-02 2.715641560985747327e-02
1.100000000000000000e+01 1.522555470425412255e-02 2.361583619793643229e-02
1.109999999999999964e+01 1.305274557721044365e-02 2.082559293764461167e-02
1.119999999999999929e+01 1.106043611672519883e-02 2.044079453989684075e-02
1.130000000000000071e+01 8.964586669231075153e-03 2.185194113555066764e-02
1.139999999999999858e+01 6.690047889615065822e-03 2.300742128511994167e-02
1.150000000000000000e+01 4.363102412207085952e-03 2.208201836557732722e-02
1.159999999999999964e+01 2.273644216499599944e-03 2.142383889323828949e-02
1.169999999999999929e+01 7.833463355942809118e-05 1.147253005657455915e-02
1.179999999999999893e+01 -2.086179481531207598e-05 4.098803206980982305e-04
1.190000000000000036e+01 -3.641430580191565769e-06 -1.043089740765603697e-04
1.200000000000000000e+01 0.000000000000000000e+00 -3.641430580191565769e-05
