0.000000000000000000e+00 1.533745705026415251e+01 4.000276042982363833e+00
1.000000000000000056e-01 1.493742944596591649e+01 4.000276042982378044e+00
2.000000000000000111e-01 1.453740184166767690e+01 4.000276042982392255e+00
3.000000000000000444e-01 1.413737423736943732e+01 4.000276042982392255e+00
4.000000000000000222e-01 1.373734663307119774e+01 4.000276042982392255e+00
5.000000000000000000e-01 1.333731902877295994e+01 4.000276042982392255e+00
6.000000000000000888e-01 1.293729142447472036e+01 4.000276042982399360e+00
6.999999999999999556e-01 1.253726382017647900e+01 4.000276042982392255e+00
8.000000000000000444e-01 1.213723621587824120e+01 4.000276042982392255e+00
8.999999999999999112e-01 1.173720861158000162e+01 4.000276042982392255e+00
1.000000000000000000e+00 1.133718100728176381e+01 4.000276042982385150e+00
1.099999999999999867e+00 1.093715340298352423e+01 4.000276042982392255e+00
1.200000000000000178e+00 1.053712579868528465e+01 4.000276042982392255e+00
1.300000000000000044e+00 1.013709819438704507e+01 4.000276042982392255e+00
1.399999999999999911e+00 9.737070590088805488e+00 4.000276042982392255e+00
1.500000000000000000e+00 9.337042985790565908e+00 4.000276042982392255e+00
1.600000000000000089e+00 8.937015381492328103e+00 4.000276042982392255e+00
1.699999999999999956e+00 8.536987777194088522e+00 4.000276042982392255e+00
1.799999999999999822e+00 8.136960172895848942e+00 4.000276042982392255e+00
1.899999999999999911e+00 7.736932568597609361e+00 4.000276042982392255e+00
2.000000000000000000e+00 7.336904964299370668e+00 4.000276042982392255e+00
2.099999999999999645e+00 6.936877360001131088e+00 4.000276042982392255e+00
2.199999999999999734e+00 6.536849755702892395e+00 4.000276042982388702e+00
2.299999999999999822e+00 6.136822151404653702e+00 4.000276042982395808e+00
2.400000000000000355e+00 5.736794547106413233e+00 4.000276042982399360e+00
2.500000000000000000e+00 5.336766942808173653e+00 4.000276042982392255e+00
2.600000000000000089e+00 4.936739338509934072e+00 4.000276042982392255e+00
2.700000000000000178e+00 4.536711734211695379e+00 4.000276042982388702e+00
2.799999999999999822e+00 4.136684129913456687e+00 4.000276042982388702e+00
2.899999999999999911e+00 3.736656525615217106e+00 4.000276042982392255e+00
3.000000000000000000e+00 3.336628921316977969e+00 4.000276042982386926e+00
3.099999999999999645e+00 2.936601317018739721e+00 4.000276042982392255e+00
3.200000000000000178e+00 2.536573712720499696e+00 4.000276042982404689e+00
3.300000000000000266e+00 2.136546108422258783e+00 4.000276042982392255e+00
3.399999999999999911e+00 1.736518504124020978e+00 5.084526302917058871e+00
3.500000000000000000e+00 1.119640847838847098e+00 5.602929174692514280e+00
3.599999999999999645e+00 6.159326691855182556e-01 4.453678093101459012e+00
3.700000000000000178e+00 2.289052292185553006e-01 3.350602840602423527e+00
3.799999999999999822e+00 -5.418789893496653992e-02 2.405925104429507577e+00
3.900000000000000355e+00 -2.522797916673462093e-01 1.637701416467635784e+00
4.000000000000000000e+00 -3.817281822284936954e-01 1.030412865425736291e+00
4.099999999999999645e+00 -4.583623647524934785e-01 5.752999776931113640e-01
4.199999999999999289e+00 -4.967881777671159793e-01 2.670455019687949516e-01
4.299999999999999822e+00 -5.117714651462524911e-01 8.694869667461668783e-02
4.399999999999999467e+00 -5.141779171020393058e-01 -1.210440090447084671e-02
4.500000000000000000e+00 -5.093505849653582329e-01 -8.326148629757001984e-02
4.599999999999999645e+00 -4.975256198425253018e-01 -1.515695113983612785e-01
4.700000000000000178e+00 -4.790366826856859994e-01 -2.095105732222237727e-01
4.800000000000000711e+00 -4.556235051980805917e-01 -2.448580335695424992e-01
4.900000000000000355e+00 -4.300650759717775107e-01 -2.565312272212172395e-01
5.000000000000000000e+00 -4.043172597538371438e-01 -2.547628689201986152e-01
5.099999999999999645e+00 -3.791125021877377876e-01 -2.465422148380806977e-01
5.200000000000000178e+00 -3.550088167862209820e-01 -2.257375588072398909e-01
5.299999999999999822e+00 -3.339649904262897984e-01 -1.824605358165420910e-01
5.400000000000000355e+00 -3.185167096229125638e-01 -1.240674016573821703e-01
5.500000000000000000e+00 -3.091515100948133976e-01 -6.588210189166865405e-02
5.599999999999999645e+00 -3.053402892445788441e-01 -1.820358600240479241e-02
5.699999999999999289e+00 -3.055107928943324169e-01 6.786167467294657030e-03
5.799999999999999822e+00 -3.066975227380377422e-01 -1.289859086241351704e-03
5.899999999999999467e+00 -3.052528210770841799e-01 -3.773156516186593201e-02
6.000000000000000000e+00 -2.991512097056645558e-01 -8.225182941665099001e-02
6.099999999999999645e+00 -2.888024551937539708e-01 -1.136319492974962042e-01
6.199999999999999289e+00 -2.764248198461653483e-01 -1.277843411009653707e-01
6.300000000000000711e+00 -2.632455869735608744e-01 -1.297953492914312168e-01
6.400000000000000355e+00 -2.504657499878790716e-01 -1.227929605682842595e-01
6.500000000000000000e+00 -2.386869948599040225e-01 -1.129396420242274601e-01
6.600000000000000533e+00 -2.278778215830336018e-01 -1.046340009233963642e-01
6.700000000000000178e+00 -2.177601946752247553e-01 -9.444626587247584304e-02
6.799999999999999822e+00 -2.089885684085384110e-01 -8.156949091615128822e-02
6.899999999999999467e+00 -2.014462964919944976e-01 -6.798867335652869492e-02
7.000000000000000000e+00 -1.953908337372326776e-01 -5.559885366142847118e-02
7.099999999999999645e+00 -1.903265257597087923e-01 -4.840098413518723053e-02
7.199999999999999289e+00 -1.857106369101952370e-01 -4.944880051394451304e-02
7.299999999999998934e+00 -1.804367656569199063e-01 -5.688550971791528355e-02
7.400000000000000355e+00 -1.743335349666121914e-01 -6.769466879363661427e-02
7.500000000000000000e+00 -1.668978318981925724e-01 -8.167848491566187530e-02
7.599999999999999645e+00 -1.579978379834797997e-01 -9.641607579950539630e-02
7.699999999999999289e+00 -1.476146167382914876e-01 -1.050234986077246413e-01
7.800000000000000711e+00 -1.369931382619348770e-01 -9.973454396049008519e-02
7.900000000000000355e+00 -1.276677079461934761e-01 -8.205333864687092138e-02
8.000000000000000000e+00 -1.205824705325606871e-01 -5.953523127740578680e-02
8.100000000000001421e+00 -1.157606616907123076e-01 -3.880407629335624886e-02
8.199999999999999289e+00 -1.128216552738894318e-01 -2.462998311791808614e-02
8.300000000000000711e+00 -1.108346650671286904e-01 -2.037908378951969190e-02
8.399999999999998579e+00 -1.087458385159855018e-01 -2.391434290183969136e-02
8.500000000000000000e+00 -1.060517964867607604e-01 -3.238019162528005257e-02
8.599999999999999645e+00 -1.022698001909294885e-01 -4.361427154189545519e-02
8.699999999999999289e+00 -9.732894217838167217e-02 -5.606961739274257672e-02
8.799999999999998934e+00 -9.105587671238096759e-02 -6.906676030402303379e-02
8.900000000000000355e+00 -8.351559011757705986e-02 -8.221135070058205319e-02
9.000000000000000000e+00 -7.461360657226455417e-02 -9.571946596331548651e-02
9.099999999999999645e+00 -6.437169692491395701e-02 -1.095098808397795831e-01
9.199999999999999289e+00 -5.271163040430864449e-02 -1.219550647322669990e-01
9.300000000000000711e+00 -3.998068397846055860e-02 -1.306629097129011763e-01
9.400000000000000355e+00 -2.657904846172840646e-02 -1.324880277542305473e-01
9.500000000000000000e+00 -1.348307842761444809e-02 -1.235010117288304343e-01
9.600000000000001421e+00 -1.878846115962318295e-03 -1.042301769075242857e-01
9.699999999999999289e+00 7.362956953890409731e-03 -7.900668237968376528e-02
9.800000000000000711e+00 1.392249035997443485e-02 -5.195449331081131161e-02
9.899999999999998579e+00 1.775385561605267309e-02 -2.576743323056795987e-02
1.000000000000000000e+01 1.907597700608802682e-02 -2.480688914904438658e-03
1.009999999999999964e+01 1.824999339903355874e-02 1.658990303430961377e-02
1.019999999999999929e+01 1.575799639922610337e-02 3.023843250451927270e-02
1.029999999999999893e+01 1.220230689812970559e-02 3.707167536539218711e-02
1.040000000000000036e+01 8.343661326147666646e-03 3.665354251099936511e-02
1.050000000000000000e+01 4.871598395929831009e-03 3.063513643222426017e-02
1.059999999999999964e+01 2.216634039702814699e-03 2.259431825556511980e-02
1.069999999999999929e+01 3.527347448168063762e-04 1.510676517776599059e-02
1.080000000000000071e+01 -8.047189958503837663e-04 8.607628139236309095e-03
1.090000000000000036e+01 -1.368790883030455551e-03 3.163023169368820234e-03
1.100000000000000000e+01 -1.437323629724147726e-03 -8.515474140729558522e-04
1.109999999999999964e+01 -1.198481400215864294e-03 -3.089504931363419409e-03
1.119999999999999929e+01 -8.194226434514638663e-04 -3.193997625387684849e-03
1.130000000000000071e+01 -5.596818751383273892e-04 -1.403643139750743087e-03
1.139999999999999858e+01 -5.386940155013152272e-04 1.123269466763342911e-03
1.150000000000000000e+01 -7.843357684909959280e-04 3.027827974483878002e-03
1.159999999999999964e+01 -1.144259610398090914e-03 -3.961745617927742852e-03
1.169999999999999929e+01 8.013355094552711188e-06 -5.707174909931010502e-03
1.179999999999999893e+01 -2.824628411888727577e-06 4.851222207354315418e-05
1.190000000000000036e+01 -1.689089320155920410e-06 -1.412314205944363746e-05
1.200000000000000000e+01 0.000000000000000000e+00 -1.689089320155920325e-05
