0.000000000000000000e+00 3.339442904705037307e+01 1.122882113546006622e+01
1.000000000000000056e-01 3.227154693350436787e+01 1.122882113546003779e+01
2.000000000000000111e-01 3.114866481995836978e+01 1.122882113546003779e+01
3.000000000000000444e-01 3.002578270641236102e+01 1.122882113546006622e+01
4.000000000000000222e-01 2.890290059286635582e+01 1.122882113546006622e+01
5.000000000000000000e-01 2.778001847932034707e+01 1.122882113546006622e+01
6.000000000000000888e-01 2.665713636577434187e+01 1.122882113546006622e+01
6.999999999999999556e-01 2.553425425222833667e+01 1.122882113546008043e+01
8.000000000000000444e-01 2.441137213868232436e+01 1.122882113546005201e+01
8.999999999999999112e-01 2.328849002513632627e+01 1.122882113546005201e+01
1.000000000000000000e+00 2.216560791159031396e+01 1.122882113546006622e+01
1.099999999999999867e+00 2.104272579804431231e+01 1.122882113546006622e+01
1.200000000000000178e+00 1.991984368449830356e+01 1.122882113546008043e+01
1.300000000000000044e+00 1.879696157095229481e+01 1.122882113546006622e+01
1.399999999999999911e+00 1.767407945740628961e+01 1.122882113546005201e+01
1.500000000000000000e+00 1.655119734386028441e+01 1.122882113546005201e+01
1.600000000000000089e+00 1.542831523031427743e+01 1.122882113546006622e+01
1.699999999999999956e+00 1.430543311676827045e+01 1.122882113546005201e+01
1.799999999999999822e+00 1.318255100322226703e+01 1.122882113546005911e+01
1.899999999999999911e+00 1.205966888967626005e+01 1.122882113546006622e+01
2.000000000000000000e+00 1.093678677613025485e+01 1.122882113546005911e+01
2.099999999999999645e+00 9.813904662584247873e+00 1.122882113546005911e+01
2.199999999999999734e+00 8.691022549038242673e+00 1.122882113546005911e+01
2.299999999999999822e+00 7.568140435492235696e+00 1.122882113546008043e+01
2.400000000000000355e+00 6.445258321946226054e+00 1.122882113546008043e+01
2.500000000000000000e+00 5.322376208400219078e+00 1.122882113546005911e+01
2.600000000000000089e+00 4.199494094854213877e+00 1.122882113546005733e+01
2.700000000000000178e+00 3.076611981308207788e+00 1.122882113546006089e+01
2.799999999999999822e+00 1.953729867762201700e+00 8.418059266787748740e+00
2.899999999999999911e+00 1.393000127950657863e+00 4.641501134196128753e+00
3.000000000000000000e+00 1.025429640922975727e+00 3.190087829676979236e+00
3.099999999999999645e+00 7.549825620152619265e-01 2.425018886517260164e+00
3.200000000000000178e+00 5.404258636195237164e-01 1.961887114096926510e+00
3.300000000000000266e+00 3.626051391958765580e-01 1.635907891116306301e+00
3.399999999999999911e+00 2.132442853962625007e-01 1.383017655175002858e+00
3.500000000000000000e+00 8.600160816087595861e-02 1.183377120495095802e+00
3.599999999999999645e+00 -2.343113870275666255e-02 1.016272416162213865e+00
3.700000000000000178e+00 -1.172528750715668144e-01 8.526386748399676918e-01
3.799999999999999822e+00 -1.939588736707502092e-01 6.754306083336887312e-01
3.900000000000000355e+00 -2.523389967383045662e-01 4.879474036638528078e-01
4.000000000000000000e+00 -2.915483544035207819e-01 3.044753449493713404e-01
4.099999999999999645e+00 -3.132340657281788565e-01 1.385702298441904290e-01
4.199999999999999289e+00 -3.192624003723588677e-01 -5.985704252862378283e-03
4.299999999999999822e+00 -3.120369248776063698e-01 -1.285631584342274980e-01
4.399999999999999467e+00 -2.935497686855133570e-01 -2.243034761741324878e-01
4.500000000000000000e+00 -2.671762296427798722e-01 -2.821410198432405814e-01
4.599999999999999645e+00 -2.371215647168652407e-01 -2.876405865287308128e-01
4.700000000000000178e+00 -2.096481123370337041e-01 -2.348877678824567994e-01
4.800000000000000711e+00 -1.901440111403738809e-01 -1.319321977932332857e-01
4.900000000000000355e+00 -1.832616727783870358e-01 -8.899171726974852703e-03
5.000000000000000000e+00 -1.883641767949789103e-01 8.786751087363531276e-02
5.099999999999999645e+00 -2.008351749531140928e-01 1.304128758464255800e-01
5.200000000000000178e+00 -2.144467519642640208e-01 1.247201627808169899e-01
5.299999999999999822e+00 -2.257792075092774908e-01 9.953303086484299733e-02
5.400000000000000355e+00 -2.343533581372326258e-01 7.687238532851670136e-02
5.500000000000000000e+00 -2.411536845749808478e-01 5.817319471544402099e-02
5.599999999999999645e+00 -2.459879970803214300e-01 3.062823791823010566e-02
5.699999999999999289e+00 -2.472793321586268522e-01 -1.480498882098713054e-02
5.799999999999999822e+00 -2.430269993161240094e-01 -7.527939949152262500e-02
5.899999999999999467e+00 -2.322234522603223439e-01 -1.399383980605195532e-01
6.000000000000000000e+00 -2.150393197040200988e-01 -1.938831196824399861e-01
6.099999999999999645e+00 -1.934468283238343356e-01 -2.287963088839264358e-01
6.199999999999999289e+00 -1.692800579272348005e-01 -2.483729365130067368e-01
6.300000000000000711e+00 -1.437722410212329827e-01 -2.557793441281944746e-01
6.400000000000000355e+00 -1.181241891015959028e-01 -2.509645311230229159e-01
6.500000000000000000e+00 -9.357933479662840226e-02 -2.307943426183872715e-01
6.600000000000000533e+00 -7.196532057791844850e-02 -1.936613768330318619e-01
6.700000000000000178e+00 -5.484705943002202849e-02 -1.409936618743835024e-01
6.799999999999999822e+00 -4.376658820304174524e-02 -7.643526454107665846e-02
6.899999999999999467e+00 -3.956000652180669680e-02 -9.561883286688110939e-03
7.000000000000000000e+00 -4.185421154570412305e-02 4.486498733834368147e-02
7.099999999999999645e+00 -4.853300398947543726e-02 7.945066547769741305e-02
7.199999999999999289e+00 -5.774434464124360983e-02 9.685765703081800071e-02
7.299999999999998934e+00 -6.790453539563903740e-02 1.049255558700705748e-01
7.400000000000000355e+00 -7.872945581525772618e-02 1.081110207919594446e-01
7.500000000000000000e+00 -8.952673955403092632e-02 1.028671621254350632e-01
7.599999999999999645e+00 -9.930288824034473605e-02 8.687599251788424848e-02
7.699999999999999289e+00 -1.069019380576077816e-01 6.696257998105598075e-02
7.800000000000000711e+00 -1.126954042365559405e-01 5.056987428663850537e-02
7.900000000000000355e+00 -1.170159129149354743e-01 3.657649963659637127e-02
8.000000000000000000e+00 -1.200107041638752148e-01 2.200046565373481311e-02
8.100000000000001421e+00 -1.214160060456824369e-01 7.341616916480386834e-03
8.199999999999999289e+00 -1.214790275471712838e-01 -5.874417592817260392e-03
8.300000000000000711e+00 -1.202411225271189932e-01 -1.830935384606990901e-02
8.399999999999998579e+00 -1.178171567779573020e-01 -2.991091206840801320e-02
8.500000000000000000e+00 -1.142589401134373878e-01 -4.117040659727366769e-02
8.599999999999999645e+00 -1.095830754585025713e-01 -5.120492312674651547e-02
8.699999999999999289e+00 -1.040179554880880791e-01 -6.076900590573142136e-02
8.799999999999998934e+00 -9.742927427735628698e-02 -7.145558053646938745e-02
8.900000000000000355e+00 -8.972683938079420440e-02 -8.101963919509103107e-02
9.000000000000000000e+00 -8.122534643833807799e-02 -8.276312729087831332e-02
9.099999999999999645e+00 -7.317421392261853896e-02 -7.274619456566389086e-02
9.199999999999999289e+00 -6.667610752520529427e-02 -5.700488089624311527e-02
9.300000000000000711e+00 -6.177323774336991591e-02 -4.281097288076651797e-02
9.400000000000000355e+00 -5.811391294905199345e-02 -3.272025444930320992e-02
9.500000000000000000e+00 -5.522918685350927670e-02 -2.777558014107983642e-02
9.600000000000001421e+00 -5.255879692083603033e-02 -2.953320592758706953e-02
9.699999999999999289e+00 -4.932254566799185863e-02 -3.592584006096499749e-02
9.800000000000000711e+00 -4.537362890864302806e-02 -4.278612863174369174e-02
9.899999999999998579e+00 -4.076531994164311890e-02 -4.715068963163093763e-02
1.000000000000000000e+01 -3.594349098231684053e-02 -4.910385868417982413e-02
1.009999999999999964e+01 -3.094454820480715615e-02 -4.895218335213932792e-02
1.019999999999999929e+01 -2.615305431188897495e-02 -4.758659575110188444e-02
1.029999999999999893e+01 -2.142722905458677857e-02 -4.537009552182778849e-02
1.040000000000000036e+01 -1.707903520752341794e-02 -4.290253115094062875e-02
1.050000000000000000e+01 -1.284672282439865143e-02 -4.071214547228064334e-02
1.059999999999999964e+01 -8.936606113067287888e-03 -3.876381804255600583e-02
1.069999999999999929e+01 -5.093959215887450612e-03 -3.538952124146203804e-02
1.080000000000000071e+01 -1.858701864774879239e-03 -3.150869318301130484e-02
1.090000000000000036e+01 1.207779420714811267e-03 -2.923346813576057496e-02
1.100000000000000000e+01 3.987991762377235752e-03 -2.705824849232009097e-02
1.109999999999999964e+01 6.619429119178829590e-03 -2.361612466753103962e-02
1.119999999999999929e+01 8.711216695883443675e-03 -1.783163963119985262e-02
1.130000000000000071e+01 1.018575704541880081e-02 -9.400037440879679962e-03
1.139999999999999858e+01 1.059122418405938036e-02 1.580385350857561877e-03
1.150000000000000000e+01 9.869679975247288434e-03 1.203765994417810292e-02
1.159999999999999964e+01 8.183692195223758389e-03 3.656649369873229277e-02
1.169999999999999929e+01 2.556381235500829272e-03 3.926854416686174215e-02
1.179999999999999893e+01 3.299833618514108700e-04 1.264061979992952764e-02
1.190000000000000036e+01 2.825727551492375250e-05 1.649916809257054350e-03
1.200000000000000000e+01 0.000000000000000000e+00 2.825727551492374979e-04
