0.000000000000000000e+00 6.938922740656907706e+01 1.776188337110738757e+01
1.000000000000000056e-01 6.761303906945833830e+01 1.776188337110727389e+01
2.000000000000000111e-01 6.583685073234762797e+01 1.776188337110727389e+01
3.000000000000000444e-01 6.406066239523688921e+01 1.776188337110727389e+01
4.000000000000000222e-01 6.228447405812617177e+01 1.776188337110727389e+01
5.000000000000000000e-01 6.050828572101543301e+01 1.776188337110738757e+01
6.000000000000000888e-01 5.873209738390469425e+01 1.776188337110727389e+01
6.999999999999999556e-01 5.695590904679397681e+01 1.776188337110727389e+01
8.000000000000000444e-01 5.517972070968323806e+01 1.776188337110733073e+01
8.999999999999999112e-01 5.340353237257251351e+01 1.776188337110727389e+01
1.000000000000000000e+00 5.162734403546178896e+01 1.776188337110727389e+01
1.099999999999999867e+00 4.985115569835105731e+01 1.776188337110727389e+01
1.200000000000000178e+00 4.807496736124033276e+01 1.776188337110730231e+01
1.300000000000000044e+00 4.629877902412960111e+01 1.776188337110730231e+01
1.399999999999999911e+00 4.452259068701886946e+01 1.776188337110727389e+01
1.500000000000000000e+00 4.274640234990814491e+01 1.776188337110727389e+01
1.600000000000000089e+00 4.097021401279741326e+01 1.776188337110727389e+01
1.699999999999999956e+00 3.919402567568668871e+01 1.776188337110730231e+01
1.799999999999999822e+00 3.741783733857595706e+01 1.776188337110730231e+01
1.899999999999999911e+00 3.564164900146522541e+01 1.776188337110727389e+01
2.000000000000000000e+00 3.386546066435450086e+01 1.776188337110727389e+01
2.099999999999999645e+00 3.208927232724376921e+01 1.776188337110727389e+01
2.199999999999999734e+00 3.031308399013304467e+01 1.776188337110727389e+01
2.299999999999999822e+00 2.853689565302231657e+01 1.776188337110733073e+01
2.400000000000000355e+00 2.676070731591157781e+01 1.776188337110733073e+01
2.500000000000000000e+00 2.498451897880084971e+01 1.776188337110727389e+01
2.600000000000000089e+00 2.320833064169012516e+01 1.776188337110728810e+01
2.700000000000000178e+00 2.143214230457939351e+01 1.776188337110728810e+01
2.799999999999999822e+00 1.965595396746866541e+01 1.776188337110728810e+01
2.899999999999999911e+00 1.787976563035793376e+01 1.776188337110728810e+01
3.000000000000000000e+00 1.610357729324720921e+01 1.776188337110724547e+01
3.099999999999999645e+00 1.432738895613648644e+01 1.776188337110728810e+01
3.200000000000000178e+00 1.255120061902574946e+01 1.776188337110734494e+01
3.300000000000000266e+00 1.077501228191501781e+01 1.776188337110728099e+01
3.399999999999999911e+00 8.998823944804293262e+00 1.776188337110728810e+01
3.500000000000000000e+00 7.222635607693558946e+00 1.547627458620277352e+01
3.599999999999999645e+00 5.903569027563738913e+00 1.207260113772797894e+01
3.700000000000000178e+00 4.808115380147963691e+00 9.839840384154303621e+00
3.799999999999999822e+00 3.935600950732878189e+00 7.911439626767695188e+00
3.900000000000000355e+00 3.225827454794424121e+00 6.452557552164433829e+00
4.000000000000000000e+00 2.645089440299991157e+00 5.334705314984331537e+00
4.099999999999999645e+00 2.158886391797557813e+00 4.482786038596458411e+00
4.199999999999999289e+00 1.748532232580699564e+00 3.776270491342922142e+00
4.299999999999999822e+00 1.403632293528973340e+00 3.184602911027468508e+00
4.399999999999999467e+00 1.111611650375205818e+00 2.705269275078960867e+00
4.500000000000000000e+00 8.625784385131810561e-01 2.301583958468919278e+00
4.599999999999999645e+00 6.512948586814218954e-01 1.951951535884240307e+00
4.700000000000000178e+00 4.721881313363329724e-01 1.648575018727381547e+00
4.800000000000000711e+00 3.215798549359455416e-01 1.385240204567794287e+00
4.900000000000000355e+00 1.951400904227741095e-01 1.162602797672320776e+00
5.000000000000000000e+00 8.905929540148138646e-02 9.802129260943764910e-01
5.099999999999999645e+00 -9.024947961011963544e-04 8.325424457124328548e-01
5.200000000000000178e+00 -7.744919374100518727e-02 7.075799247689350535e-01
5.299999999999999822e+00 -1.424184797498882216e-01 5.875504783778249251e-01
5.400000000000000355e+00 -1.949592894165701751e-01 4.752508660627939863e-01
5.500000000000000000e+00 -2.374686529624470133e-01 3.890784210220158412e-01
5.599999999999999645e+00 -2.727749736209733600e-01 3.262155012835841195e-01
5.699999999999999289e+00 -3.027117532191638816e-01 2.688529805899690928e-01
5.799999999999999822e+00 -3.265455697389672007e-01 2.087739723661918845e-01
5.899999999999999467e+00 -3.444665476924022585e-01 1.361331811672183978e-01
6.000000000000000000e+00 -3.537722059724108803e-01 5.398512802182131587e-02
6.099999999999999645e+00 -3.552635732967664994e-01 -1.560400384275384411e-02
6.199999999999999289e+00 -3.506514052038600671e-01 -6.038874851631459428e-02
6.300000000000000711e+00 -3.431858235935035806e-01 -8.007069898308860623e-02
6.400000000000000355e+00 -3.346372654072423680e-01 -8.422933312206493106e-02
6.500000000000000000e+00 -3.263399569690905722e-01 -9.880889592472952287e-02
6.600000000000000533e+00 -3.148754862222964412e-01 -1.373339533766382292e-01
6.700000000000000178e+00 -2.988731662937629263e-01 -1.828300045515085515e-01
6.799999999999999822e+00 -2.783094853119947309e-01 -2.086392867785831218e-01
6.899999999999999467e+00 -2.571453089380463242e-01 -2.032402755884208378e-01
7.000000000000000000e+00 -2.376614301943105745e-01 -1.826226226847629253e-01
7.099999999999999645e+00 -2.206207844010937280e-01 -1.711970370745903303e-01
7.199999999999999289e+00 -2.034220227793925029e-01 -1.762938637593491897e-01
7.299999999999998934e+00 -1.853620116492238901e-01 -1.885041265376887765e-01
7.400000000000000355e+00 -1.657211974718547642e-01 -1.937221235861801283e-01
7.500000000000000000e+00 -1.466175869319878700e-01 -1.820168383747552410e-01
7.599999999999999645e+00 -1.293178297969037049e-01 -1.587285058766650936e-01
7.699999999999999289e+00 -1.148718857566548429e-01 -1.357697610116137543e-01
7.800000000000000711e+00 -1.021638775945809541e-01 -1.226965239737677904e-01
7.900000000000000355e+00 -9.033258096190127651e-02 -1.231099050238727566e-01
8.000000000000000000e+00 -7.754189658980639721e-02 -1.261018768284482561e-01
8.100000000000001421e+00 -6.511220559621162807e-02 -1.123041025306006357e-01
8.199999999999999289e+00 -5.508107608368626590e-02 -7.928233660078451428e-02
8.300000000000000711e+00 -4.925573827605472799e-02 -3.999127632582141767e-02
8.399999999999998579e+00 -4.708282081852198375e-02 -1.001652736383448761e-02
8.500000000000000000e+00 -4.725243280328782908e-02 1.832833632561592374e-03
8.599999999999999645e+00 -4.744938754503430500e-02 -4.116879154396846374e-03
8.699999999999999289e+00 -4.642905697240845564e-02 -1.746791608860176481e-02
8.799999999999998934e+00 -4.395580432731394788e-02 -2.692354606653735161e-02
8.900000000000000355e+00 -4.104434775910098532e-02 -2.513718284068744424e-02
9.000000000000000000e+00 -3.892836775917646319e-02 -1.208540114971234924e-02
9.099999999999999645e+00 -3.862726752915851547e-02 6.098179083965121761e-03
9.199999999999999289e+00 -4.014800357596948199e-02 1.927041223915321178e-02
9.300000000000000711e+00 -4.248134997698915782e-02 1.951759609194059220e-02
9.400000000000000355e+00 -4.405152279435760321e-02 6.362288827496065391e-03
9.500000000000000000e+00 -4.375380774248837507e-02 -1.307334416922001363e-02
9.600000000000001421e+00 -4.143685396051360187e-02 -2.918947854451853230e-02
9.699999999999999289e+00 -3.791591203358466583e-02 -3.338162435283117957e-02
9.800000000000000711e+00 -3.476052908994736040e-02 -2.553874185593360546e-02
9.899999999999998579e+00 -3.280816366239794335e-02 -1.444744823293384051e-02
1.000000000000000000e+01 -3.187103944336059508e-02 -7.572803556192497787e-03
1.009999999999999964e+01 -3.129360295115944657e-02 -6.445009203816909338e-03
1.019999999999999929e+01 -3.058203760259721460e-02 -9.752896692374724008e-03
1.029999999999999893e+01 -2.934302361268449968e-02 -1.584067297088107007e-02
1.040000000000000036e+01 -2.741390300842099989e-02 -2.244722938331504547e-02
1.050000000000000000e+01 -2.485357773602149198e-02 -2.713819141623471931e-02
1.059999999999999964e+01 -2.198626472517405464e-02 -2.962061791547154765e-02
1.069999999999999929e+01 -1.892945415292718314e-02 -3.068416542184287943e-02
1.080000000000000071e+01 -1.584943164080547875e-02 -3.009856550269696118e-02
1.090000000000000036e+01 -1.290974105238778917e-02 -2.755345961815471034e-02
1.100000000000000000e+01 -1.033873971717453634e-02 -2.329722449493217690e-02
1.109999999999999964e+01 -8.250296153401353097e-03 -1.846001240916770453e-02
1.119999999999999929e+01 -6.646737235340995607e-03 -1.455137978392011429e-02
1.130000000000000071e+01 -5.340020196617330066e-03 -1.201520019480291357e-02
1.139999999999999858e+01 -4.243697196380412200e-03 -1.033692182857183506e-02
1.150000000000000000e+01 -3.272635830902962620e-03 -9.155483809471011772e-03
1.159999999999999964e+01 -2.412600434486210019e-03 -1.342027562391183426e-02
1.169999999999999929e+01 -5.885807061205955946e-04 -1.170745947762719986e-02
1.179999999999999893e+01 -7.110853896077017587e-05 -2.914719340246810404e-03
1.190000000000000036e+01 -5.636838071233419099e-06 -3.555426948038508794e-04
1.200000000000000000e+01 0.000000000000000000e+00 -5.636838071233418930e-05
