0.000000000000000000e+00 7.761519879814106559e+01 2.013682035480985633e+01
1.000000000000000056e-01 7.560151676266006859e+01 2.013682035480979948e+01
2.000000000000000111e-01 7.358783472717910001e+01 2.013682035480985633e+01
3.000000000000000444e-01 7.157415269169810301e+01 2.013682035480985633e+01
4.000000000000000222e-01 6.956047065621713443e+01 2.013682035480979948e+01
5.000000000000000000e-01 6.754678862073613743e+01 2.013682035480979948e+01
6.000000000000000888e-01 6.553310658525516885e+01 2.013682035480979948e+01
6.999999999999999556e-01 6.351942454977418606e+01 2.013682035480985633e+01
8.000000000000000444e-01 6.150574251429319617e+01 2.013682035480985633e+01
8.999999999999999112e-01 5.949206047881221338e+01 2.013682035480979948e+01
1.000000000000000000e+00 5.747837844333123769e+01 2.013682035480985633e+01
1.099999999999999867e+00 5.546469640785024069e+01 2.013682035480985633e+01
1.200000000000000178e+00 5.345101437236926500e+01 2.013682035480979948e+01
1.300000000000000044e+00 5.143733233688828221e+01 2.013682035480985633e+01
1.399999999999999911e+00 4.942365030140729232e+01 2.013682035480985633e+01
1.500000000000000000e+00 4.740996826592630953e+01 2.013682035480982790e+01
1.600000000000000089e+00 4.539628623044532674e+01 2.013682035480979948e+01
1.699999999999999956e+00 4.338260419496435105e+01 2.013682035480982790e+01
1.799999999999999822e+00 4.136892215948336116e+01 2.013682035480982790e+01
1.899999999999999911e+00 3.935524012400238547e+01 2.013682035480982790e+01
2.000000000000000000e+00 3.734155808852139558e+01 2.013682035480982790e+01
2.099999999999999645e+00 3.532787605304041989e+01 2.013682035480982790e+01
2.199999999999999734e+00 3.331419401755942999e+01 2.013682035480982790e+01
2.299999999999999822e+00 3.130051198207845076e+01 2.013682035480985633e+01
2.400000000000000355e+00 2.928682994659746086e+01 2.013682035480985633e+01
2.500000000000000000e+00 2.727314791111648162e+01 2.013682035480979948e+01
2.600000000000000089e+00 2.525946587563549883e+01 2.013682035480982790e+01
2.700000000000000178e+00 2.324578384015451604e+01 2.013682035480982790e+01
2.799999999999999822e+00 2.123210180467353325e+01 2.013682035480982790e+01
2.899999999999999911e+00 1.921841976919255046e+01 2.013682035480982790e+01
3.000000000000000000e+00 1.720473773371156767e+01 2.013682035480978527e+01
3.099999999999999645e+00 1.519105569823059199e+01 2.013682035480982790e+01
3.200000000000000178e+00 1.317737366274960209e+01 2.013682035480989896e+01
3.300000000000000266e+00 1.116369162726861219e+01 2.013682035480982790e+01
3.399999999999999911e+00 9.150009591787636509e+00 2.013682035480982080e+01
3.500000000000000000e+00 7.136327556306646613e+00 1.727059887470745281e+01
3.599999999999999645e+00 5.695889816846146481e+00 1.331979153758469181e+01
3.700000000000000178e+00 4.472369248789708429e+00 1.079947632261240642e+01
3.799999999999999822e+00 3.535994552323664664e+00 8.375751048038392099e+00
3.900000000000000355e+00 2.797219039182030187e+00 6.697439245501460192e+00
4.000000000000000000e+00 2.196506703223372714e+00 5.485669771498303149e+00
4.099999999999999645e+00 1.700085084882369202e+00 4.546567815683216551e+00
4.199999999999999289e+00 1.287193140086729359e+00 3.798568505809472029e+00
4.299999999999999822e+00 9.403713837204747961e-01 3.185737359190423668e+00
4.399999999999999467e+00 6.500456682486447368e-01 2.655119373110637948e+00
4.500000000000000000e+00 4.093475090983472175e-01 2.182768009877962712e+00
4.599999999999999645e+00 2.134920662730520891e-01 1.768511071126600109e+00
4.700000000000000178e+00 5.564529487302717625e-02 1.417755866242393692e+00
4.800000000000000711e+00 -7.005910697542666599e-02 1.121767193930633066e+00
4.900000000000000355e+00 -1.687081439130994620e-01 8.699265770521087404e-01
5.000000000000000000e+00 -2.440444223858484196e-01 6.519396800390430124e-01
5.099999999999999645e+00 -2.990960799209080867e-01 4.577001246863821038e-01
5.200000000000000178e+00 -3.355844473231248681e-01 2.826985615709043387e-01
5.299999999999999822e+00 -3.556357922350889544e-01 1.328178540656388407e-01
5.400000000000000355e+00 -3.621480181362526363e-01 1.146456953831620496e-02
5.500000000000000000e+00 -3.579287061427521843e-01 -7.903851855098675827e-02
5.599999999999999645e+00 -3.463403144260552846e-01 -1.368270256151291608e-01
5.699999999999999289e+00 -3.305633010197263633e-01 -1.662384222793458211e-01
5.799999999999999822e+00 -3.130926299701861093e-01 -1.777248967104785304e-01
5.899999999999999467e+00 -2.950183216776306461e-01 -1.807875781957539729e-01
6.000000000000000000e+00 -2.769351143310352925e-01 -1.812235459219855294e-01
6.099999999999999645e+00 -2.587736124932335513e-01 -1.803489913058935468e-01
6.199999999999999289e+00 -2.408653160698565887e-01 -1.781717581731463440e-01
6.300000000000000711e+00 -2.231392608586042492e-01 -1.753397204548605703e-01
6.400000000000000355e+00 -2.057973719788844802e-01 -1.705798487364562632e-01
6.500000000000000000e+00 -1.890232911113129965e-01 -1.642436355012559801e-01
6.600000000000000533e+00 -1.729486448786332620e-01 -1.576456440013571658e-01
6.700000000000000178e+00 -1.574941623110415745e-01 -1.504473442958781382e-01
6.799999999999999822e+00 -1.428591760194576343e-01 -1.394208475815711390e-01
6.899999999999999467e+00 -1.296099927947273467e-01 -1.245177428890610338e-01
7.000000000000000000e+00 -1.179556274416454359e-01 -1.080580949485090425e-01
7.099999999999999645e+00 -1.079983738050255271e-01 -9.260997709660750976e-02
7.199999999999999289e+00 -9.943363202232392839e-02 -7.925875883789745835e-02
7.299999999999998934e+00 -9.214662203744604374e-02 -6.982332714333627788e-02
7.400000000000000355e+00 -8.546896659365667281e-02 -6.455104756716367742e-02
7.500000000000000000e+00 -7.923641252401331103e-02 -6.094368058719235037e-02
7.599999999999999645e+00 -7.328023047621820552e-02 -5.831515378934154503e-02
7.699999999999999289e+00 -6.757338176614499647e-02 -5.803006990934211906e-02
7.800000000000000711e+00 -6.167421649434978032e-02 -5.856461967554560388e-02
7.900000000000000355e+00 -5.586045783103587431e-02 -5.531287414348362574e-02
8.000000000000000000e+00 -5.061164166565305239e-02 -4.694606233866216449e-02
8.100000000000001421e+00 -4.647124536330343725e-02 -3.555005413853637442e-02
8.199999999999999289e+00 -4.350163083794578167e-02 -2.551632579350807117e-02
8.300000000000000711e+00 -4.136798020460182718e-02 -1.999163915177670781e-02
8.399999999999998579e+00 -3.950330300759043872e-02 -1.936484148071399014e-02
8.500000000000000000e+00 -3.749501190845902499e-02 -1.935354914372650059e-02
8.599999999999999645e+00 -3.563259317884513722e-02 -1.687722279981349049e-02
8.699999999999999289e+00 -3.411956734849632550e-02 -1.418551371982706977e-02
8.799999999999998934e+00 -3.279549043487971910e-02 -1.422506213301757971e-02
8.900000000000000355e+00 -3.127455492189281511e-02 -1.615570118991241366e-02
9.000000000000000000e+00 -2.956435019689723775e-02 -1.910157258189729146e-02
9.099999999999999645e+00 -2.745424040551335335e-02 -2.293075422984877654e-02
9.199999999999999289e+00 -2.497819935092748453e-02 -2.554787101929938131e-02
9.300000000000000711e+00 -2.234466620165347778e-02 -2.488377950624671986e-02
9.400000000000000355e+00 -2.000144344967813917e-02 -2.229598805272127449e-02
9.500000000000000000e+00 -1.788546859110922219e-02 -2.061525708476946717e-02
9.600000000000001421e+00 -1.587839203272424504e-02 -1.949379073365507808e-02
9.699999999999999289e+00 -1.398671044437820726e-02 -1.786179644956095713e-02
9.800000000000000711e+00 -1.230603274281205466e-02 -1.581371997164068149e-02
9.899999999999998579e+00 -1.082396645005007096e-02 -1.344660539944615707e-02
1.000000000000000000e+01 -9.616711662922822548e-03 -9.965911791516485208e-03
1.009999999999999964e+01 -8.830784091746772882e-03 -6.199686291983488862e-03
1.019999999999999929e+01 -8.376774404526124429e-03 -3.237688539510875929e-03
1.029999999999999893e+01 -8.183246383844598390e-03 -1.497133700121430766e-03
1.040000000000000036e+01 -8.077347664501839317e-03 -1.330040154800253560e-03
1.050000000000000000e+01 -7.917238352884546290e-03 -3.060883063800881598e-03
1.059999999999999964e+01 -7.465171051741662650e-03 -5.639894015078639189e-03
1.069999999999999929e+01 -6.789259549868819493e-03 -7.266654612789132800e-03
1.080000000000000071e+01 -6.011840129183835570e-03 -7.423454034587530226e-03
1.090000000000000036e+01 -5.304568742951313275e-03 -6.630811812672450511e-03
1.100000000000000000e+01 -4.685677766649345641e-03 -5.215784324465191912e-03
1.109999999999999964e+01 -4.261411878058274198e-03 -3.703224204287813848e-03
1.119999999999999929e+01 -3.945032925791782871e-03 -2.873224738306708048e-03
1.130000000000000071e+01 -3.686766930396932849e-03 -2.674073001002644917e-03
1.139999999999999858e+01 -3.410218325591253628e-03 -2.990843460930474318e-03
1.150000000000000000e+01 -3.088598238210837899e-03 -3.778357875445113520e-03
1.159999999999999964e+01 -2.654546750502230924e-03 -9.899446973364329355e-03
1.169999999999999929e+01 -1.108708843537972244e-03 -1.240019720871009083e-02
1.179999999999999893e+01 -1.745073087602127518e-04 -5.462669273557409222e-03
1.190000000000000036e+01 -1.617498882649031524e-05 -8.725365438010636776e-04
1.200000000000000000e+01 0.000000000000000000e+00 -1.617498882649031321e-04
