0.000000000000000000e+00 4.349122745550845792e+01 1.258133437260113396e+01
1.000000000000000056e-01 4.223309401824834453e+01 1.258133437260113396e+01
2.000000000000000111e-01 4.097496058098823113e+01 1.258133437260113396e+01
3.000000000000000444e-01 3.971682714372811773e+01 1.258133437260110554e+01
4.000000000000000222e-01 3.845869370646801144e+01 1.258133437260110554e+01
5.000000000000000000e-01 3.720056026920789094e+01 1.258133437260113396e+01
6.000000000000000888e-01 3.594242683194777754e+01 1.258133437260116239e+01
6.999999999999999556e-01 3.468429339468766415e+01 1.258133437260113396e+01
8.000000000000000444e-01 3.342615995742755075e+01 1.258133437260113396e+01
8.999999999999999112e-01 3.216802652016743735e+01 1.258133437260113396e+01
1.000000000000000000e+00 3.090989308290732751e+01 1.258133437260113396e+01
1.099999999999999867e+00 2.965175964564720701e+01 1.258133437260113396e+01
1.200000000000000178e+00 2.839362620838710072e+01 1.258133437260110554e+01
1.300000000000000044e+00 2.713549277112698732e+01 1.258133437260113396e+01
1.399999999999999911e+00 2.587735933386687392e+01 1.258133437260113396e+01
1.500000000000000000e+00 2.461922589660676053e+01 1.258133437260111975e+01
1.600000000000000089e+00 2.336109245934665068e+01 1.258133437260111975e+01
1.699999999999999956e+00 2.210295902208653729e+01 1.258133437260113396e+01
1.799999999999999822e+00 2.084482558482642389e+01 1.258133437260113396e+01
1.899999999999999911e+00 1.958669214756631050e+01 1.258133437260113396e+01
2.000000000000000000e+00 1.832855871030619355e+01 1.258133437260113396e+01
2.099999999999999645e+00 1.707042527304608015e+01 1.258133437260111975e+01
2.199999999999999734e+00 1.581229183578597031e+01 1.258133437260111975e+01
2.299999999999999822e+00 1.455415839852585691e+01 1.258133437260114817e+01
2.400000000000000355e+00 1.329602496126574174e+01 1.258133437260114817e+01
2.500000000000000000e+00 1.203789152400562834e+01 1.258133437260113396e+01
2.600000000000000089e+00 1.077975808674551494e+01 1.258133437260113396e+01
2.700000000000000178e+00 9.521624649485401548e+00 1.258133437260112686e+01
2.799999999999999822e+00 8.263491212225288152e+00 1.258133437260111975e+01
2.899999999999999911e+00 7.005357774965176532e+00 1.258133437260112686e+01
3.000000000000000000e+00 5.747224337705063135e+00 7.706440654302738835e+00
3.099999999999999645e+00 5.464069644104629475e+00 8.763216354806935726e+00
3.200000000000000178e+00 3.994581066743676079e+00 1.208913522100384164e+01
3.300000000000000266e+00 3.046242599903860704e+00 8.210855972064971198e+00
3.399999999999999911e+00 2.352409872330681662e+00 6.147204249956590871e+00
3.500000000000000000e+00 1.816801749912542396e+00 4.818611083955838481e+00
3.599999999999999645e+00 1.388687655539514232e+00 3.895724607480310020e+00
3.700000000000000178e+00 1.037656828416480215e+00 3.236712877869940108e+00
3.799999999999999822e+00 7.413450799655261214e-01 2.729593649677628520e+00
3.900000000000000355e+00 4.917380984809545663e-01 2.288933137442081822e+00
4.000000000000000000e+00 2.835584524771096460e-01 1.875676224878461973e+00
4.099999999999999645e+00 1.166028535052621856e-01 1.481272472094681714e+00
4.199999999999999289e+00 -1.269604194182671897e-02 1.113029466816320534e+00
4.299999999999999822e+00 -1.060030398580019267e-01 7.716249633987951606e-01
4.399999999999999467e+00 -1.670210346215857677e-01 4.641485769518971516e-01
4.500000000000000000e+00 -1.988327552483813709e-01 2.071006821675268617e-01
4.599999999999999645e+00 -2.084411710550911345e-01 2.142153280667213888e-02
4.700000000000000178e+00 -2.031170618097157821e-01 -8.897735912663906621e-02
4.800000000000000711e+00 -1.906456992297633213e-01 -1.379082027443582215e-01
4.900000000000000355e+00 -1.755354212608441489e-01 -1.528041060226524861e-01
5.000000000000000000e+00 -1.600848780252328296e-01 -1.584054614142321737e-01
5.099999999999999645e+00 -1.438543289779977141e-01 -1.641998578118858410e-01
5.200000000000000178e+00 -1.272449064628556614e-01 -1.664936696745233924e-01
5.299999999999999822e+00 -1.105555950430930356e-01 -1.622849175919662823e-01
5.400000000000000355e+00 -9.478792294446239386e-02 -1.527120055416466560e-01
5.500000000000000000e+00 -8.001319393476369335e-02 -1.408272419267533326e-01
5.599999999999999645e+00 -6.662247455911173011e-02 -1.261077318093878352e-01
5.699999999999999289e+00 -5.479164757288612631e-02 -1.086910730252425572e-01
5.799999999999999822e+00 -4.488425995406321312e-02 -8.639011434522267385e-02
5.899999999999999467e+00 -3.751362470384159153e-02 -5.588107027777347580e-02
6.000000000000000000e+00 -3.370804589850851657e-02 -2.846962222340879145e-02
6.099999999999999645e+00 -3.181970025915983186e-02 -2.309063873991490379e-02
6.199999999999999289e+00 -2.908991815052553581e-02 -3.820926565070299763e-02
6.300000000000000711e+00 -2.417784712901923511e-02 -4.823605132024871844e-02
6.400000000000000355e+00 -1.944270788647579212e-02 -3.069521011163797719e-02
6.500000000000000000e+00 -1.803880510669163967e-02 9.540297290091412363e-03
6.600000000000000533e+00 -2.135076734449407529e-02 5.270225070341284790e-02
6.700000000000000178e+00 -2.857925524737420925e-02 7.849482559482863497e-02
6.799999999999999822e+00 -3.704973246345980020e-02 7.715284492565141483e-02
6.899999999999999467e+00 -4.400982423250449083e-02 6.008869883675710399e-02
7.000000000000000000e+00 -4.906747223081122516e-02 5.203475041590699401e-02
7.099999999999999645e+00 -5.441677431568589518e-02 6.102379580849268126e-02
7.199999999999999289e+00 -6.127223139250975725e-02 7.807785444593556834e-02
7.299999999999998934e+00 -7.003234520487300330e-02 8.846592530087343809e-02
7.400000000000000355e+00 -7.896541645268445597e-02 7.878141384563519534e-02
7.500000000000000000e+00 -8.578862797400005347e-02 4.979528260809557016e-02
7.599999999999999645e+00 -8.892447297430355890e-02 1.793120334311598674e-02
7.699999999999999289e+00 -8.937486864262324249e-02 -1.835795511126225854e-03
7.800000000000000711e+00 -8.855731387207832483e-02 -8.487860858202023184e-03
7.900000000000000355e+00 -8.767729647098283785e-02 -1.115804720133911632e-02
8.000000000000000000e+00 -8.632570443181049324e-02 -1.922154021382183053e-02
8.100000000000001421e+00 -8.383298842821847174e-02 -3.594485112257533865e-02
8.199999999999999289e+00 -7.913673420729543106e-02 -5.800832647776282824e-02
8.300000000000000711e+00 -7.223132313266590609e-02 -7.573909116841398559e-02
8.399999999999998579e+00 -6.398891597361262840e-02 -8.093510097083855825e-02
8.500000000000000000e+00 -5.604430293849819306e-02 -7.518503488820116321e-02
8.599999999999999645e+00 -4.895190899597239714e-02 -6.902475211325168059e-02
8.699999999999999289e+00 -4.223935251584785833e-02 -6.941915788586822122e-02
8.799999999999998934e+00 -3.506807741879874873e-02 -7.582424835592688206e-02
8.900000000000000355e+00 -2.707450284466247914e-02 -8.142655076817641169e-02
9.000000000000000000e+00 -1.878276726516346640e-02 -7.699420838701080683e-02
9.099999999999999645e+00 -1.167566116726031882e-02 -6.315089616697697195e-02
9.199999999999999289e+00 -6.152588031768071314e-03 -4.979574788274013231e-02
9.300000000000000711e+00 -1.716511590712291356e-03 -4.098893422357371280e-02
9.400000000000000355e+00 2.045198812946671160e-03 -3.544882354983598660e-02
9.500000000000000000e+00 5.373253119254906007e-03 -3.107332631211091878e-02
9.600000000000001421e+00 8.259864075368853961e-03 -2.527536223333785859e-02
9.699999999999999289e+00 1.042832556592247772e-02 -1.663731516219312673e-02
9.800000000000000711e+00 1.158732710780747965e-02 -6.550401970281338748e-03
9.899999999999998579e+00 1.173840595997874617e-02 1.439338968920567119e-03
1.000000000000000000e+01 1.129945931402336762e-02 4.703860338529437801e-03
1.009999999999999964e+01 1.079763389227285895e-02 4.495155636017648948e-03
1.019999999999999929e+01 1.040042818681983713e-02 4.353623868574373057e-03
1.029999999999999893e+01 9.926909118557983996e-03 6.424575911989131860e-03
1.040000000000000036e+01 9.115513004422010068e-03 9.930947991807138886e-03
1.050000000000000000e+01 7.940719520196556566e-03 1.268165069487931645e-02
1.059999999999999964e+01 6.579182865446147298e-03 1.330425803844411010e-02
1.069999999999999929e+01 5.279867912507733158e-03 1.270877292249878929e-02
1.080000000000000071e+01 4.037428280946389440e-03 1.208567575035299213e-02
1.090000000000000036e+01 2.862732762437134905e-03 1.070439323274998897e-02
1.100000000000000000e+01 1.896549634396391300e-03 8.291834912165330779e-03
1.109999999999999964e+01 1.204365780004068706e-03 5.864888864163324625e-03
1.119999999999999929e+01 7.235718615637262881e-04 4.058506462894323485e-03
1.130000000000000071e+01 3.926644874252039111e-04 2.926853668188134690e-03
1.139999999999999858e+01 1.382011279260992524e-04 2.063994730391408364e-03
1.150000000000000000e+01 -2.013445865307779482e-05 1.134499965750326899e-03
1.159999999999999964e+01 -8.869886522396613275e-05 3.651355383160791515e-03
1.169999999999999929e+01 -7.504055352852361622e-04 2.750419168869967313e-04
1.179999999999999893e+01 -1.437072486013654573e-04 -3.686268738991395778e-03
1.190000000000000036e+01 -1.315178748695691995e-05 -7.185362430068273137e-04
1.200000000000000000e+01 0.000000000000000000e+00 -1.315178748695691995e-04
