0.000000000000000000e+00 6.469006469663480630e+01 1.647175354476860321e+01
1.000000000000000056e-01 6.304288934215794882e+01 1.647175354476860321e+01
2.000000000000000111e-01 6.139571398768109134e+01 1.647175354476866005e+01
3.000000000000000444e-01 5.974853863320421965e+01 1.647175354476860321e+01
4.000000000000000222e-01 5.810136327872736928e+01 1.647175354476860321e+01
5.000000000000000000e-01 5.645418792425049759e+01 1.647175354476860321e+01
6.000000000000000888e-01 5.480701256977364721e+01 1.647175354476860321e+01
6.999999999999999556e-01 5.315983721529677553e+01 1.647175354476866005e+01
8.000000000000000444e-01 5.151266186081991805e+01 1.647175354476860321e+01
8.999999999999999112e-01 4.986548650634305346e+01 1.647175354476860321e+01
1.000000000000000000e+00 4.821831115186619598e+01 1.647175354476863163e+01
1.099999999999999867e+00 4.657113579738933140e+01 1.647175354476863163e+01
1.200000000000000178e+00 4.492396044291246682e+01 1.647175354476863163e+01
1.300000000000000044e+00 4.327678508843560223e+01 1.647175354476863163e+01
1.399999999999999911e+00 4.162960973395874476e+01 1.647175354476860321e+01
1.500000000000000000e+00 3.998243437948188017e+01 1.647175354476863163e+01
1.600000000000000089e+00 3.833525902500501559e+01 1.647175354476863163e+01
1.699999999999999956e+00 3.668808367052815100e+01 1.647175354476860321e+01
1.799999999999999822e+00 3.504090831605129353e+01 1.647175354476863163e+01
1.899999999999999911e+00 3.339373296157442894e+01 1.647175354476863163e+01
2.000000000000000000e+00 3.174655760709756791e+01 1.647175354476863163e+01
2.099999999999999645e+00 3.009938225262069977e+01 1.647175354476863163e+01
2.199999999999999734e+00 2.845220689814384230e+01 1.647175354476860321e+01
2.299999999999999822e+00 2.680503154366698126e+01 1.647175354476866005e+01
2.400000000000000355e+00 2.515785618919010957e+01 1.647175354476866005e+01
2.500000000000000000e+00 2.351068083471324854e+01 1.647175354476860321e+01
2.600000000000000089e+00 2.186350548023638751e+01 1.647175354476863163e+01
2.700000000000000178e+00 2.021633012575952293e+01 1.647175354476863163e+01
2.799999999999999822e+00 1.856915477128266190e+01 1.647175354476860321e+01
2.899999999999999911e+00 1.692197941680580087e+01 1.647175354476861742e+01
3.000000000000000000e+00 1.527480406232893806e+01 1.647175354476860321e+01
3.099999999999999645e+00 1.362762870785208058e+01 1.647175354476862452e+01
3.200000000000000178e+00 1.198045335337521244e+01 1.647175354476867426e+01
3.300000000000000266e+00 1.033327799889834608e+01 1.647175354476862452e+01
3.399999999999999911e+00 8.686102644421486829e+00 1.647175354476862452e+01
3.500000000000000000e+00 7.038927289944620469e+00 1.200437161284603249e+01
3.599999999999999645e+00 6.285228321852280864e+00 9.450008382557836484e+00
3.700000000000000178e+00 5.148925613433052995e+00 1.019387765477614849e+01
3.799999999999999822e+00 4.246452790897051521e+00 8.172660899334328377e+00
3.900000000000000355e+00 3.514393433566187053e+00 6.674706342533921699e+00
4.000000000000000000e+00 2.911511522390267004e+00 5.661532768663722237e+00
4.099999999999999645e+00 2.382086879833442250e+00 4.990944546550412753e+00
4.199999999999999289e+00 1.913322613080184142e+00 4.425381597087418406e+00
4.299999999999999822e+00 1.497010560415958702e+00 3.890904068632726975e+00
4.399999999999999467e+00 1.135141799353638792e+00 3.382773988892449513e+00
4.500000000000000000e+00 8.204557626374686663e-01 2.921906376021780272e+00
4.599999999999999645e+00 5.507605241492826709e-01 2.498692829729682430e+00
4.700000000000000178e+00 3.207171966915321470e-01 2.124069061532893432e+00
4.800000000000000711e+00 1.259467118427039511e-01 1.801820264852713072e+00
4.900000000000000355e+00 -3.964685627901046866e-02 1.523453777493422479e+00
5.000000000000000000e+00 -1.787440436559805390e-01 1.271994078053984456e+00
5.099999999999999645e+00 -2.940456718898074029e-01 1.038697487852939583e+00
5.200000000000000178e+00 -3.864835412265684722e-01 8.159096253051032477e-01
5.299999999999999822e+00 -4.572275969508280413e-01 6.056379917441192529e-01
5.400000000000000355e+00 -5.076111395753922784e-01 4.175347035997476475e-01
5.500000000000000000e+00 -5.407345376707776152e-01 2.611670242369936723e-01
5.599999999999999645e+00 -5.598445444227910794e-01 1.300027320449204105e-01
5.699999999999999289e+00 -5.667350840797616973e-01 1.588914695851384451e-02
5.799999999999999822e+00 -5.630223738144938261e-01 -8.157819426453416511e-02
5.899999999999999467e+00 -5.504194452268548199e-01 -1.584905544635395458e-01
6.000000000000000000e+00 -5.313242629217859170e-01 -2.141598880067547839e-01
6.099999999999999645e+00 -5.075874676255038853e-01 -2.443257056355161438e-01
6.199999999999999289e+00 -4.824591217946826993e-01 -2.475888355235329463e-01
6.300000000000000711e+00 -4.580697005207972627e-01 -2.388316564235677397e-01
6.400000000000000355e+00 -4.346927905099691181e-01 -2.377876928754272257e-01
6.500000000000000000e+00 -4.105121619457118287e-01 -2.492066091795130944e-01
6.600000000000000533e+00 -3.848514686740664992e-01 -2.686798875115756768e-01
6.700000000000000178e+00 -3.567761844433967044e-01 -2.835559156849138951e-01
6.799999999999999822e+00 -3.281402855370837424e-01 -2.838039460256385205e-01
6.899999999999999467e+00 -3.000153952382689782e-01 -2.747044379650793733e-01
7.000000000000000000e+00 -2.731993979440678344e-01 -2.675168008933919150e-01
7.099999999999999645e+00 -2.465120350595906007e-01 -2.657543230293144543e-01
7.199999999999999289e+00 -2.200485333382049546e-01 -2.604100261133823757e-01
7.299999999999998934e+00 -1.944300298369141256e-01 -2.414590707262807001e-01
7.400000000000000355e+00 -1.717567191929488257e-01 -2.092045728105040858e-01
7.500000000000000000e+00 -1.525891152748133084e-01 -1.718683229693730441e-01
7.599999999999999645e+00 -1.373830545990742114e-01 -1.410862802228431967e-01
7.699999999999999289e+00 -1.243718592302446579e-01 -1.276767663554869703e-01
7.800000000000000711e+00 -1.118477013279768201e-01 -1.254191532817002241e-01
7.900000000000000355e+00 -9.928802857390461867e-02 -1.201837635003367155e-01
8.000000000000000000e+00 -8.781094862790947420e-02 -1.075022243037211944e-01
8.100000000000001421e+00 -7.778758371316037146e-02 -9.490741307242350766e-02
8.199999999999999289e+00 -6.882946601342476711e-02 -8.444643825920605806e-02
8.300000000000000711e+00 -6.089829606131916262e-02 -7.622125714339667013e-02
8.399999999999998579e+00 -5.358521458474543864e-02 -6.948982206590983979e-02
8.500000000000000000e+00 -4.700033164813718911e-02 -5.741980319779949049e-02
8.599999999999999645e+00 -4.210125394518553915e-02 -3.549245923306976191e-02
8.699999999999999289e+00 -3.990183980152323812e-02 -1.104887865806158942e-02
8.799999999999998934e+00 -3.989147821357322266e-02 6.306041627921560311e-03
8.900000000000000355e+00 -4.116304812710755434e-02 1.206749122736125446e-02
9.000000000000000000e+00 -4.230497645904546938e-02 7.074548945638692299e-03
9.099999999999999645e+00 -4.257795791623528864e-02 -1.833256230384106011e-03
9.199999999999999289e+00 -4.193832521296864818e-02 -5.178116215727862626e-03
9.300000000000000711e+00 -4.154233467308971611e-02 1.663464777280437845e-03
9.400000000000000355e+00 -4.227101816842473991e-02 1.124599192790354252e-02
9.500000000000000000e+00 -4.379153305867042323e-02 1.459469694610388002e-02
9.600000000000001421e+00 -4.518995755764551592e-02 1.027845972076144032e-02
9.699999999999999289e+00 -4.584722500282271268e-02 2.019366605108846580e-03
9.800000000000000711e+00 -4.559383087866727968e-02 -7.633126985017529842e-03
9.899999999999998579e+00 -4.432059960581920949e-02 -1.598359551755362817e-02
1.000000000000000000e+01 -4.239711177515655821e-02 -2.029205658340721419e-02
1.009999999999999964e+01 -4.026218828913776665e-02 -2.144256496535457135e-02
1.019999999999999929e+01 -3.810859878208563978e-02 -2.145401494647022900e-02
1.029999999999999893e+01 -3.597138529984372085e-02 -2.036089251740069717e-02
1.040000000000000036e+01 -3.403642027860550451e-02 -1.820299518890972079e-02
1.050000000000000000e+01 -3.233078626206177530e-02 -1.541475000411304808e-02
1.059999999999999964e+01 -3.095347027778289073e-02 -1.267537832044518531e-02
1.069999999999999929e+01 -2.979571059797273685e-02 -1.247200617320926019e-02
1.080000000000000071e+01 -2.845906904314103938e-02 -1.523468643340350481e-02
1.090000000000000036e+01 -2.674877331129203728e-02 -1.866351639635170645e-02
1.100000000000000000e+01 -2.472636576387069948e-02 -2.057323052338362601e-02
1.109999999999999964e+01 -2.263412720661531208e-02 -2.068926091397120526e-02
1.119999999999999929e+01 -2.058851358107645704e-02 -2.032636986003454049e-02
1.130000000000000071e+01 -1.856885323460840190e-02 -2.080696364860692982e-02
1.139999999999999858e+01 -1.642712085135506969e-02 -2.241421455542313979e-02
1.150000000000000000e+01 -1.408601032352377325e-02 -2.468606084934885092e-02
1.159999999999999964e+01 -1.148990868148530055e-02 -5.983281079094923682e-02
1.169999999999999929e+01 -2.119448165333926142e-03 -5.634687805122402110e-02
1.179999999999999893e+01 -2.205330712404945665e-04 -1.049603768759074449e-02
1.190000000000000036e+01 -2.024062781577707693e-05 -1.102665356202472751e-03
1.200000000000000000e+01 0.000000000000000000e+00 -2.024062781577707693e-04
