0.000000000000000000e+00 8.771943471110000701e+02 1.469114468294000062e+03
1.000000200000000089e-01 7.408192884840000261e+02 1.258386704246000136e+03
1.999999800000000216e-01 6.255170062610000059e+02 1.063888876319666679e+03
3.000000000000000444e-01 5.280415132199999562e+02 8.993549588896665909e+02
4.000000200000000117e-01 4.456460144840000339e+02 7.601765536068332949e+02
4.999999800000000105e-01 3.760062024979999933e+02 6.424534063541666455e+02
6.000000000000000888e-01 3.171553332130000058e+02 5.428846405266666579e+02
7.000000200000000561e-01 2.674292743930000142e+02 4.586766922788332863e+02
7.999999799999999439e-01 2.254199947570000120e+02 3.874653833394999651e+02
8.999999999999999112e-01 1.899361977250000280e+02 3.272499607048333132e+02
1.000000019999999878e+00 1.599700026160000164e+02 2.763372657843332831e+02
1.099999979999999988e+00 1.346687445680000224e+02 2.332944776743333364e+02
1.200000000000000178e+00 1.133111070810000029e+02 1.969091140326666789e+02
1.300000020000000145e+00 9.528692176200000574e+01 1.661551751494999962e+02
1.399999980000000033e+00 8.008007205100000192e+01 1.401644879155000183e+02
1.500000000000000000e+00 6.725402417899999818e+01 1.182024512174999842e+02
1.600000019999999967e+00 5.643958180800000690e+01 9.964750688350000019e+01
1.699999979999999855e+00 4.732452280200000416e+01 8.397376407866666170e+01
1.799999999999999822e+00 3.964482899200000077e+01 7.073629288683333982e+01
1.900000019999999790e+00 3.317726422500000183e+01 5.955867717533332950e+01
1.999999979999999900e+00 2.773309355700000367e+01 5.012247977366666873e+01
2.099999999999999645e+00 2.315276827000000281e+01 4.215832627483333539e+01
2.200000020000000056e+00 1.930142830200000148e+01 3.543835886583333661e+01
2.299999979999999944e+00 1.606509649699999898e+01 2.976984976216666468e+01
2.400000000000000355e+00 1.334745834900000006e+01 2.498979613916666764e+01
2.500000019999999878e+00 1.106713726899999983e+01 2.096034579433333178e+01
2.599999980000000210e+00 9.155389191000001148e+00 2.205328137749999939e+01
2.700000000000000178e+00 6.656480992999999735e+00 3.164784157116666918e+01
2.800000020000000145e+00 2.825820875999999870e+00 2.299622763633333378e+01
2.899999980000000033e+00 2.057235465999999846e+00 5.253410994666666944e+00
3.000000000000000000e+00 1.775138677000000165e+00 2.820967886500000077e+00
3.100000019999999967e+00 1.493041889000000122e+00 2.381653671166666708e+00
3.199999980000000299e+00 1.298807943000000131e+00 1.942339455833333339e+00
3.300000000000000266e+00 1.104573998000000001e+00 1.171140519333333518e+00
3.400000020000000234e+00 1.064579839000000083e+00 5.534390499999999324e-01
3.499999980000000122e+00 9.938861879999999482e-01 7.287147006666666593e-01
3.599999999999999645e+00 9.188368990000000958e-01 7.289110721666667292e-01
3.700000020000000056e+00 8.481039730000001775e-01 6.919592289999999535e-01
3.799999979999999944e+00 7.804450530000001107e-01 6.740902761666666132e-01
3.900000000000000355e+00 7.132859179999999633e-01 6.735854395000000494e-01
4.000000019999999878e+00 6.457279660000000421e-01 6.691523098333332920e-01
4.099999979999999766e+00 5.794554560000000354e-01 6.463632330000000925e-01
4.199999999999999289e+00 5.164553190000000793e-01 6.080638574999999157e-01
4.300000019999999701e+00 4.578426849999999715e-01 5.636305696666665810e-01
4.399999980000000477e+00 4.037292049999999799e-01 5.204930696666666412e-01
4.500000000000000000e+00 3.537440709999999933e-01 4.816857183333332904e-01
4.600000019999999523e+00 3.073920610000000497e-01 4.475432758333333649e-01
4.699999980000000299e+00 2.642354150000000290e-01 4.179719778333333413e-01
4.800000000000000711e+00 2.237976660000000340e-01 3.926815411666666478e-01
4.900000020000000234e+00 1.856991070000000299e-01 3.677015568333333317e-01
4.999999980000000122e+00 1.502573540000000096e-01 3.383860166666666780e-01
5.099999999999999645e+00 1.180219040000000108e-01 3.047842301666666698e-01
5.200000020000000056e+00 8.930050800000000066e-02 2.701332009999999895e-01
5.299999979999999944e+00 6.399526399999999615e-02 2.361135811666666695e-01
5.400000000000000355e+00 4.207779200000000275e-02 2.039905025000000038e-01
5.500000019999999878e+00 2.319716300000000328e-02 1.742482303333333371e-01
5.599999979999999766e+00 7.228146000000001264e-03 1.465314080000000019e-01
5.699999999999999289e+00 -6.109118000000000187e-03 1.214504188333333373e-01
5.800000019999999701e+00 -1.706193799999999872e-02 1.011597448333333288e-01
5.899999980000000477e+00 -2.634106700000000273e-02 8.695696616666666323e-02
6.000000000000000000e+00 -3.445333099999999676e-02 7.849811283333332779e-02
6.100000019999999523e+00 -4.204068999999999862e-02 7.499637483333333743e-02
6.199999980000000299e+00 -4.945260600000000312e-02 7.390411233333332719e-02
6.300000000000000711e+00 -5.682151199999999763e-02 7.094648416666667068e-02
6.400000020000000234e+00 -6.364190299999999967e-02 6.495163983333333835e-02
6.499999980000000122e+00 -6.981184000000000001e-02 5.874534399999999795e-02
6.600000000000000533e+00 -7.539097100000000107e-02 5.442028833333333732e-02
6.700000020000000944e+00 -8.069589800000000201e-02 5.259633616666666706e-02
6.799999979999999056e+00 -8.591023899999999935e-02 5.330562100000000442e-02
6.899999999999999467e+00 -9.135702200000000994e-02 5.657147766666666827e-02
7.000000019999999878e+00 -9.722453400000000134e-02 6.084207783333332731e-02
7.099999979999999766e+00 -1.035254380000000113e-01 6.437883549999999511e-02
7.199999999999999289e+00 -1.101003009999999976e-01 6.592508333333332859e-02
7.300000019999999701e+00 -1.167104540000000051e-01 6.541465833333333368e-02
7.399999980000000477e+00 -1.231832330000000031e-01 6.263466950000000366e-02
7.500000000000000000e+00 -1.292373880000000086e-01 5.679442700000000149e-02
7.600000019999999523e+00 -1.345421180000000161e-01 4.741096166666666778e-02
7.699999980000000299e+00 -1.387195810000000085e-01 3.586022266666666347e-02
7.800000000000000711e+00 -1.417141630000000041e-01 2.423951716666666520e-02
7.900000020000000234e+00 -1.435674839999999952e-01 1.350474983333333281e-02
7.999999980000000122e+00 -1.444151130000000116e-01 2.969268833333333062e-03
8.100000000000001421e+00 -1.441613380000000000e-01 -8.008143833333333447e-03
8.200000020000000944e+00 -1.428134840000000183e-01 -1.936742133333333588e-02
8.299999979999999056e+00 -1.402878539999999896e-01 -3.065947716666666753e-02
8.399999999999998579e+00 -1.366815890000000200e-01 -4.125920699999999913e-02
8.500000019999999878e+00 -1.320360120000000081e-01 -5.073788166666667182e-02
8.599999979999999766e+00 -1.265340120000000013e-01 -5.850505100000000236e-02
8.699999999999999289e+00 -1.203350020000000103e-01 -6.425919983333333585e-02
8.800000019999998813e+00 -1.136821719999999980e-01 -6.830830733333333182e-02
8.899999980000000477e+00 -1.066733410000000187e-01 -7.107554566666667017e-02
9.000000000000000000e+00 -9.946706300000000833e-02 -7.228156233333332681e-02
9.100000019999999523e+00 -9.221702800000000644e-02 -7.156363500000000044e-02
9.199999980000001187e+00 -8.515433599999999714e-02 -6.921821366666666697e-02
9.300000000000000711e+00 -7.837338500000000374e-02 -6.632037466666666770e-02
9.400000020000000234e+00 -7.189026099999999697e-02 -6.333334916666666370e-02
9.499999980000000122e+00 -6.570671599999999835e-02 -6.000456283333333030e-02
9.600000000000001421e+00 -5.988934900000000838e-02 -5.603816350000000168e-02
9.700000020000000944e+00 -5.449908300000000372e-02 -5.157292766666666389e-02
9.799999979999999056e+00 -4.957476300000000086e-02 -4.683421183333333349e-02
9.899999999999998579e+00 -4.513224000000000402e-02 -4.193437416666667000e-02
1.000000001999999988e+01 -4.118788800000000583e-02 -3.697661116666666609e-02
1.009999997999999977e+01 -3.773691800000000818e-02 -3.224655733333333524e-02
1.019999999999999929e+01 -3.473857699999999965e-02 -2.809308733333333238e-02
1.030000001999999881e+01 -3.211830100000000188e-02 -2.477868766666666694e-02
1.039999998000000048e+01 -2.978283900000000192e-02 -2.251590749999999794e-02
1.050000000000000000e+01 -2.761511900000000047e-02 -2.128795849999999892e-02
1.060000001999999952e+01 -2.552524800000000038e-02 -2.065175500000000081e-02
1.069999998000000119e+01 -2.348476800000000309e-02 -2.005137149999999813e-02
1.080000000000000071e+01 -2.151497300000000321e-02 -1.925974183333333326e-02
1.090000002000000023e+01 -1.963282000000000221e-02 -1.829134649999999973e-02
1.099999998000000012e+01 -1.785670400000000102e-02 -1.737472799999999901e-02
1.110000000000000142e+01 -1.615787399999999915e-02 -1.670966883333332986e-02
1.120000002000000094e+01 -1.451476999999999976e-02 -1.625499550000000099e-02
1.129999997999999906e+01 -1.290687500000000168e-02 -1.594388066666666687e-02
1.139999999999999858e+01 -1.132599400000000069e-02 -1.591779133333333374e-02
1.150000001999999988e+01 -9.723317000000000418e-03 -1.643771949999999968e-02
1.159999997999999977e+01 -8.038450000000000803e-03 -4.241493649999999310e-02
1.169999999999999929e+01 -1.240330000000000208e-03 -3.956951483333333297e-02
1.180000001999999881e+01 -1.245469999999999986e-04 -6.142588000000000041e-03
1.189999998000000048e+01 -1.181200000000000143e-05 -6.227363333333333023e-04
1.200000000000000000e+01 0.000000000000000000e+00 3.864968333333333359e-04
