0.000000000000000000e+00 5.561642043963744442e+01 1.272729517359346119e+01
1.000000000000000056e-01 5.434369092227809972e+01 1.272729517359346119e+01
2.000000000000000111e-01 5.307096140491875502e+01 1.272729517359346119e+01
3.000000000000000444e-01 5.179823188755941032e+01 1.272729517359348961e+01
4.000000000000000222e-01 5.052550237020005852e+01 1.272729517359351803e+01
5.000000000000000000e-01 4.925277285284070672e+01 1.272729517359346119e+01
6.000000000000000888e-01 4.798004333548136202e+01 1.272729517359346119e+01
6.999999999999999556e-01 4.670731381812201022e+01 1.272729517359348961e+01
8.000000000000000444e-01 4.543458430076266552e+01 1.272729517359348961e+01
8.999999999999999112e-01 4.416185478340331372e+01 1.272729517359348961e+01
1.000000000000000000e+00 4.288912526604396902e+01 1.272729517359346119e+01
1.099999999999999867e+00 4.161639574868462432e+01 1.272729517359348961e+01
1.200000000000000178e+00 4.034366623132527252e+01 1.272729517359348961e+01
1.300000000000000044e+00 3.907093671396592072e+01 1.272729517359346119e+01
1.399999999999999911e+00 3.779820719660657602e+01 1.272729517359346119e+01
1.500000000000000000e+00 3.652547767924723132e+01 1.272729517359348961e+01
1.600000000000000089e+00 3.525274816188787952e+01 1.272729517359348961e+01
1.699999999999999956e+00 3.398001864452853482e+01 1.272729517359346119e+01
1.799999999999999822e+00 3.270728912716918302e+01 1.272729517359346119e+01
1.899999999999999911e+00 3.143455960980983832e+01 1.272729517359346119e+01
2.000000000000000000e+00 3.016183009245049362e+01 1.272729517359348961e+01
2.099999999999999645e+00 2.888910057509114182e+01 1.272729517359348961e+01
2.199999999999999734e+00 2.761637105773179712e+01 1.272729517359346119e+01
2.299999999999999822e+00 2.634364154037244887e+01 1.272729517359348961e+01
2.400000000000000355e+00 2.507091202301309707e+01 1.272729517359348961e+01
2.500000000000000000e+00 2.379818250565375237e+01 1.272729517359348961e+01
2.600000000000000089e+00 2.252545298829440057e+01 1.272729517359348961e+01
2.700000000000000178e+00 2.125272347093505232e+01 1.272729517359346119e+01
2.799999999999999822e+00 1.997999395357570762e+01 1.272729517359347540e+01
2.899999999999999911e+00 1.870726443621635937e+01 1.272729517359348961e+01
3.000000000000000000e+00 1.743453491885700757e+01 1.272729517359344698e+01
3.099999999999999645e+00 1.616180540149766998e+01 1.272729517359346119e+01
3.200000000000000178e+00 1.488907588413831640e+01 1.272729517359351803e+01
3.300000000000000266e+00 1.361634636677896459e+01 1.272729517359348250e+01
3.399999999999999911e+00 1.234361684941961990e+01 1.272729517359348250e+01
3.500000000000000000e+00 1.107088733206026809e+01 1.272729517359347540e+01
3.599999999999999645e+00 9.798157814700925172e+00 1.272729517359347540e+01
3.700000000000000178e+00 8.525428297341573369e+00 1.272729517359347540e+01
3.799999999999999822e+00 7.252698779982229560e+00 9.572879681105156635e+00
3.900000000000000355e+00 6.610852361120541865e+00 7.153317322247616517e+00
4.000000000000000000e+00 5.822035315532706257e+00 8.640819090892438936e+00
4.099999999999999645e+00 4.882688542942053900e+00 8.934769076700831647e+00
4.199999999999999289e+00 4.035081500192539750e+00 7.981054417019098679e+00
4.299999999999999822e+00 3.286477659538233898e+00 6.892735851528966506e+00
4.399999999999999467e+00 2.656534329886746537e+00 5.811827395117369122e+00
4.500000000000000000e+00 2.124112180514760251e+00 4.960369647474847099e+00
4.599999999999999645e+00 1.664460400391777117e+00 4.315546589096115326e+00
4.700000000000000178e+00 1.261002862695536963e+00 3.785404963497087216e+00
4.800000000000000711e+00 9.073794076923595853e-01 3.331224558636046051e+00
4.900000000000000355e+00 5.947579509683277310e-01 2.941899019347471445e+00
5.000000000000000000e+00 3.189996038228654074e-01 2.594598699248289897e+00
5.099999999999999645e+00 7.583821111866971554e-02 2.272946899713748969e+00
5.200000000000000178e+00 -1.355897761198844587e-01 1.957391902621852475e+00
5.299999999999999822e+00 -3.156401694057008323e-01 1.629863153553004151e+00
5.400000000000000355e+00 -4.615624068304853278e-01 1.294612129279923529e+00
5.500000000000000000e+00 -5.745625952616855159e-01 9.813003669349718017e-01
5.599999999999999645e+00 -6.578224802174796881e-01 7.168661881925237900e-01
5.699999999999999289e+00 -7.179358329001903627e-01 5.085306957170159237e-01
5.799999999999999822e+00 -7.595286193608828951e-01 3.478212841621983742e-01
5.899999999999999467e+00 -7.875000897326299709e-01 2.189369073294979984e-01
6.000000000000000000e+00 -8.033160008267824503e-01 9.762376778674974886e-02
6.099999999999999645e+00 -8.070248432899799207e-01 -3.007272939913541165e-02
6.199999999999999289e+00 -7.973014549469553680e-01 -1.518495811556177522e-01
6.300000000000000711e+00 -7.766549270588564147e-01 -2.526617648624855939e-01
6.400000000000000355e+00 -7.467691019744582270e-01 -3.315586572978617141e-01
6.500000000000000000e+00 -7.103431955992840496e-01 -3.930137063089147453e-01
6.600000000000000533e+00 -6.681663607126753224e-01 -4.443592439157981744e-01
6.700000000000000178e+00 -6.214713468161243703e-01 -4.898315503876982113e-01
6.799999999999999822e+00 -5.702000506351356801e-01 -5.176250744338162235e-01
6.899999999999999467e+00 -5.179463319293611256e-01 -5.084572431568505912e-01
7.000000000000000000e+00 -4.685086020037655397e-01 -4.637244311643220485e-01
7.099999999999999645e+00 -4.252014456964967604e-01 -4.116984788107187487e-01
7.199999999999999289e+00 -3.861689062416218121e-01 -3.780049673926202392e-01
7.299999999999998934e+00 -3.496004522179727014e-01 -3.647233627485471086e-01
7.400000000000000355e+00 -3.132242336919123793e-01 -3.581114006027898977e-01
7.500000000000000000e+00 -2.779781720974147108e-01 -3.413536412078976845e-01
7.599999999999999645e+00 -2.449535054503328146e-01 -3.106168343047555069e-01
7.699999999999999289e+00 -2.158548052364636094e-01 -2.800440846107663528e-01
7.800000000000000711e+00 -1.889446885281795552e-01 -2.610697351063522298e-01
7.900000000000000355e+00 -1.636408582151931412e-01 -2.490876854184090883e-01
8.000000000000000000e+00 -1.391271514444977209e-01 -2.392929447313598690e-01
8.100000000000001421e+00 -1.157822692689211702e-01 -2.248983423480688248e-01
8.199999999999999289e+00 -9.414748297488395590e-02 -2.017980542452167958e-01
8.300000000000000711e+00 -7.542265841987781660e-02 -1.735713037804906822e-01
8.399999999999998579e+00 -5.943322221878582362e-02 -1.508939657154861613e-01
8.500000000000000000e+00 -4.524386527678057879e-02 -1.391643760622684745e-01
8.599999999999999645e+00 -3.160034700633212318e-02 -1.327894386144851668e-01
8.699999999999999289e+00 -1.868597755388354612e-02 -1.153803572338903682e-01
8.799999999999998934e+00 -8.524275559554051959e-03 -8.353719543806144288e-02
8.900000000000000355e+00 -1.978538466271257453e-03 -4.842744283915317166e-02
9.000000000000000000e+00 1.161213008276583327e-03 -1.957005189368722642e-02
9.099999999999999645e+00 1.935471912466187917e-03 9.967397940022389158e-04
9.199999999999999289e+00 9.618650494761355439e-04 1.020693346788979251e-02
9.300000000000000711e+00 -1.059147811117707670e-04 8.288036921019651532e-03
9.400000000000000355e+00 -6.957423347277950226e-04 1.722342811842076174e-03
9.500000000000000000e+00 -4.503833434801860261e-04 1.862001784366471577e-03
9.600000000000001421e+00 -1.068142691601089338e-03 1.416811516986089120e-02
9.699999999999999289e+00 -3.284006377452364407e-03 3.007796330868272791e-02
9.800000000000000711e+00 -7.083735353337635050e-03 3.921675429658787876e-02
9.899999999999998579e+00 -1.112735723676994137e-02 3.979148778228234345e-02
1.000000000000000000e+01 -1.504203290979410496e-02 3.675585770925941104e-02
1.009999999999999964e+01 -1.847852877862182427e-02 3.186100668316982354e-02
1.019999999999999929e+01 -2.141423424642806966e-02 2.342524688126906840e-02
1.029999999999999893e+01 -2.316357815487563726e-02 1.119729032822079640e-02
1.040000000000000036e+01 -2.365369231207222964e-02 -1.039336355262876488e-03
1.050000000000000000e+01 -2.295571088382306058e-02 -1.032916969541985974e-02
1.059999999999999964e+01 -2.158785837298825630e-02 -1.511998380234250150e-02
1.069999999999999929e+01 -1.993171412335456236e-02 -1.620971837448902109e-02
1.080000000000000071e+01 -1.834591469809045139e-02 -1.579278741082372484e-02
1.090000000000000036e+01 -1.677315664118981739e-02 -1.557144402799846838e-02
1.100000000000000000e+01 -1.523162589249075875e-02 -1.516825764442611413e-02
1.109999999999999964e+01 -1.373950511230459352e-02 -1.472406850833234138e-02
1.119999999999999929e+01 -1.228681219082428978e-02 -1.419017323453466983e-02
1.130000000000000071e+01 -1.090147046539765956e-02 -1.319971102509095995e-02
1.139999999999999858e+01 -9.646869985806098835e-03 -1.261170353902146130e-02
1.150000000000000000e+01 -8.379129757593367298e-03 -1.380652888868011408e-02
1.159999999999999964e+01 -6.885564208070075326e-03 -3.326484849594649185e-02
1.169999999999999929e+01 -1.726160058404067194e-03 -3.340482656226144431e-02
1.179999999999999893e+01 -2.045988956177859975e-04 -8.549563878389397284e-03
1.190000000000000036e+01 -1.624728272618778348e-05 -1.022994478088929933e-03
1.200000000000000000e+01 0.000000000000000000e+00 -1.624728272618778280e-04
