0.000000000000000000e+00 2.403099999999999909e+03 3.998000000000000000e+03
1.000000200000000089e-01 2.031880000000000109e+03 3.426283333333333303e+03
1.999999800000000216e-01 1.717840000000000146e+03 2.898533333333333303e+03
3.000000000000000444e-01 1.452180000000000064e+03 2.451933333333333394e+03
4.000000200000000117e-01 1.227450000000000045e+03 2.074016666666666424e+03
4.999999800000000105e-01 1.037370000000000118e+03 1.754250000000000000e+03
6.000000000000000888e-01 8.766040000000001555e+02 1.483678333333333285e+03
7.000000200000000561e-01 7.406370000000000573e+02 1.254744999999999891e+03
7.999999799999999439e-01 6.256550000000000864e+02 1.061049999999999955e+03
8.999999999999999112e-01 5.284270000000000209e+02 8.971766666666666197e+02
1.000000019999999878e+00 4.462200000000000273e+02 7.585383333333334122e+02
1.099999979999999988e+00 3.767200000000000273e+02 6.412566666666666606e+02
1.200000000000000178e+00 3.179690000000000509e+02 5.420466666666666242e+02
1.300000020000000145e+00 2.683100000000000023e+02 4.581283333333333303e+02
1.399999980000000033e+00 2.263429999999999893e+02 3.871483333333333690e+02
1.500000000000000000e+00 1.908810000000000002e+02 3.271183333333332826e+02
1.600000019999999967e+00 1.609200000000000159e+02 2.763500000000000227e+02
1.699999979999999855e+00 1.356109999999999900e+02 2.334216666666666526e+02
1.799999999999999822e+00 1.142349999999999994e+02 1.971216666666666413e+02
1.900000019999999790e+00 9.618619999999999948e+01 1.664328333333333205e+02
1.999999979999999900e+00 8.094890000000000896e+01 1.404891666666666765e+02
2.099999999999999645e+00 6.808840000000000714e+01 1.185598333333333301e+02
2.200000020000000056e+00 5.723690000000000566e+01 1.000260000000000105e+02
2.299999979999999944e+00 4.808320000000000505e+01 8.436400000000000432e+01
2.400000000000000355e+00 4.036410000000000764e+01 7.113083333333334224e+01
2.500000019999999878e+00 3.385699999999999932e+01 5.995183333333333309e+01
2.599999980000000210e+00 2.837380000000000280e+01 5.050966666666666782e+01
2.700000000000000178e+00 2.375509999999999877e+01 4.253599999999999426e+01
2.800000020000000145e+00 1.986660000000000181e+01 3.580416666666666714e+01
2.899999980000000033e+00 1.659430000000000049e+01 3.012183333333333124e+01
3.000000000000000000e+00 1.384220000000000006e+01 2.532666666666666444e+01
3.100000019999999967e+00 1.152890000000000015e+01 2.128133333333333610e+01
3.199999980000000299e+00 9.585900000000000531e+00 1.786966666666666725e+01
3.300000000000000266e+00 7.955010000000000581e+00 1.499329999999999963e+01
3.400000020000000234e+00 6.587240000000000428e+00 1.256913333333333327e+01
3.499999980000000122e+00 5.441180000000000128e+00 1.052690000000000126e+01
3.599999999999999645e+00 4.481860000000000177e+00 1.262308333333333366e+01
3.700000020000000056e+00 2.916560000000000485e+00 1.358588333333333331e+01
3.799999979999999944e+00 1.764680000000000026e+00 7.223616666666665687e+00
3.900000000000000355e+00 1.471840000000000259e+00 4.355666666666666131e+00
4.000000019999999878e+00 8.935480000000000089e-01 3.326000000000000068e+00
4.099999979999999766e+00 8.066409999999999414e-01 8.690699999999998981e-01
4.199999999999999289e+00 7.197339999999999849e-01 8.143749999999999600e-01
4.300000019999999701e+00 6.437660000000000604e-01 8.100916666666666544e-01
4.399999980000000477e+00 5.577159999999999895e-01 8.385516666666665841e-01
4.500000000000000000e+00 4.760560000000000347e-01 7.720550000000000468e-01
4.600000019999999523e+00 4.033050000000000246e-01 6.866400000000000281e-01
4.699999980000000299e+00 3.387280000000000291e-01 6.157616666666666516e-01
4.800000000000000711e+00 2.801530000000000409e-01 5.633400000000000629e-01
4.900000020000000234e+00 2.260600000000000387e-01 5.201116666666666388e-01
4.999999980000000122e+00 1.761310000000000098e-01 4.793749999999999956e-01
5.099999999999999645e+00 1.301849999999999952e-01 4.409899999999999931e-01
5.200000020000000056e+00 8.793240000000000778e-02 4.049566666666666315e-01
5.299999979999999944e+00 4.919380000000000280e-02 3.704283333333333039e-01
5.400000000000000355e+00 1.384670000000000172e-02 3.368033333333333434e-01
5.500000019999999878e+00 -1.816699999999999912e-02 3.039600000000000080e-01
5.599999979999999766e+00 -4.694519999999999943e-02 2.724133333333333407e-01
5.699999999999999289e+00 -7.264969999999999761e-02 2.426449999999999996e-01
5.800000019999999701e+00 -9.547420000000000906e-02 2.148783333333333101e-01
5.899999980000000477e+00 -1.156250000000000056e-01 1.887616666666666609e-01
6.000000000000000000e+00 -1.332270000000000121e-01 1.635550000000000059e-01
6.100000019999999523e+00 -1.483359999999999956e-01 1.389130000000000087e-01
6.199999980000000299e+00 -1.610090000000000132e-01 1.154779999999999973e-01
6.300000000000000711e+00 -1.714320000000000288e-01 9.406333333333333213e-02
6.400000020000000234e+00 -1.798220000000000096e-01 7.417183333333332573e-02
6.499999980000000122e+00 -1.862660000000000149e-01 5.481649999999999717e-02
6.600000000000000533e+00 -1.907850000000000101e-01 3.660499999999999865e-02
6.700000020000000944e+00 -1.935870000000000091e-01 2.102583333333333387e-02
6.799999979999999056e+00 -1.949899999999999967e-01 8.348883333333332810e-03
6.899999999999999467e+00 -1.952570000000000139e-01 -2.772750000000000041e-03
7.000000019999999878e+00 -1.944360000000000255e-01 -1.416889999999999816e-02
7.099999979999999766e+00 -1.924230000000000107e-01 -2.697283333333333477e-02
7.199999999999999289e+00 -1.890410000000000146e-01 -4.060466666666666391e-02
7.300000019999999701e+00 -1.843020000000000214e-01 -5.241849999999999982e-02
7.399999980000000477e+00 -1.785579999999999945e-01 -5.974499999999999950e-02
7.500000000000000000e+00 -1.723530000000000062e-01 -6.206216666666666826e-02
7.600000019999999523e+00 -1.661450000000000149e-01 -6.124149999999999733e-02
7.699999980000000299e+00 -1.601050000000000251e-01 -6.003116666666666323e-02
7.800000000000000711e+00 -1.541390000000000260e-01 -6.030883333333333235e-02
7.900000020000000234e+00 -1.480430000000000079e-01 -6.269133333333333502e-02
7.999999980000000122e+00 -1.416010000000000046e-01 -6.646399999999999531e-02
8.100000000000001421e+00 -1.347500000000000087e-01 -6.995250000000000079e-02
8.200000020000000944e+00 -1.276100000000000012e-01 -7.209033333333333959e-02
8.299999979999999056e+00 -1.203319999999999945e-01 -7.258433333333333404e-02
8.399999999999998579e+00 -1.130929999999999991e-01 -7.153450000000000086e-02
8.500000019999999878e+00 -1.060260000000000091e-01 -6.940699999999999648e-02
8.599999979999999766e+00 -9.921180000000001664e-02 -6.692166666666665709e-02
8.699999999999999289e+00 -9.264120000000000688e-02 -6.459750000000000214e-02
8.800000019999998813e+00 -8.629230000000000234e-02 -6.257799999999999474e-02
8.899999980000000477e+00 -8.012560000000000515e-02 -6.082599999999999812e-02
9.000000000000000000e+00 -7.412710000000000132e-02 -5.892433333333333551e-02
9.100000019999999523e+00 -6.834070000000000422e-02 -5.631466666666666565e-02
9.199999980000001187e+00 -6.286420000000000896e-02 -5.317633333333333240e-02
9.300000000000000711e+00 -5.770549999999999985e-02 -5.033533333333332915e-02
9.400000020000000234e+00 -5.279709999999999959e-02 -4.826549999999999591e-02
9.499999980000000122e+00 -4.805240000000000206e-02 -4.681450000000000194e-02
9.600000000000001421e+00 -4.343420000000000614e-02 -4.535783333333333334e-02
9.700000020000000944e+00 -3.898080000000000295e-02 -4.327349999999999947e-02
9.799999979999999056e+00 -3.477950000000000486e-02 -4.023449999999999943e-02
9.899999999999998579e+00 -3.093390000000000029e-02 -3.630299999999999500e-02
1.000000001999999988e+01 -2.751890000000000239e-02 -3.184800000000000131e-02
1.009999997999999977e+01 -2.456430000000000072e-02 -2.734316666666666493e-02
1.019999999999999929e+01 -2.205030000000000184e-02 -2.327066666666666520e-02
1.030000001999999881e+01 -1.991020000000000290e-02 -2.002016666666666875e-02
1.039999998000000048e+01 -1.804620000000000182e-02 -1.776416666666666422e-02
1.050000000000000000e+01 -1.635730000000000170e-02 -1.637925000000000145e-02
1.060000001999999952e+01 -1.477040000000000124e-02 -1.553516666666666587e-02
1.069999998000000119e+01 -1.325030000000000131e-02 -1.483344999999999976e-02
1.080000000000000071e+01 -1.180370000000000030e-02 -1.395356666666666690e-02
1.090000002000000023e+01 -1.045959999999999945e-02 -1.277708333333333300e-02
1.099999998000000012e+01 -9.248270000000001143e-03 -1.140738333333333326e-02
1.110000000000000142e+01 -8.178120000000000528e-03 -1.004661666666666758e-02
1.120000002000000094e+01 -7.238950000000000072e-03 -8.873666666666666855e-03
1.129999997999999906e+01 -6.403390000000000991e-03 -8.045983333333332765e-03
1.139999999999999858e+01 -5.629750000000000205e-03 -7.729050000000000330e-03
1.150000001999999988e+01 -4.857580000000000231e-03 -8.008116666666667202e-03
1.159999997999999977e+01 -4.028130000000000425e-03 -2.106399999999999939e-02
1.169999999999999929e+01 -6.447850000000000413e-04 -1.981416666666666743e-02
1.180000001999999881e+01 -6.530919999999999467e-05 -3.192083333333333231e-03
1.189999998000000048e+01 -6.367600000000000664e-06 -3.265450000000000253e-04
1.200000000000000000e+01 0.000000000000000000e+00 1.991966666666666766e-04
