0.000000000000000000e+00 5.178676369651685008e+01 1.425900610277511760e+01
1.000000000000000056e-01 5.036086308623933405e+01 1.425900610277506075e+01
2.000000000000000111e-01 4.893496247596183935e+01 1.425900610277503233e+01
3.000000000000000444e-01 4.750906186568433043e+01 1.425900610277506075e+01
4.000000000000000222e-01 4.608316125540682151e+01 1.425900610277508918e+01
5.000000000000000000e-01 4.465726064512931259e+01 1.425900610277508918e+01
6.000000000000000888e-01 4.323136003485180368e+01 1.425900610277508918e+01
6.999999999999999556e-01 4.180545942457429476e+01 1.425900610277506075e+01
8.000000000000000444e-01 4.037955881429679295e+01 1.425900610277506075e+01
8.999999999999999112e-01 3.895365820401928403e+01 1.425900610277506075e+01
1.000000000000000000e+00 3.752775759374178222e+01 1.425900610277506075e+01
1.099999999999999867e+00 3.610185698346426619e+01 1.425900610277511760e+01
1.200000000000000178e+00 3.467595637318675728e+01 1.425900610277508918e+01
1.300000000000000044e+00 3.325005576290924836e+01 1.425900610277506075e+01
1.399999999999999911e+00 3.182415515263174655e+01 1.425900610277506075e+01
1.500000000000000000e+00 3.039825454235423763e+01 1.425900610277506075e+01
1.600000000000000089e+00 2.897235393207673226e+01 1.425900610277506075e+01
1.699999999999999956e+00 2.754645332179922690e+01 1.425900610277506075e+01
1.799999999999999822e+00 2.612055271152172153e+01 1.425900610277508918e+01
1.899999999999999911e+00 2.469465210124420906e+01 1.425900610277508918e+01
2.000000000000000000e+00 2.326875149096670370e+01 1.425900610277506075e+01
2.099999999999999645e+00 2.184285088068919833e+01 1.425900610277507496e+01
2.199999999999999734e+00 2.041695027041168942e+01 1.425900610277507496e+01
2.299999999999999822e+00 1.899104966013418050e+01 1.425900610277508918e+01
2.400000000000000355e+00 1.756514904985666803e+01 1.425900610277508918e+01
2.500000000000000000e+00 1.613924843957916266e+01 1.425900610277507496e+01
2.600000000000000089e+00 1.471334782930165375e+01 1.425900610277507496e+01
2.700000000000000178e+00 1.328744721902414838e+01 1.425900610277506075e+01
2.799999999999999822e+00 1.186154660874664302e+01 1.425900610277507496e+01
2.899999999999999911e+00 1.043564599846913410e+01 1.425900610277507496e+01
3.000000000000000000e+00 9.009745388191626958e+00 1.425900610277504654e+01
3.099999999999999645e+00 7.583844777914123370e+00 1.425900610277507141e+01
3.200000000000000178e+00 6.157944167636612676e+00 1.146639766766482182e+01
3.300000000000000266e+00 5.290565244381159715e+00 7.477552561691105382e+00
3.399999999999999911e+00 4.662433655298391599e+00 6.645362348588694346e+00
3.500000000000000000e+00 3.961492774663420313e+00 6.902842606188229979e+00
3.599999999999999645e+00 3.281865134060745426e+00 6.464338049740574021e+00
3.700000000000000178e+00 2.668625164715305420e+00 5.749934294825719050e+00
3.799999999999999822e+00 2.131878275095601349e+00 4.942151861691078452e+00
3.900000000000000355e+00 1.680194792377089685e+00 4.141284896077876532e+00
4.000000000000000000e+00 1.303621295880026176e+00 3.416572115019999689e+00
4.099999999999999645e+00 9.968803693730896587e-01 2.779649247545629365e+00
4.199999999999999289e+00 7.476914463709003478e-01 2.265050790415656490e+00
4.299999999999999822e+00 5.438702112899583829e-01 1.913846540374744665e+00
4.399999999999999467e+00 3.649221382959513260e-01 1.713868832882408100e+00
4.500000000000000000e+00 2.010964447134767075e-01 1.569315212294049466e+00
4.599999999999999645e+00 5.105909583714144523e-02 1.393004830291366236e+00
4.700000000000000178e+00 -7.750452134479650368e-02 1.157509489858907559e+00
4.800000000000000711e+00 -1.804428021346400624e-01 8.773606232862248833e-01
4.900000000000000355e+00 -2.529766460020415053e-01 5.828407773020191085e-01
5.000000000000000000e+00 -2.970109575950438674e-01 3.057481370835757328e-01
5.099999999999999645e+00 -3.141262734187566519e-01 6.860290954247205697e-02
5.200000000000000178e+00 -3.107315395035383232e-01 -1.077243854806682055e-01
5.299999999999999822e+00 -2.925813963226230330e-01 -2.198261432304982055e-01
5.400000000000000355e+00 -2.667663108574386821e-01 -2.823337338251734607e-01
5.500000000000000000e+00 -2.361146495575883186e-01 -3.168115270805922368e-01
5.599999999999999645e+00 -2.034040054413202014e-01 -3.313654726811994244e-01
5.699999999999999289e+00 -1.698415550213484559e-01 -3.153848054588481720e-01
5.799999999999999822e+00 -1.403270443495505670e-01 -2.654767133244815280e-01
5.899999999999999467e+00 -1.167462123564521337e-01 -2.115566799246462182e-01
6.000000000000000000e+00 -9.801570836462132619e-02 -1.725809867864654401e-01
6.099999999999999645e+00 -8.223001499915905121e-02 -1.365495978997499082e-01
6.199999999999999289e+00 -7.070578878467134731e-02 -9.371589498992011213e-02
6.300000000000000711e+00 -6.348683600117502324e-02 -5.495085429997081938e-02
6.400000000000000355e+00 -5.971561792467718066e-02 -2.320653082165852199e-02
6.500000000000000000e+00 -5.884552983684331745e-02 5.470759919710355135e-03
6.600000000000000533e+00 -6.080976990861924891e-02 3.126285731411537760e-02
6.700000000000000178e+00 -6.509810129966639436e-02 4.897751554977081145e-02
6.799999999999999822e+00 -7.060527301857341675e-02 5.411538663866827248e-02
6.899999999999999467e+00 -7.592117862740005441e-02 5.428364547888187008e-02
7.000000000000000000e+00 -8.146200211434978522e-02 5.981744116036630254e-02
7.099999999999999645e+00 -8.788466685947331214e-02 7.341851390697345936e-02
7.199999999999999289e+00 -9.614570489574447709e-02 9.340442871675974645e-02
7.299999999999998934e+00 -1.065655526028252559e-01 1.102608609411132035e-01
7.400000000000000355e+00 -1.181978770839671178e-01 1.141524177031094656e-01
7.500000000000000000e+00 -1.293960361434471629e-01 1.068061277047290814e-01
7.599999999999999645e+00 -1.395591026249129452e-01 9.275378165649883488e-02
7.699999999999999289e+00 -1.479467924747469298e-01 7.151787120657915331e-02
7.800000000000000711e+00 -1.538626768662287869e-01 4.619665634493608231e-02
7.900000000000000355e+00 -1.571861237437341408e-01 2.521499892433287648e-02
8.000000000000000000e+00 -1.589056766510953400e-01 1.138996194014263441e-02
8.100000000000001421e+00 -1.594641161317626732e-01 -2.405457692873369524e-03
8.199999999999999289e+00 -1.584245851125206661e-01 -2.007078239285553511e-02
8.300000000000000711e+00 -1.554499596531915551e-01 -3.915085395693529424e-02
8.399999999999998579e+00 -1.505944143211336295e-01 -5.832599529536253158e-02
8.500000000000000000e+00 -1.437847605941190432e-01 -7.791864020396388479e-02
8.599999999999999645e+00 -1.350106862803408247e-01 -9.574646416096666002e-02
8.699999999999999289e+00 -1.246354677619257167e-01 -1.101992038610931646e-01
8.799999999999998934e+00 -1.129708455081221974e-01 -1.226240421572192263e-01
8.900000000000000355e+00 -1.001106593304818687e-01 -1.308134537040988032e-01
9.000000000000000000e+00 -8.680815476730244229e-02 -1.316089819004246375e-01
9.099999999999999645e+00 -7.378886295039693843e-02 -1.260711562780099104e-01
9.199999999999999289e+00 -6.159392351170045465e-02 -1.165945610944953970e-01
9.300000000000000711e+00 -5.046995073149786182e-02 -1.045031727859035697e-01
9.400000000000000355e+00 -4.069328895451974210e-02 -9.244081371380344359e-02
9.500000000000000000e+00 -3.198178798873717310e-02 -8.306293056533571584e-02
9.600000000000001421e+00 -2.408070284145259754e-02 -7.571579121159779935e-02
9.699999999999999289e+00 -1.683862974641761254e-02 -6.732964854944990807e-02
9.800000000000000711e+00 -1.061477313156261593e-02 -5.722958709973478830e-02
9.899999999999998579e+00 -5.392712326470652622e-03 -4.712951951939445272e-02
1.000000000000000000e+01 -1.188869227683725773e-03 -3.695037963917559287e-02
1.009999999999999964e+01 1.997363601364466733e-03 -2.670984256049967198e-02
1.019999999999999929e+01 4.153099284416208840e-03 -1.613385728394000143e-02
1.029999999999999893e+01 5.224135058152466760e-03 -6.575124186373865892e-03
1.040000000000000036e+01 5.468124121690982366e-03 -2.204643984248175204e-04
1.050000000000000000e+01 5.268227937837430437e-03 2.268153850515854109e-03
1.059999999999999964e+01 5.014493351587811891e-03 2.394643149177849012e-03
1.069999999999999929e+01 4.789299308001860461e-03 1.774287464907493839e-03
1.080000000000000071e+01 4.659635858606312429e-03 2.047019715090393766e-03
1.090000000000000036e+01 4.379895364983781882e-03 4.390276901102468932e-03
1.100000000000000000e+01 3.781580478385818903e-03 7.856569638774518402e-03
1.109999999999999964e+01 2.808581437228878201e-03 1.052046306560051533e-02
1.119999999999999929e+01 1.677487865265715923e-03 1.142552880636160499e-02
1.130000000000000071e+01 5.234756759565571379e-04 1.061457200797815206e-02
1.139999999999999858e+01 -4.454265363299142510e-04 8.600162778518377973e-03
1.150000000000000000e+01 -1.196556879747118565e-03 6.167421589342471713e-03
1.159999999999999964e+01 -1.678910854198408659e-03 -2.518426261596075355e-03
1.169999999999999929e+01 -6.928716274279035376e-04 -7.722339399724874667e-03
1.179999999999999893e+01 -1.344429742534337577e-04 -3.389646754057403389e-03
1.190000000000000036e+01 -1.494227661642283879e-05 -6.722148712671687345e-04
1.200000000000000000e+01 0.000000000000000000e+00 -1.494227661642283812e-04
