0.000000000000000000e+00 8.478462103679885331e+01 3.083937808508574108e+01
1.000000000000000056e-01 8.170068322829027352e+01 3.083937808508568423e+01
2.000000000000000111e-01 7.861674541978170794e+01 3.083937808508562739e+01
3.000000000000000444e-01 7.553280761127314236e+01 3.083937808508562739e+01
4.000000000000000222e-01 7.244886980276457678e+01 3.083937808508562739e+01
5.000000000000000000e-01 6.936493199425602540e+01 3.083937808508562739e+01
6.000000000000000888e-01 6.628099418574745982e+01 3.083937808508568423e+01
6.999999999999999556e-01 6.319705637723888003e+01 3.083937808508562739e+01
8.000000000000000444e-01 6.011311856873032866e+01 3.083937808508562739e+01
8.999999999999999112e-01 5.702918076022175597e+01 3.083937808508562739e+01
1.000000000000000000e+00 5.394524295171320460e+01 3.083937808508562739e+01
1.099999999999999867e+00 5.086130514320463192e+01 3.083937808508568423e+01
1.200000000000000178e+00 4.777736733469606634e+01 3.083937808508562739e+01
1.300000000000000044e+00 4.469342952618750786e+01 3.083937808508565581e+01
1.399999999999999911e+00 4.160949171767893517e+01 3.083937808508565581e+01
1.500000000000000000e+00 3.852555390917037670e+01 3.083937808508562739e+01
1.600000000000000089e+00 3.544161610066181112e+01 3.083937808508562739e+01
1.699999999999999956e+00 3.235767829215324554e+01 3.083937808508565581e+01
1.799999999999999822e+00 2.927374048364467995e+01 3.083937808508565581e+01
1.899999999999999911e+00 2.618980267513611793e+01 3.083937808508562739e+01
2.000000000000000000e+00 2.310586486662755590e+01 3.083937808508562739e+01
2.099999999999999645e+00 2.002192705811899032e+01 3.083937808508564160e+01
2.199999999999999734e+00 1.693798924961042474e+01 3.083937808508564160e+01
2.299999999999999822e+00 1.385405144110186271e+01 3.083937808508569134e+01
2.400000000000000355e+00 1.077011363259328647e+01 3.083937808508569844e+01
2.500000000000000000e+00 7.686175824084722663e+00 3.083937808508563805e+01
2.600000000000000089e+00 4.602238015576158858e+00 3.083937808508563450e+01
2.700000000000000178e+00 1.518300207067595053e+00 2.154498263804571678e+01
2.799999999999999822e+00 2.932414879670151575e-01 8.561530688893999042e+00
2.899999999999999911e+00 -1.940059307112047549e-01 2.757766775484688626e+00
3.000000000000000000e+00 -2.583118671299226010e-01 -2.599909423184703083e-01
3.099999999999999645e+00 -1.420077422475106987e-01 -8.273781982427588222e-01
3.200000000000000178e+00 -9.283622748137081160e-02 1.733224491339075968e-01
3.300000000000000266e+00 -1.766722320742922236e-01 1.244685274603469116e+00
3.399999999999999911e+00 -3.417732824020646709e-01 1.713990609050466185e+00
3.500000000000000000e+00 -5.194703538843854496e-01 1.740312938956616762e+00
3.599999999999999645e+00 -6.898358701933879900e-01 1.434661022701668731e+00
3.700000000000000178e+00 -8.064025584247191958e-01 7.915117723091436019e-01
3.799999999999999822e+00 -8.481382246552167103e-01 6.182647182306233447e-02
3.900000000000000355e+00 -8.187678527893317293e-01 -5.263019570494145150e-01
4.000000000000000000e+00 -7.428778332453338518e-01 -8.055969407363274826e-01
4.099999999999999645e+00 -6.576484646420661662e-01 -7.682084178298866917e-01
4.199999999999999289e+00 -5.892361496793564468e-01 -6.553137617869024822e-01
4.299999999999999822e+00 -5.265857122846856475e-01 -6.415132405785186620e-01
4.399999999999999467e+00 -4.609335015636527588e-01 -5.778091095817590173e-01
4.500000000000000000e+00 -4.110238903683338663e-01 -4.651048277923202079e-01
4.599999999999999645e+00 -3.679125360051886950e-01 -3.368029513653583162e-01
4.700000000000000178e+00 -3.436633000952622474e-01 -1.623037772436368709e-01
4.800000000000000711e+00 -3.354517805564613542e-01 -1.053180774967208411e-01
4.900000000000000355e+00 -3.225996845959180348e-01 -1.749323522463628322e-01
5.000000000000000000e+00 -3.004653101071887988e-01 -1.166725936361632243e-01
5.099999999999999645e+00 -2.992651658686854010e-01 4.768258956408422122e-03
5.200000000000000178e+00 -3.014189618984704500e-01 -3.459639744069908929e-02
5.299999999999999822e+00 -2.923458863805455943e-01 -9.240104109411406696e-02
5.400000000000000355e+00 -2.829387536796476588e-01 -5.484864552106194502e-02
5.500000000000000000e+00 -2.813761572763331942e-01 -4.835264911707004565e-02
5.599999999999999645e+00 -2.732682238562336163e-01 -1.047622079770700321e-01
5.699999999999999289e+00 -2.604237156809192100e-01 -1.512040692516611884e-01
5.799999999999999822e+00 -2.430274100059013898e-01 -2.398314152267806421e-01
5.899999999999999467e+00 -2.124574326355630483e-01 -2.978042737574728704e-01
6.000000000000000000e+00 -1.834665552544068046e-01 -2.462093487182733798e-01
6.099999999999999645e+00 -1.632155628919083890e-01 -1.670310196238982137e-01
6.199999999999999289e+00 -1.500603513296271674e-01 -1.678480949388662102e-01
6.300000000000000711e+00 -1.296459439041351414e-01 -1.872121986994109699e-01
6.400000000000000355e+00 -1.126179115897449762e-01 -1.598796226796014852e-01
6.500000000000000000e+00 -9.767001936821484431e-02 -1.379003358779957167e-01
6.600000000000000533e+00 -8.503784441414583006e-02 -1.157286324627452290e-01
6.700000000000000178e+00 -7.452429287566579574e-02 -1.426893298111429065e-01
6.799999999999999822e+00 -5.649997845191724599e-02 -1.888678935464899455e-01
6.899999999999999467e+00 -3.675071416636779831e-02 -1.437189300608975873e-01
7.000000000000000000e+00 -2.775619243973772785e-02 -2.476388189960218589e-02
7.099999999999999645e+00 -3.179793778644736391e-02 -2.367351943804066328e-02
7.199999999999999289e+00 -2.302148855212959519e-02 -9.068091380811105218e-02
7.299999999999998934e+00 -1.366175502482515174e-02 -6.362532869462360352e-02
7.400000000000000355e+00 -1.029642281320487275e-02 -3.053150140531638024e-02
7.500000000000000000e+00 -7.555454743761874647e-03 -1.150934728415554942e-02
7.599999999999999645e+00 -7.994553356373763561e-03 -4.004243048675401595e-03
7.699999999999999289e+00 -6.754606134026794675e-03 -4.624679704358744536e-03
7.800000000000000711e+00 -7.069617415502014134e-03 7.461792157174670925e-03
7.900000000000000355e+00 -8.246964565461728514e-03 1.624846025179447345e-02
8.000000000000000000e+00 -1.031930946586090934e-02 4.462749134340610047e-04
8.100000000000001421e+00 -8.336219548148541061e-03 -3.525867529535400141e-02
8.199999999999999289e+00 -3.267574406790108195e-03 -1.477639939030367736e-02
8.300000000000000711e+00 -5.380939670087805937e-03 1.546904479033841401e-02
8.399999999999998579e+00 -6.361383364857791517e-03 -8.092593441151527123e-04
8.500000000000000000e+00 -5.219087801264774874e-03 -7.275028081884918341e-03
8.599999999999999645e+00 -4.906377748480807675e-03 -2.097894490647973093e-03
8.699999999999999289e+00 -4.799508903135180429e-03 7.382836579584536874e-03
8.799999999999998934e+00 -6.382945064397714703e-03 6.082381702334889451e-03
8.900000000000000355e+00 -6.015985243602158146e-03 -1.921039469108251629e-03
9.000000000000000000e+00 -5.998737170576064204e-03 7.103435734794237566e-03
9.099999999999999645e+00 -7.436672390561005486e-03 -2.261106089114332807e-03
9.199999999999999289e+00 -5.546515952753197642e-03 -1.389516670414380969e-02
9.300000000000000711e+00 -4.657639049732243373e-03 -5.408320713503667054e-03
9.400000000000000355e+00 -4.464851810052464058e-03 5.141569347802132928e-04
9.500000000000000000e+00 -4.760470436688286379e-03 -1.343374183287512208e-02
9.600000000000001421e+00 -1.778103443477439946e-03 -2.101344357672281157e-02
9.699999999999999289e+00 -5.577817213437237173e-04 8.257150793562744590e-03
9.800000000000000711e+00 -3.429533602189989080e-03 7.414217804467952179e-03
9.899999999999998579e+00 -2.040625282237314153e-03 -2.796952300572225214e-02
1.000000000000000000e+01 2.164370998954461781e-03 -4.142719428587773867e-02
1.009999999999999964e+01 6.244813574938234274e-03 -1.151241467744986910e-02
1.019999999999999929e+01 4.466853934444435688e-03 1.978126169913378002e-02
1.029999999999999893e+01 2.288561235111478184e-03 1.320980836142476682e-02
1.040000000000000036e+01 1.824892262159482324e-03 -8.617704124633564222e-03
1.050000000000000000e+01 4.012102060038191462e-03 -1.685577264788108709e-02
1.059999999999999964e+01 5.196046791735699742e-03 -1.058635503542095999e-02
1.069999999999999929e+01 6.129373067122383632e-03 -6.601895639537780358e-03
1.080000000000000071e+01 6.516425919643255814e-03 -5.290429463860497894e-04
1.090000000000000036e+01 6.235181656399593764e-03 4.700734488453151005e-03
1.100000000000000000e+01 5.576279021952625439e-03 6.735164049045724161e-03
1.109999999999999964e+01 4.888148846590448932e-03 3.519113805929820205e-03
1.119999999999999929e+01 4.872456260766661572e-03 -1.259692616877097771e-03
1.130000000000000071e+01 5.140087369965868486e-03 -8.495416728027983810e-04
1.139999999999999858e+01 5.042364595327221248e-03 5.219661580948799923e-03
1.150000000000000000e+01 4.096155053776108328e-03 9.551947758156511398e-03
1.159999999999999964e+01 3.131975043695918795e-03 1.773853334517892094e-02
1.169999999999999929e+01 5.484483847403242261e-04 1.532969583814142341e-02
1.179999999999999893e+01 6.603587606763366665e-05 2.713587383483720417e-03
1.190000000000000036e+01 5.730908043580103330e-06 3.301793803381683468e-04
1.200000000000000000e+01 0.000000000000000000e+00 5.730908043580102822e-05
