0.000000000000000000e+00 4.236158567772557859e+01 1.103547922626444233e+01
1.000000000000000056e-01 4.125803775509913862e+01 1.103547922626438549e+01
2.000000000000000111e-01 4.015448983247270576e+01 1.103547922626438549e+01
3.000000000000000444e-01 3.905094190984625868e+01 1.103547922626438549e+01
4.000000000000000222e-01 3.794739398721982582e+01 1.103547922626438549e+01
5.000000000000000000e-01 3.684384606459337874e+01 1.103547922626438549e+01
6.000000000000000888e-01 3.574029814196694588e+01 1.103547922626438549e+01
6.999999999999999556e-01 3.463675021934050591e+01 1.103547922626438549e+01
8.000000000000000444e-01 3.353320229671407304e+01 1.103547922626438549e+01
8.999999999999999112e-01 3.242965437408762597e+01 1.103547922626441391e+01
1.000000000000000000e+00 3.132610645146118600e+01 1.103547922626438549e+01
1.099999999999999867e+00 3.022255852883474958e+01 1.103547922626441391e+01
1.200000000000000178e+00 2.911901060620830606e+01 1.103547922626438549e+01
1.300000000000000044e+00 2.801546268358187319e+01 1.103547922626438549e+01
1.399999999999999911e+00 2.691191476095542612e+01 1.103547922626441391e+01
1.500000000000000000e+00 2.580836683832898970e+01 1.103547922626438549e+01
1.600000000000000089e+00 2.470481891570254973e+01 1.103547922626438549e+01
1.699999999999999956e+00 2.360127099307611331e+01 1.103547922626438549e+01
1.799999999999999822e+00 2.249772307044967334e+01 1.103547922626438549e+01
1.899999999999999911e+00 2.139417514782323337e+01 1.103547922626438549e+01
2.000000000000000000e+00 2.029062722519679696e+01 1.103547922626438549e+01
2.099999999999999645e+00 1.918707930257035699e+01 1.103547922626438549e+01
2.199999999999999734e+00 1.808353137994391702e+01 1.103547922626438549e+01
2.299999999999999822e+00 1.697998345731748060e+01 1.103547922626441391e+01
2.400000000000000355e+00 1.587643553469103530e+01 1.103547922626441391e+01
2.500000000000000000e+00 1.477288761206459711e+01 1.103547922626438549e+01
2.600000000000000089e+00 1.366933968943815891e+01 1.103547922626437838e+01
2.700000000000000178e+00 1.256579176681172072e+01 1.103547922626437838e+01
2.799999999999999822e+00 1.146224384418528253e+01 1.103547922626438549e+01
2.899999999999999911e+00 1.035869592155884433e+01 1.103547922626438549e+01
3.000000000000000000e+00 9.255147998932406139e+00 1.103547922626437128e+01
3.099999999999999645e+00 8.151600076305969722e+00 1.103547922626438549e+01
3.200000000000000178e+00 7.048052153679527976e+00 1.103547922626442102e+01
3.300000000000000266e+00 5.944504231053085341e+00 1.103547922626438904e+01
3.399999999999999911e+00 4.840956308426650700e+00 1.041151452733720717e+01
3.500000000000000000e+00 3.862201325585643996e+00 8.818858559558291788e+00
3.599999999999999645e+00 3.077184596514991988e+00 8.386144316461628279e+00
3.700000000000000178e+00 2.184972462293317985e+00 7.790135267454700418e+00
3.799999999999999822e+00 1.519157543024051815e+00 5.157392877196563141e+00
3.900000000000000355e+00 1.153493886854005446e+00 3.396190305551966659e+00
4.000000000000000000e+00 8.399194819136583945e-01 3.352628110170989384e+00
4.099999999999999645e+00 4.829682648198075912e-01 2.816140062654961085e+00
4.199999999999999289e+00 2.766914693826661442e-01 1.916714200239388655e+00
4.299999999999999822e+00 9.962542477192977419e-02 1.629163294961468500e+00
4.399999999999999467e+00 -4.914118960962755162e-02 1.364462363048362104e+00
4.500000000000000000e+00 -1.732670478377426604e-01 1.129445277696072392e+00
4.599999999999999645e+00 -2.750302451488420563e-01 9.173281572398729322e-01
4.700000000000000178e+00 -3.567326792857172801e-01 7.236797987922449771e-01
4.800000000000000711e+00 -4.197662049072910517e-01 5.506300305192253219e-01
4.900000000000000355e+00 -4.668586853895623223e-01 4.061422694393264088e-01
5.000000000000000000e+00 -5.009946587951563668e-01 2.915673124239273051e-01
5.099999999999999645e+00 -5.251721478743477389e-01 2.005616782409007648e-01
5.200000000000000178e+00 -5.411069944433365420e-01 1.249278760284835421e-01
5.299999999999999822e+00 -5.501577230800445140e-01 5.997689848039966520e-02
5.400000000000000355e+00 -5.531023741394164306e-01 6.390315366564536248e-03
5.500000000000000000e+00 -5.514357861533574212e-01 -3.363247726555362860e-02
5.599999999999999645e+00 -5.463758786863056605e-01 -6.238106957648614781e-02
5.699999999999999289e+00 -5.389595722380601250e-01 -8.181380816290406699e-02
5.799999999999999822e+00 -5.300131170537248915e-01 -9.504144599685426797e-02
5.899999999999999467e+00 -5.199512830386893159e-01 -1.075787836690333954e-01
6.000000000000000000e+00 -5.084973603199182124e-01 -1.232724499369890481e-01
6.099999999999999645e+00 -4.952967930512914840e-01 -1.425718613730970752e-01
6.199999999999999289e+00 -4.799829880452988196e-01 -1.626781316187204673e-01
6.300000000000000711e+00 -4.627611667275474128e-01 -1.778853263885067371e-01
6.400000000000000355e+00 -4.444059227675974388e-01 -1.846994556539516275e-01
6.500000000000000000e+00 -4.258212755967570873e-01 -1.839258597539128459e-01
6.600000000000000533e+00 -4.076207508168148697e-01 -1.781122711711380369e-01
6.700000000000000178e+00 -3.901988213625294799e-01 -1.702650942894408104e-01
6.799999999999999822e+00 -3.735677319589267298e-01 -1.634605080838649194e-01
6.899999999999999467e+00 -3.575067197457564849e-01 -1.590818803957678718e-01
7.000000000000000000e+00 -3.417513558797731221e-01 -1.562735220615580900e-01
7.099999999999999645e+00 -3.262520153334448891e-01 -1.534530097388255854e-01
7.199999999999999289e+00 -3.110607539320080495e-01 -1.491638101939525285e-01
7.299999999999998934e+00 -2.964192532946543501e-01 -1.428412205080715758e-01
7.400000000000000355e+00 -2.824925098303937010e-01 -1.351462294983851731e-01
7.500000000000000000e+00 -2.693900073949773155e-01 -1.276619611808544885e-01
7.599999999999999645e+00 -2.569601175942228255e-01 -1.210422686844845330e-01
7.699999999999999289e+00 -2.451815536580804200e-01 -1.140499769526279739e-01
7.800000000000000711e+00 -2.341501222036972141e-01 -1.058389605463994076e-01
7.900000000000000355e+00 -2.240137615488005385e-01 -9.765151539902405808e-02
8.000000000000000000e+00 -2.146198191238923858e-01 -9.126856913417058514e-02
8.100000000000001421e+00 -2.057600477219664326e-01 -8.683242142513913908e-02
8.199999999999999289e+00 -1.972533348388645635e-01 -8.323113782792757043e-02
8.300000000000000711e+00 -1.891138201563808963e-01 -8.010042893943802866e-02
8.399999999999998579e+00 -1.812332490509769578e-01 -7.720994497438060655e-02
8.500000000000000000e+00 -1.736718311615047805e-01 -7.388194471526066121e-02
8.599999999999999645e+00 -1.664568601079248200e-01 -7.015131077602199117e-02
8.699999999999999289e+00 -1.596415690063003878e-01 -6.720358082570976332e-02
8.799999999999998934e+00 -1.530161439427828729e-01 -6.605471777546190193e-02
8.900000000000000355e+00 -1.464306254512079963e-01 -6.632482200754830082e-02
9.000000000000000000e+00 -1.397511795412732238e-01 -6.722057381379475949e-02
9.099999999999999645e+00 -1.329865106884490500e-01 -6.833883902769466445e-02
9.199999999999999289e+00 -1.260834117357342854e-01 -6.959230767767465853e-02
9.300000000000000711e+00 -1.190680491529141211e-01 -7.050345435984628484e-02
9.400000000000000355e+00 -1.119827208637650257e-01 -7.018083715078415885e-02
9.500000000000000000e+00 -1.050318817227572921e-01 -6.828862036977922934e-02
9.600000000000001421e+00 -9.832499678980917424e-02 -6.554397473352752135e-02
9.699999999999999289e+00 -9.192308677605177947e-02 -6.256026668245029398e-02
9.800000000000000711e+00 -8.581294345331912099e-02 -5.947604543807144539e-02
9.899999999999998579e+00 -8.002787768843749872e-02 -5.620177222727523736e-02
1.000000000000000000e+01 -7.457258900786406519e-02 -5.325074479186964194e-02
1.009999999999999964e+01 -6.937772873006356478e-02 -5.147927321200657103e-02
1.019999999999999929e+01 -6.427673436546275931e-02 -5.131682657187425223e-02
1.029999999999999893e+01 -5.911436341568870878e-02 -5.212145161440806529e-02
1.040000000000000036e+01 -5.385244404258113932e-02 -5.268543302400641171e-02
1.050000000000000000e+01 -4.857727681088742921e-02 -5.195287619076716101e-02
1.059999999999999964e+01 -4.346186880442770573e-02 -4.958653389982592419e-02
1.069999999999999929e+01 -3.865997003092224577e-02 -4.600776141107873474e-02
1.080000000000000071e+01 -3.426031652221196017e-02 -4.217167890708700684e-02
1.090000000000000036e+01 -3.022563424950484162e-02 -3.893615685176807228e-02
1.100000000000000000e+01 -2.647308515185834571e-02 -3.659487994875258721e-02
1.109999999999999964e+01 -2.290665825975432557e-02 -3.481948257731601326e-02
1.119999999999999929e+01 -1.950918863639514167e-02 -3.307112946627425998e-02
1.130000000000000071e+01 -1.629243236649947218e-02 -3.112730064833421628e-02
1.139999999999999858e+01 -1.328372850672829980e-02 -2.901668423347312023e-02
1.150000000000000000e+01 -1.048909551980484710e-02 -2.681605573375177298e-02
1.159999999999999964e+01 -7.920517359977943470e-03 -4.085193959199521357e-02
1.169999999999999929e+01 -2.318707601405803342e-03 -3.827024632544202831e-02
1.179999999999999893e+01 -2.664680948895386745e-04 -1.149464378633133915e-02
1.190000000000000036e+01 -1.977884413953560474e-05 -1.332340474447693372e-03
1.200000000000000000e+01 0.000000000000000000e+00 -1.977884413953560406e-04
