0.000000000000000000e+00 9.138748784510000860e+02 1.443936451269166810e+03
1.000000200000000089e-01 7.694812333240000726e+02 1.331463029324333320e+03
1.999999800000000216e-01 6.475822725860000446e+02 1.123913886832333219e+03
3.000000000000000444e-01 5.446984559579999541e+02 9.484788097903333437e+02
4.000000200000000117e-01 4.578865106279999964e+02 8.002075951056666554e+02
4.999999800000000105e-01 3.846569369360000223e+02 6.749115940051666485e+02
6.000000000000000888e-01 3.229041918270000338e+02 5.690466709871667490e+02
7.000000200000000561e-01 2.708476027390000240e+02 4.796141409904999477e+02
7.999999799999999439e-01 2.269813636290000147e+02 4.040769239740000103e+02
8.999999999999999112e-01 1.900322179439999957e+02 3.402885800015000086e+02
1.000000019999999878e+00 1.589236476290000155e+02 2.864332467406666751e+02
1.099999979999999988e+00 1.327455685959999983e+02 2.409748050194999962e+02
1.200000000000000178e+00 1.107286866250000088e+02 2.026138551734999851e+02
1.300000020000000145e+00 9.222279756100000725e+01 1.702513045430000034e+02
1.399999980000000033e+00 7.667842571600000667e+01 1.429575506924999786e+02
1.500000000000000000e+00 6.363128742300000340e+01 1.199464008430000064e+02
1.600000019999999967e+00 5.268914554700000252e+01 1.005530000051666661e+02
1.699999979999999855e+00 4.352068742200000173e+01 8.421515201316667287e+01
1.799999999999999822e+00 3.584611514499999885e+01 7.045751223083333059e+01
1.900000019999999790e+00 2.942918497600000194e+01 5.887821074683333222e+01
1.999999979999999900e+00 2.407047299500000292e+01 4.913753263383333092e+01
2.099999999999999645e+00 1.960167844900000134e+01 5.765060468299999741e+01
2.200000020000000056e+00 1.254035205899999994e+01 6.079620098750000068e+01
2.299999979999999944e+00 7.442438251000000449e+00 2.796356840483333173e+01
2.400000000000000355e+00 6.947638378000000614e+00 1.291169057900000006e+01
2.500000019999999878e+00 4.860100135999999793e+00 1.384920667999999999e+01
2.599999980000000210e+00 4.177797042000000793e+00 4.289164415333333480e+00
2.700000000000000178e+00 4.002267253000000302e+00 2.974858498999999767e+00
2.800000020000000145e+00 3.582825342000000468e+00 4.332287258500000071e+00
2.899999980000000033e+00 3.135809801000000174e+00 4.273072868666666579e+00
3.000000000000000000e+00 2.728210768000000286e+00 3.833111916999999647e+00
3.100000019999999967e+00 2.369187417000000018e+00 3.405476641666666637e+00
3.199999980000000299e+00 2.047115440000000230e+00 3.126477926500000226e+00
3.300000000000000266e+00 1.743891832000000086e+00 2.967855024333333258e+00
3.400000020000000234e+00 1.453544435000000190e+00 2.826294649999999908e+00
3.499999980000000122e+00 1.178632902000000149e+00 2.650236182500000037e+00
3.599999999999999645e+00 9.234971990000000464e-01 2.451865534333332874e+00
3.700000020000000056e+00 6.882597950000000075e-01 2.252621613833333480e+00
3.799999979999999944e+00 4.729728760000000420e-01 2.064710281500000022e+00
3.900000000000000355e+00 2.753177390000000058e-01 1.898342430999999886e+00
4.000000019999999878e+00 9.330439000000001482e-02 1.750116231499999842e+00
4.099999979999999766e+00 -7.470550700000000433e-02 1.609222048666666627e+00
4.199999999999999289e+00 -2.285400200000000381e-01 1.466724663833333331e+00
4.300000019999999701e+00 -3.680504399999999787e-01 1.320480391666666753e+00
4.399999980000000477e+00 -4.926360980000000223e-01 1.169810273499999997e+00
4.500000000000000000e+00 -6.020124949999999808e-01 1.015800700666666501e+00
4.600000019999999523e+00 -6.957962389999999830e-01 8.638968626666666539e-01
4.699999980000000299e+00 -7.747918670000000230e-01 7.219331313333333666e-01
4.800000000000000711e+00 -8.401828650000000565e-01 5.935638493333333932e-01
4.900000020000000234e+00 -8.935046370000000460e-01 4.795385261666666454e-01
4.999999980000000122e+00 -9.360905700000000662e-01 3.795639195000000132e-01
5.099999999999999645e+00 -9.694174210000000569e-01 2.879044441666666621e-01
5.200000020000000056e+00 -9.936714589999999792e-01 1.937050504999999756e-01
5.299999979999999944e+00 -1.008158431000000022e+00 9.323580100000000703e-02
5.400000000000000355e+00 -1.012318618999999975e+00 -6.019576166666666152e-03
5.500000019999999878e+00 -1.006954516000000188e+00 -9.069222183333332243e-02
5.599999979999999766e+00 -9.941801749999999993e-01 -1.497234148333333181e-01
5.699999999999999289e+00 -9.770098329999999942e-01 -1.835203655000000045e-01
5.800000019999999701e+00 -9.574761020000001066e-01 -2.064364199999999816e-01
5.899999980000000477e+00 -9.357225489999999590e-01 -2.350248768333333127e-01
6.000000000000000000e+00 -9.104711260000000195e-01 -2.733533896666666130e-01
6.100000019999999523e+00 -8.810518710000000420e-01 -3.108050436666666694e-01
6.199999980000000299e+00 -8.483101170000000302e-01 -3.341564840000000314e-01
6.300000000000000711e+00 -8.142205740000000302e-01 -3.391430335000000240e-01
6.400000020000000234e+00 -7.804815110000000722e-01 -3.313220084999999870e-01
6.499999980000000122e+00 -7.479561730000000574e-01 -3.234767713333333572e-01
6.600000000000000533e+00 -7.157861570000000340e-01 -3.301782500000000065e-01
6.700000020000000944e+00 -6.819205230000000562e-01 -3.558782626666666671e-01
6.799999979999999056e+00 -6.446105040000000841e-01 -3.913178496666666617e-01
6.899999999999999467e+00 -6.036569530000001071e-01 -4.246354896666666434e-01
7.000000019999999878e+00 -5.596834059999999944e-01 -4.462979830000000092e-01
7.099999979999999766e+00 -5.143973560000000278e-01 -4.494973110000000105e-01
7.199999999999999289e+00 -4.697839440000000089e-01 -4.338549199999999773e-01
7.300000019999999701e+00 -4.276263720000000323e-01 -4.047620266666666633e-01
7.399999980000000477e+00 -3.888315390000000038e-01 -3.696493236666666959e-01
7.500000000000000000e+00 -3.536965069999999933e-01 -3.372632006666666515e-01
7.600000019999999523e+00 -3.213788980000000239e-01 -3.153037906666666390e-01
7.699999980000000299e+00 -2.906357489999999988e-01 -3.055703328333333468e-01
7.800000000000000711e+00 -2.602648320000000015e-01 -3.049518338333332967e-01
7.900000020000000234e+00 -2.296453820000000090e-01 -3.065973906666666915e-01
7.999999980000000122e+00 -1.989453540000000187e-01 -3.013811921666666449e-01
8.100000000000001421e+00 -1.693691440000000270e-01 -2.831868428333333410e-01
8.200000020000000944e+00 -1.423079849999999980e-01 -2.528226801666666468e-01
8.299999979999999056e+00 -1.188046079999999921e-01 -2.151895421666666641e-01
8.399999999999998579e+00 -9.927007700000001211e-02 -1.766992961666666584e-01
8.500000019999999878e+00 -8.346474900000000474e-02 -1.439512856666666785e-01
8.599999979999999766e+00 -7.047982000000001246e-02 -1.215264233333333277e-01
8.699999999999999289e+00 -5.915946399999999494e-02 -1.088512509999999961e-01
8.800000019999998813e+00 -4.870956900000000811e-02 -1.020526504999999945e-01
8.899999980000000477e+00 -3.874893400000000571e-02 -9.706723933333333276e-02
9.000000000000000000e+00 -2.929612100000000482e-02 -8.998869516666666013e-02
9.100000019999999523e+00 -2.075119500000000006e-02 -7.813374666666667023e-02
9.199999980000001187e+00 -1.366937199999999908e-02 -6.049253516666666664e-02
9.300000000000000711e+00 -8.652688000000000393e-03 -3.780672833333333094e-02
9.400000020000000234e+00 -6.108025999999999907e-03 -1.361416916666666720e-02
9.499999980000000122e+00 -5.929854000000000028e-03 6.354660499999999559e-03
9.600000000000001421e+00 -7.378959000000000906e-03 1.804858549999999867e-02
9.700000020000000944e+00 -9.539571000000000162e-03 2.165205566666666623e-02
9.799999979999999056e+00 -1.170937000000000019e-02 2.000518016666666399e-02
9.899999999999998579e+00 -1.354060699999999964e-02 1.617884583333333362e-02
1.000000001999999988e+01 -1.494513899999999965e-02 1.262152116666666497e-02
1.009999997999999977e+01 -1.606491100000000116e-02 1.047410316666666681e-02
1.019999999999999929e+01 -1.703996000000000330e-02 1.028675733333333370e-02
1.030000001999999881e+01 -1.812226299999999957e-02 1.206456000000000021e-02
1.039999998000000048e+01 -1.945287199999999952e-02 1.480534883333333405e-02
1.050000000000000000e+01 -2.108333300000000271e-02 1.687942949999999762e-02
1.060000001999999952e+01 -2.282875700000000160e-02 1.704206800000000049e-02
1.069999998000000119e+01 -2.449174600000000174e-02 1.483187466666666642e-02
1.080000000000000071e+01 -2.579513199999999840e-02 1.020212200000000097e-02
1.090000002000000023e+01 -2.653217100000000023e-02 3.515176500000000235e-03
1.099999998000000012e+01 -2.649816800000000250e-02 -3.899466166666666449e-03
1.110000000000000142e+01 -2.575227700000000397e-02 -1.024007816666666626e-02
1.120000002000000094e+01 -2.445015200000000277e-02 -1.473498399999999958e-02
1.129999997999999906e+01 -2.280528100000000016e-02 -1.806758383333333454e-02
1.139999999999999858e+01 -2.083663500000000265e-02 -2.164514533333333421e-02
1.150000001999999988e+01 -1.847625200000000203e-02 -2.617045983333333298e-02
1.159999997999999977e+01 -1.560254299999999997e-02 -8.496307633333333165e-02
1.169999999999999929e+01 -1.483635999999999983e-03 -7.714266966666666336e-02
1.180000001999999881e+01 -1.740090000000000072e-04 -7.331058333333333697e-03
1.189999998000000048e+01 -1.742500000000000003e-05 -8.700469999999999862e-04
1.200000000000000000e+01 0.000000000000000000e+00 -1.742459999999999983e-04
