0.000000000000000000e+00 2.521428290547787299e+01 7.687892389870114584e+00
1.000000000000000056e-01 2.444549366649086153e+01 7.687892389870114584e+00
2.000000000000000111e-01 2.367670442750385007e+01 7.687892389870114584e+00
3.000000000000000444e-01 2.290791518851683861e+01 7.687892389870114584e+00
4.000000000000000222e-01 2.213912594952982715e+01 7.687892389870114584e+00
5.000000000000000000e-01 2.137033671054281569e+01 7.687892389870114584e+00
6.000000000000000888e-01 2.060154747155580424e+01 7.687892389870114584e+00
6.999999999999999556e-01 1.983275823256879278e+01 7.687892389870114584e+00
8.000000000000000444e-01 1.906396899358177777e+01 7.687892389870114584e+00
8.999999999999999112e-01 1.829517975459476631e+01 7.687892389870114584e+00
1.000000000000000000e+00 1.752639051560775485e+01 7.687892389870114584e+00
1.099999999999999867e+00 1.675760127662074339e+01 7.687892389870114584e+00
1.200000000000000178e+00 1.598881203763373371e+01 7.687892389870114584e+00
1.300000000000000044e+00 1.522002279864672225e+01 7.687892389870114584e+00
1.399999999999999911e+00 1.445123355965971079e+01 7.687892389870114584e+00
1.500000000000000000e+00 1.368244432067269933e+01 7.687892389870114584e+00
1.600000000000000089e+00 1.291365508168568788e+01 7.687892389870114584e+00
1.699999999999999956e+00 1.214486584269867642e+01 7.687892389870114584e+00
1.799999999999999822e+00 1.137607660371166496e+01 7.687892389870114584e+00
1.899999999999999911e+00 1.060728736472465350e+01 7.687892389870114584e+00
2.000000000000000000e+00 9.838498125737642042e+00 7.687892389870114584e+00
2.099999999999999645e+00 9.069708886750630583e+00 7.687892389870114584e+00
2.199999999999999734e+00 8.300919647763619125e+00 7.687892389870114584e+00
2.299999999999999822e+00 7.532130408776606778e+00 7.687892389870128795e+00
2.400000000000000355e+00 6.763341169789592655e+00 7.687892389870125243e+00
2.500000000000000000e+00 5.994551930802582085e+00 7.687892389870107479e+00
2.600000000000000089e+00 5.225762691815571515e+00 7.687892389870111032e+00
2.700000000000000178e+00 4.456973452828559168e+00 7.687892389870114584e+00
2.799999999999999822e+00 3.688184213841548154e+00 7.687892389870114584e+00
2.899999999999999911e+00 2.919394974854536695e+00 7.687892389870114584e+00
3.000000000000000000e+00 2.150605735867525237e+00 7.687892389870101262e+00
3.099999999999999645e+00 1.381816496880516221e+00 5.915833351678134733e+00
3.200000000000000178e+00 9.674390655318980681e-01 3.782607864677537624e+00
3.300000000000000266e+00 6.252949239450087404e-01 3.097644004795043315e+00
3.399999999999999911e+00 3.479102645728894272e-01 2.492218286993829857e+00
3.500000000000000000e+00 1.268512665462427913e-01 1.947457263774238223e+00
3.599999999999999645e+00 -4.158118818195829375e-02 1.452564497073008498e+00
3.700000000000000178e+00 -1.636616328683589139e-01 1.017253650340694815e+00
3.799999999999999822e+00 -2.450319182500972637e-01 6.552443136016067315e-01
3.900000000000000355e+00 -2.947104955886802879e-01 3.847019201401407074e-01
4.000000000000000000e+00 -3.219723022781253996e-01 2.052317229108731045e-01
4.099999999999999645e+00 -3.357568401708548866e-01 9.704488899294827497e-02
4.199999999999999289e+00 -3.413812800767150879e-01 2.348525820102409511e-02
4.299999999999999822e+00 -3.404538918110597279e-01 -5.066912138632151397e-02
4.399999999999999467e+00 -3.312474557994507518e-01 -1.442350809046810678e-01
4.500000000000000000e+00 -3.116068756301235143e-01 -2.443425495096356315e-01
4.599999999999999645e+00 -2.823789458975236033e-01 -3.241568829457586176e-01
4.700000000000000178e+00 -2.467754990409717630e-01 -3.654807304799865264e-01
4.800000000000000711e+00 -2.092827998015263091e-01 -3.700759858574154126e-01
4.900000000000000355e+00 -1.727603018694886805e-01 -3.503529373116914813e-01
5.000000000000000000e+00 -1.392122123391880129e-01 -3.187633499947186699e-01
5.099999999999999645e+00 -1.090076318705449493e-01 -2.778866333031689284e-01
5.200000000000000178e+00 -8.363488567855423272e-02 -2.258395036587172999e-01
5.299999999999999822e+00 -6.383973113880148098e-02 -1.630239323917038186e-01
5.400000000000000355e+00 -5.103009920021346624e-02 -1.012184610654996986e-01
5.500000000000000000e+00 -4.359603892570154682e-02 -5.572120098401153743e-02
5.599999999999999645e+00 -3.988585900341115598e-02 -2.805559605991644889e-02
5.699999999999999289e+00 -3.798491971371825704e-02 -9.207421805790316771e-03
5.799999999999999822e+00 -3.804437464225309679e-02 8.516272916739925369e-03
5.899999999999999467e+00 -3.968817429706623934e-02 2.179811342207910174e-02
6.000000000000000000e+00 -4.240399732666891297e-02 2.646536407748312225e-02
6.099999999999999645e+00 -4.498124711256286379e-02 2.409925482982361311e-02
6.199999999999999289e+00 -4.722384829263363837e-02 2.777517961728703799e-02
6.300000000000000711e+00 -5.053628303602027139e-02 4.623392704042003643e-02
6.400000000000000355e+00 -5.647063370071764288e-02 7.202473092935113286e-02
6.500000000000000000e+00 -6.494122922189049518e-02 8.756161790442501536e-02
6.600000000000000533e+00 -7.398295728160264595e-02 7.964205150302816616e-02
6.700000000000000178e+00 -8.086963952249613674e-02 4.340884084611240645e-02
6.799999999999999822e+00 -8.266472545082513557e-02 -9.305963929762794962e-03
6.899999999999999467e+00 -7.900844673654357220e-02 -5.536546913124673619e-02
7.000000000000000000e+00 -7.159163162457578278e-02 -7.267813836106712388e-02
7.099999999999999645e+00 -6.447281906433015297e-02 -5.374504358384873948e-02
7.199999999999999289e+00 -6.084262290780603766e-02 -1.498849596861245859e-02
7.299999999999998934e+00 -6.147511987060765709e-02 1.948537775330416721e-02
7.400000000000000355e+00 -6.473969845846687388e-02 3.639678153065789568e-02
7.500000000000000000e+00 -6.875447617673922929e-02 3.576938814150226742e-02
7.599999999999999645e+00 -7.189357608676731626e-02 2.568186321016552309e-02
7.699999999999999289e+00 -7.389084881877233668e-02 1.485858649726073955e-02
7.800000000000000711e+00 -7.486529338621947249e-02 6.514351584583855104e-03
7.900000000000000355e+00 -7.519371913568911880e-02 1.022539562549773517e-03
8.000000000000000000e+00 -7.506980129872942165e-02 -2.592766352674025221e-03
8.100000000000001421e+00 -7.467516586515431098e-02 -5.952085346550561873e-03
8.199999999999999289e+00 -7.387938422941930927e-02 -1.051409196331670737e-02
8.300000000000000711e+00 -7.257234747249095841e-02 -1.438782661756798920e-02
8.399999999999998579e+00 -7.100181890590571976e-02 -1.560195352194448937e-02
8.500000000000000000e+00 -6.945195676810206331e-02 -1.494826634617496541e-02
8.599999999999999645e+00 -6.801216563667071557e-02 -1.544567051484357911e-02
8.699999999999999289e+00 -6.636282266513335304e-02 -1.950102305265322133e-02
8.799999999999998934e+00 -6.411196102614007131e-02 -2.568865115823543155e-02
8.900000000000000355e+00 -6.122509243348626257e-02 -3.302228990414962650e-02
9.000000000000000000e+00 -5.750750304531015294e-02 -4.218031352760848174e-02
9.099999999999999645e+00 -5.278902972796456483e-02 -5.218910742377400047e-02
9.199999999999999289e+00 -4.706968156055535424e-02 -6.110643524408596039e-02
9.300000000000000711e+00 -4.056774267914737414e-02 -6.713455645327437438e-02
9.400000000000000355e+00 -3.364277026990047242e-02 -6.733788593433925884e-02
9.500000000000000000e+00 -2.710016549227952168e-02 -6.117638297979643980e-02
9.600000000000001421e+00 -2.140749367394118724e-02 -4.996017927416704363e-02
9.699999999999999289e+00 -1.710812963744611295e-02 -3.714500899087226637e-02
9.800000000000000711e+00 -1.397849187576673258e-02 -2.724763661688395233e-02
9.899999999999998579e+00 -1.165860231406932318e-02 -2.283292727107955056e-02
1.000000000000000000e+01 -9.411906421550823160e-03 -2.289996988992808874e-02
1.009999999999999964e+01 -7.078608336083704392e-03 -2.422161857908761151e-02
1.019999999999999929e+01 -4.567582705733300510e-03 -2.412795776309824974e-02
1.029999999999999893e+01 -2.253016783464054096e-03 -2.181459226150967573e-02
1.040000000000000036e+01 -2.046642534313652126e-04 -1.822929191367473473e-02
1.050000000000000000e+01 1.392841599270893023e-03 -1.423237379781801953e-02
1.059999999999999964e+01 2.641810506132238629e-03 -1.034808968509348323e-02
1.069999999999999929e+01 3.462459536289589756e-03 -6.100828853407043798e-03
1.080000000000000071e+01 3.861976276813647562e-03 -1.478726933880736283e-03
1.090000000000000036e+01 3.758204923065736926e-03 3.199163457384912590e-03
1.100000000000000000e+01 3.222143585336664784e-03 7.209897910958556685e-03
1.109999999999999964e+01 2.316225340874025502e-03 9.907227518935985550e-03
1.119999999999999929e+01 1.240698081549467847e-03 1.056479111741048110e-02
1.130000000000000071e+01 2.032671173919290265e-04 9.512346191664133865e-03
1.139999999999999858e+01 -6.617711567833590991e-04 7.630017177126138632e-03
1.150000000000000000e+01 -1.322736318033298835e-03 5.275189364868789269e-03
1.159999999999999964e+01 -1.716809029757117040e-03 -3.945466101477632624e-03
1.169999999999999929e+01 -5.336430977377721804e-04 -8.188852352634036491e-03
1.179999999999999893e+01 -7.903855923030951905e-05 -2.625942837903110210e-03
1.190000000000000036e+01 -8.454530157150113009e-06 -3.951927961515475682e-04
1.200000000000000000e+01 0.000000000000000000e+00 -8.454530157150112670e-05
