0.000000000000000000e+00 2.183983965021981533e+01 5.018142268241149395e+00
1.000000000000000056e-01 2.133802542339570252e+01 5.018142268241135184e+00
2.000000000000000111e-01 2.083621119657158971e+01 5.018142268241135184e+00
3.000000000000000444e-01 2.033439696974747335e+01 5.018142268241135184e+00
4.000000000000000222e-01 1.983258274292336409e+01 5.018142268241135184e+00
5.000000000000000000e-01 1.933076851609924773e+01 5.018142268241135184e+00
6.000000000000000888e-01 1.882895428927513493e+01 5.018142268241135184e+00
6.999999999999999556e-01 1.832714006245101857e+01 5.018142268241135184e+00
8.000000000000000444e-01 1.782532583562690931e+01 5.018142268241135184e+00
8.999999999999999112e-01 1.732351160880279295e+01 5.018142268241135184e+00
1.000000000000000000e+00 1.682169738197868014e+01 5.018142268241135184e+00
1.099999999999999867e+00 1.631988315515456733e+01 5.018142268241135184e+00
1.200000000000000178e+00 1.581806892833045453e+01 5.018142268241135184e+00
1.300000000000000044e+00 1.531625470150633817e+01 5.018142268241149395e+00
1.399999999999999911e+00 1.481444047468222358e+01 5.018142268241135184e+00
1.500000000000000000e+00 1.431262624785811255e+01 5.018142268241120973e+00
1.600000000000000089e+00 1.381081202103399974e+01 5.018142268241135184e+00
1.699999999999999956e+00 1.330899779420988516e+01 5.018142268241135184e+00
1.799999999999999822e+00 1.280718356738577235e+01 5.018142268241135184e+00
1.899999999999999911e+00 1.230536934056165776e+01 5.018142268241135184e+00
2.000000000000000000e+00 1.180355511373754496e+01 5.018142268241135184e+00
2.099999999999999645e+00 1.130174088691343037e+01 5.018142268241135184e+00
2.199999999999999734e+00 1.079992666008931934e+01 5.018142268241135184e+00
2.299999999999999822e+00 1.029811243326520298e+01 5.018142268241149395e+00
2.400000000000000355e+00 9.796298206441088396e+00 5.018142268241135184e+00
2.500000000000000000e+00 9.294483979616975589e+00 5.018142268241135184e+00
2.600000000000000089e+00 8.792669752792861004e+00 5.018142268241135184e+00
2.700000000000000178e+00 8.290855525968749973e+00 5.018142268241128079e+00
2.799999999999999822e+00 7.789041299144635389e+00 5.018142268241135184e+00
2.899999999999999911e+00 7.287227072320522581e+00 5.018142268241135184e+00
3.000000000000000000e+00 6.785412845496408885e+00 5.018142268241128079e+00
3.099999999999999645e+00 6.283598618672296965e+00 5.018142268241135184e+00
3.200000000000000178e+00 5.781784391848181492e+00 5.018142268241149395e+00
3.300000000000000266e+00 5.279970165024066908e+00 5.018142268241135184e+00
3.399999999999999911e+00 4.778155938199954100e+00 5.018142268241135184e+00
3.500000000000000000e+00 4.276341711375839516e+00 5.018142268241131632e+00
3.599999999999999645e+00 3.774527484551728040e+00 5.018142268241131632e+00
3.700000000000000178e+00 3.272713257727613012e+00 5.018142268241135184e+00
3.799999999999999822e+00 2.770899030903501092e+00 5.018142268241135184e+00
3.900000000000000355e+00 2.269084804079386064e+00 5.018142268241133408e+00
4.000000000000000000e+00 1.767270577255274366e+00 4.317049472168171143e+00
4.099999999999999645e+00 1.405674909645751924e+00 3.230383057471128971e+00
4.199999999999999289e+00 1.121193965761048572e+00 2.577925817994065838e+00
4.299999999999999822e+00 8.900897460469385791e-01 2.106449149454763248e+00
4.399999999999999467e+00 6.999041358700958115e-01 1.735682344602916594e+00
4.500000000000000000e+00 5.429532771263553270e-01 1.429789186201975149e+00
4.599999999999999645e+00 4.139462986297007818e-01 1.172636058841347140e+00
4.700000000000000178e+00 3.084260653580859213e-01 9.568769407721716691e-01
4.800000000000000711e+00 2.225709104752664202e-01 7.748502729867713379e-01
4.900000000000000355e+00 1.534560107607316204e-01 6.195228108344341678e-01
5.000000000000000000e+00 9.866634830837955894e-02 4.885214913918000113e-01
5.099999999999999645e+00 5.575171248237160981e-02 3.805935831294204874e-01
5.200000000000000178e+00 2.254763168249546840e-02 2.921306745163302354e-01
5.299999999999999822e+00 -2.674422420894436141e-03 2.188529858296689168e-01
5.400000000000000355e+00 -2.122296548343831704e-02 1.580758608901575990e-01
5.500000000000000000e+00 -3.428959459892595707e-02 1.076898022215944106e-01
5.599999999999999645e+00 -4.276092592775720264e-02 6.576590420850936258e-02
5.699999999999999289e+00 -4.744277544062783236e-02 3.075796330639088416e-02
5.799999999999999822e+00 -4.891251858903537808e-02 1.302208198067783540e-03
5.899999999999999467e+00 -4.770321708024138907e-02 -2.339953576326098128e-02
6.000000000000000000e+00 -4.423261143638318460e-02 -4.287216465632456841e-02
6.099999999999999645e+00 -3.912878414897646984e-02 -5.615668544326582468e-02
6.199999999999999289e+00 -3.300127434773001550e-02 -6.343324088043444942e-02
6.300000000000000711e+00 -2.644213597288957995e-02 -6.556058918901960797e-02
6.400000000000000355e+00 -1.988915650992609252e-02 -6.312197002373191868e-02
6.500000000000000000e+00 -1.381774196814319726e-02 -5.736717519920385422e-02
6.600000000000000533e+00 -8.415721470085322370e-03 -5.081301109679276645e-02
6.700000000000000178e+00 -3.655139748784643188e-03 -4.508684903581057501e-02
6.799999999999999822e+00 6.016483370767938691e-04 -3.980375334753926547e-02
6.899999999999999467e+00 4.305610920723209993e-03 -3.443391658038216091e-02
7.000000000000000000e+00 7.488431653153226203e-03 -2.953045079626914760e-02
7.099999999999999645e+00 1.021170107997704073e-02 -2.539833747383567902e-02
7.199999999999999289e+00 1.256809914792036270e-02 -2.204405086465593966e-02
7.299999999999998934e+00 1.462051125290822831e-02 -1.913348581321280828e-02
7.400000000000000355e+00 1.639479631056292228e-02 -1.645394270479330623e-02
7.500000000000000000e+00 1.791129979386689094e-02 -1.400765981437031293e-02
7.599999999999999645e+00 1.919632827343698694e-02 -1.196411977784353486e-02
7.699999999999999289e+00 2.030412374943559722e-02 -1.037641350963677822e-02
7.800000000000000711e+00 2.127161097536434120e-02 -9.136516541515898870e-03
7.900000000000000355e+00 2.213142705773877769e-02 -8.305827201780427438e-03
8.000000000000000000e+00 2.293277641572042877e-02 -7.796538849905762514e-03
8.100000000000001421e+00 2.369073482771992881e-02 -6.917604665348034421e-03
8.199999999999999289e+00 2.431629734879003565e-02 -5.286062019041359861e-03
8.300000000000000711e+00 2.474794723152820217e-02 -3.271411856395831097e-03
8.399999999999998579e+00 2.497057972006920187e-02 -1.764719527401759080e-03
8.500000000000000000e+00 2.510089113700855398e-02 -9.280350797613995395e-04
8.599999999999999645e+00 2.515618673602148039e-02 -2.642141379824713976e-04
8.699999999999999289e+00 2.515373396460504618e-02 4.027860155789431129e-04
8.799999999999998934e+00 2.507562953290569385e-02 1.004666595930792106e-03
8.900000000000000355e+00 2.495280064541888915e-02 1.552502254274931714e-03
9.000000000000000000e+00 2.476512908205070682e-02 2.184936057373396134e-03
9.099999999999999645e+00 2.451581343394421131e-02 2.827887188172825694e-03
9.199999999999999289e+00 2.419955164441614168e-02 3.303585336209322043e-03
9.300000000000000711e+00 2.385509636670234482e-02 3.673494362379431388e-03
9.400000000000000355e+00 2.346485277194025609e-02 4.084071726227253563e-03
9.500000000000000000e+00 2.303828202145689549e-02 4.593828516213427360e-03
9.600000000000001421e+00 2.254608706869756785e-02 5.127072354665238030e-03
9.699999999999999289e+00 2.201286755052384719e-02 5.522142516867278861e-03
9.800000000000000711e+00 2.144165856532411277e-02 5.826176877390260023e-03
9.899999999999998579e+00 2.084763217504579519e-02 6.117128057201159930e-03
1.000000000000000000e+01 2.021823295388388078e-02 6.390550067934402945e-03
1.009999999999999964e+01 1.956952216145891460e-02 6.548306493205466317e-03
1.019999999999999929e+01 1.890857165524278960e-02 6.741131778427097987e-03
1.029999999999999893e+01 1.822129580577349500e-02 7.181080494287173099e-03
1.040000000000000036e+01 1.747235555638535290e-02 7.774212719713749498e-03
1.050000000000000000e+01 1.666645326183074580e-02 8.305987159627326033e-03
1.059999999999999964e+01 1.581115812445988908e-02 8.787347859390282068e-03
1.069999999999999929e+01 1.490898368995268765e-02 9.280265292075845496e-03
1.080000000000000071e+01 1.395510506604471894e-02 9.763542043622397415e-03
1.090000000000000036e+01 1.295627528122820886e-02 1.018326546762661489e-02
1.100000000000000000e+01 1.191845197251939492e-02 1.057711459806041226e-02
1.109999999999999964e+01 1.084085236161612571e-02 1.098475059908748247e-02
1.119999999999999929e+01 9.721501852701899121e-03 1.141020608872314601e-02
1.130000000000000071e+01 8.558811143871495816e-03 1.180847943745347295e-02
1.139999999999999858e+01 7.359805965211204011e-03 1.211659918820261542e-02
1.150000000000000000e+01 6.135491306230973600e-03 1.232683436698363624e-02
1.159999999999999964e+01 4.894439091814476589e-03 2.293782867237768863e-02
1.169999999999999929e+01 1.547925571755435874e-03 2.354295285049261971e-02
1.179999999999999893e+01 1.858485217159529777e-04 7.661634306185157589e-03
1.190000000000000036e+01 1.559871051840416482e-05 9.292426085797648614e-04
1.200000000000000000e+01 0.000000000000000000e+00 1.559871051840416617e-04
