0.000000000000000000e+00 5.825819261836355167e+01 1.377819945790258771e+01
1.000000000000000056e-01 5.688037267257328722e+01 1.377819945790247402e+01
2.000000000000000111e-01 5.550255272678305118e+01 1.377819945790247402e+01
3.000000000000000444e-01 5.412473278099279383e+01 1.377819945790247402e+01
4.000000000000000222e-01 5.274691283520255780e+01 1.377819945790247402e+01
5.000000000000000000e-01 5.136909288941230045e+01 1.377819945790250244e+01
6.000000000000000888e-01 4.999127294362205731e+01 1.377819945790247402e+01
6.999999999999999556e-01 4.861345299783180707e+01 1.377819945790247402e+01
8.000000000000000444e-01 4.723563305204156393e+01 1.377819945790247402e+01
8.999999999999999112e-01 4.585781310625131368e+01 1.377819945790247402e+01
1.000000000000000000e+00 4.447999316046107054e+01 1.377819945790247402e+01
1.099999999999999867e+00 4.310217321467081319e+01 1.377819945790250244e+01
1.200000000000000178e+00 4.172435326888057006e+01 1.377819945790247402e+01
1.300000000000000044e+00 4.034653332309031981e+01 1.377819945790247402e+01
1.399999999999999911e+00 3.896871337730007667e+01 1.377819945790247402e+01
1.500000000000000000e+00 3.759089343150982643e+01 1.377819945790247402e+01
1.600000000000000089e+00 3.621307348571957618e+01 1.377819945790247402e+01
1.699999999999999956e+00 3.483525353992933304e+01 1.377819945790247402e+01
1.799999999999999822e+00 3.345743359413908280e+01 1.377819945790247402e+01
1.899999999999999911e+00 3.207961364834883256e+01 1.377819945790247402e+01
2.000000000000000000e+00 3.070179370255858942e+01 1.377819945790247402e+01
2.099999999999999645e+00 2.932397375676833917e+01 1.377819945790244560e+01
2.199999999999999734e+00 2.794615381097809959e+01 1.377819945790244560e+01
2.299999999999999822e+00 2.656833386518785289e+01 1.377819945790250244e+01
2.400000000000000355e+00 2.519051391939759910e+01 1.377819945790250244e+01
2.500000000000000000e+00 2.381269397360735240e+01 1.377819945790247402e+01
2.600000000000000089e+00 2.243487402781710216e+01 1.377819945790247402e+01
2.700000000000000178e+00 2.105705408202685547e+01 1.377819945790247402e+01
2.799999999999999822e+00 1.967923413623660878e+01 1.377819945790247402e+01
2.899999999999999911e+00 1.830141419044636208e+01 1.377819945790247402e+01
3.000000000000000000e+00 1.692359424465611184e+01 1.377819945790244560e+01
3.099999999999999645e+00 1.554577429886587225e+01 1.377819945790247402e+01
3.200000000000000178e+00 1.416795435307561846e+01 1.377819945790251666e+01
3.300000000000000266e+00 1.279013440728536821e+01 1.377819945790247402e+01
3.399999999999999911e+00 1.141231446149512330e+01 1.377819945790248113e+01
3.500000000000000000e+00 1.003449451570487128e+01 1.377819945790247402e+01
3.599999999999999645e+00 8.656674569914628137e+00 1.377819945790247402e+01
3.700000000000000178e+00 7.278854624124377004e+00 1.377819945790247047e+01
3.799999999999999822e+00 5.901034678334134753e+00 1.377819945790247047e+01
3.900000000000000355e+00 4.523214732543882732e+00 1.377819945790247225e+01
4.000000000000000000e+00 3.145394786753639593e+00 1.027376348329365996e+01
4.099999999999999645e+00 2.468462035885150563e+00 5.978230324982073185e+00
4.199999999999999289e+00 1.949748721757225134e+00 4.692494519970386690e+00
4.299999999999999822e+00 1.529963131891073136e+00 3.848707183426226308e+00
4.399999999999999467e+00 1.180007285071979828e+00 3.217403898241761873e+00
4.500000000000000000e+00 8.864823522427207614e-01 2.692212873870786005e+00
4.599999999999999645e+00 6.415647102978225824e-01 2.243385088693333085e+00
4.700000000000000178e+00 4.378053345040540667e-01 1.861716813651534963e+00
4.800000000000000711e+00 2.692213475675155343e-01 1.530356626528583508e+00
4.900000000000000355e+00 1.317340091983373873e-01 1.241354531586458698e+00
5.000000000000000000e+00 2.095044125022377246e-02 9.968923609650937046e-01
5.099999999999999645e+00 -6.764446299468136747e-02 7.987673425490942059e-01
5.200000000000000178e+00 -1.388030272595950909e-01 6.407396274033755335e-01
5.299999999999999822e+00 -1.957923884753564880e-01 5.115073695184138014e-01
5.400000000000000355e+00 -2.411045011632778623e-01 4.025086986386683385e-01
5.500000000000000000e+00 -2.762941282030901280e-01 3.074575573008404561e-01
5.599999999999999645e+00 -3.025960126234459313e-01 2.226814235126077790e-01
5.699999999999999289e+00 -3.208304129056117060e-01 1.471422824795987072e-01
5.799999999999999822e+00 -3.320244691193656728e-01 8.187878800643066945e-02
5.899999999999999467e+00 -3.372061705068978288e-01 2.758278019956827976e-02
6.000000000000000000e+00 -3.375410251592793620e-01 -1.563648728721278580e-02
6.099999999999999645e+00 -3.340788730494552716e-01 -4.820980144418585134e-02
6.199999999999999289e+00 -3.278990648704421806e-01 -7.309031827494583133e-02
6.300000000000000711e+00 -3.194608093944661387e-01 -9.508730300708490013e-02
6.400000000000000355e+00 -3.088816042690252228e-01 -1.149668215546504335e-01
6.500000000000000000e+00 -2.964674450835360076e-01 -1.320367834757649739e-01
6.600000000000000533e+00 -2.824742475738721836e-01 -1.452493772272913652e-01
6.700000000000000178e+00 -2.674175696380777789e-01 -1.528721797476710886e-01
6.799999999999999822e+00 -2.518998116243379992e-01 -1.533635447020058606e-01
6.899999999999999467e+00 -2.367448606976765846e-01 -1.473603465332333773e-01
7.000000000000000000e+00 -2.224277423176913016e-01 -1.378996111483126175e-01
7.099999999999999645e+00 -2.091649384680140666e-01 -1.275732930688354694e-01
7.199999999999999289e+00 -1.969130837039242132e-01 -1.176602639706976206e-01
7.299999999999998934e+00 -1.856328856738745370e-01 -1.086501736044096500e-01
7.400000000000000355e+00 -1.751830489830422666e-01 -1.004792902088139650e-01
7.500000000000000000e+00 -1.655370276321117551e-01 -9.256715551163285927e-02
7.599999999999999645e+00 -1.566696178807157058e-01 -8.497613186297736654e-02
7.699999999999999289e+00 -1.485418012595162707e-01 -7.868053464748125947e-02
7.800000000000000711e+00 -1.409335109512194484e-01 -7.401974092699659113e-02
7.900000000000000355e+00 -1.337378530741169524e-01 -7.010016164554155882e-02
8.000000000000000000e+00 -1.269134786221111366e-01 -6.653509077435915131e-02
8.100000000000001421e+00 -1.204308349192451111e-01 -6.221934004760709680e-02
8.199999999999999289e+00 -1.144696106125897145e-01 -5.703664987853551693e-02
8.300000000000000711e+00 -1.090235049435380188e-01 -5.196476301587216184e-02
8.399999999999998579e+00 -1.040766580094152904e-01 -4.746902851653733713e-02
8.500000000000000000e+00 -9.952969924023054304e-02 -4.364624711278758395e-02
8.599999999999999645e+00 -9.534740858685776532e-02 -4.086319331433585500e-02
8.699999999999999289e+00 -9.135706057736336927e-02 -3.916563408019629877e-02
8.799999999999998934e+00 -8.751428177081850557e-02 -3.781732620330063854e-02
8.900000000000000355e+00 -8.379359533670324711e-02 -3.631694157452669547e-02
9.000000000000000000e+00 -8.025089345591317203e-02 -3.455364233617441716e-02
9.099999999999999645e+00 -7.688286686946836646e-02 -3.260119879862327652e-02
9.199999999999999289e+00 -7.373065369618851672e-02 -3.079125121903925066e-02
9.300000000000000711e+00 -7.072461662566051355e-02 -2.986913354098169604e-02
9.400000000000000355e+00 -6.775682698799216641e-02 -3.031586017056303595e-02
9.500000000000000000e+00 -6.466144459154790636e-02 -3.170601790012500532e-02
9.600000000000001421e+00 -6.141562340796716951e-02 -3.297835588181541322e-02
9.699999999999999289e+00 -5.806577341518481816e-02 -3.344534281746236459e-02
9.800000000000000711e+00 -5.472655484447469521e-02 -3.281441358566428157e-02
9.899999999999998579e+00 -5.150289069805196601e-02 -3.158341989023205620e-02
1.000000000000000000e+01 -4.840987086642828396e-02 -3.061271617427371861e-02
1.009999999999999964e+01 -4.538034746319721813e-02 -3.028652763206046705e-02
1.019999999999999929e+01 -4.235256534001619055e-02 -3.033266669442144514e-02
1.029999999999999893e+01 -3.931381412431293049e-02 -3.018511514805771734e-02
1.040000000000000036e+01 -3.631554231040464570e-02 -2.946974661395787565e-02
1.050000000000000000e+01 -3.341986480152135675e-02 -2.836528797557422155e-02
1.059999999999999964e+01 -3.064248471528980416e-02 -2.723663476002496919e-02
1.069999999999999929e+01 -2.797253784951636221e-02 -2.637584238235851641e-02
1.080000000000000071e+01 -2.536731623881810158e-02 -2.580648876396335334e-02
1.090000000000000036e+01 -2.281124009672369154e-02 -2.547624484730189043e-02
1.100000000000000000e+01 -2.027206726935772141e-02 -2.521329414352112275e-02
1.109999999999999964e+01 -1.776858126801946630e-02 -2.475176551653526791e-02
1.119999999999999929e+01 -1.532171416605066817e-02 -2.397310593666959755e-02
1.130000000000000071e+01 -1.297396008068554644e-02 -2.286801891168299683e-02
1.139999999999999858e+01 -1.074811038371406915e-02 -2.154144730638113403e-02
1.150000000000000000e+01 -8.665670619409319292e-03 -2.015915546908750994e-02
1.159999999999999964e+01 -6.716279289896567167e-03 -3.465175471110298194e-02
1.169999999999999929e+01 -1.735319677188722340e-03 -3.287907984259699767e-02
1.179999999999999893e+01 -1.404633213771667815e-04 -8.625012489023862680e-03
1.190000000000000036e+01 -1.031717938394961917e-05 -7.023166068858340428e-04
1.200000000000000000e+01 0.000000000000000000e+00 -1.031717938394961781e-04
