0.000000000000000000e+00 8.892808000000000845e+01 3.076502166666666582e+01
1.001999999999999974e-01 8.585158000000001266e+01 3.076502166666666582e+01
1.998000000000000331e-01 8.277508000000000266e+01 3.076502166666666582e+01
3.000000000000000444e-01 7.969858000000000686e+01 3.076502166666666582e+01
4.002000000000000002e-01 7.662206999999999368e+01 3.076502166666666582e+01
4.998000000000000220e-01 7.354556999999999789e+01 3.076502166666666582e+01
6.000000000000000888e-01 7.046907000000000210e+01 3.076502166666666582e+01
7.001999999999999336e-01 6.739257000000000630e+01 3.076502166666666582e+01
7.998000000000000664e-01 6.431606000000000734e+01 3.076502166666666582e+01
8.999999999999999112e-01 6.123955999999999733e+01 3.076502166666666582e+01
1.000199999999999978e+00 5.816306000000000154e+01 3.076502166666666582e+01
1.099799999999999889e+00 5.508655999999999864e+01 3.076502166666666582e+01
1.200000000000000178e+00 5.201006000000000284e+01 3.076502166666666582e+01
1.300200000000000022e+00 4.893355000000000388e+01 3.076502166666666582e+01
1.399799999999999933e+00 4.585705000000000098e+01 3.076502166666666582e+01
1.500000000000000000e+00 4.278055000000000518e+01 3.076502166666666582e+01
1.600200000000000067e+00 3.970405000000000229e+01 3.076502166666666582e+01
1.699799999999999978e+00 3.662755000000000649e+01 3.076502166666666582e+01
1.799999999999999822e+00 3.355104000000000042e+01 3.076502166666666582e+01
1.900199999999999889e+00 3.047454000000000462e+01 3.076502166666666582e+01
1.999800000000000022e+00 2.739803999999999817e+01 3.076502166666666582e+01
2.099999999999999645e+00 2.432153999999999883e+01 3.076502166666666582e+01
2.200200000000000156e+00 2.124502999999999986e+01 3.076502166666666582e+01
2.299799999999999844e+00 1.816853000000000051e+01 3.076502166666666582e+01
2.400000000000000355e+00 1.509203000000000117e+01 3.076502166666666582e+01
2.500199999999999978e+00 1.201553000000000004e+01 3.076502166666666582e+01
2.599800000000000111e+00 8.939030000000000697e+00 3.076502166666666582e+01
2.700000000000000178e+00 5.862519999999999953e+00 3.076502166666666582e+01
2.800200000000000244e+00 2.786020000000000163e+00 2.152279166666666654e+01
2.899799999999999933e+00 1.557970000000000077e+00 1.085489833333333287e+01
3.000000000000000000e+00 6.150400000000000311e-01 7.837579999999999991e+00
3.100200000000000067e+00 -9.550000000000001196e-03 5.419908333333333772e+00
3.199799999999999756e+00 -4.689400000000000235e-01 4.058701666666666874e+00
3.300000000000000266e+00 -8.212899999999999645e-01 3.209705000000000030e+00
3.400199999999999889e+00 -1.110880000000000090e+00 2.608431666666666704e+00
3.499800000000000466e+00 -1.342980000000000063e+00 2.097971666666666568e+00
3.599999999999999645e+00 -1.530470000000000219e+00 1.586884999999999879e+00
3.700200000000000156e+00 -1.660350000000000215e+00 9.730699999999999905e-01
3.799799999999999844e+00 -1.725090000000000234e+00 4.162533333333333641e-01
3.900000000000000355e+00 -1.743600000000000039e+00 -9.682666666666665811e-02
4.000199999999999534e+00 -1.705720000000000347e+00 -7.096566666666666023e-01
4.099800000000000111e+00 -1.601670000000000149e+00 -1.263208333333333488e+00
4.199999999999999289e+00 -1.453079999999999927e+00 -1.557069999999999954e+00
4.300200000000000244e+00 -1.290259999999999962e+00 -1.506824999999999859e+00
4.399799999999999933e+00 -1.151720000000000077e+00 -1.244038333333333357e+00
4.500000000000000000e+00 -1.041449999999999987e+00 -1.004696666666666571e+00
4.600200000000000067e+00 -9.507799999999999585e-01 -7.663666666666666405e-01
4.699799999999999756e+00 -8.881800000000000805e-01 -6.535499999999999643e-01
4.800000000000000711e+00 -8.200699999999999656e-01 -5.726683333333333348e-01
4.900199999999999889e+00 -7.736399999999999944e-01 -5.088799999999999990e-01
4.999800000000000466e+00 -7.182900000000000951e-01 -3.867366666666666730e-01
5.099999999999999645e+00 -6.963000000000000300e-01 -2.303899999999999837e-01
5.200200000000000600e+00 -6.722100000000000852e-01 -2.269500000000000128e-01
5.299799999999999400e+00 -6.509100000000000996e-01 -2.517683333333333162e-01
5.400000000000000355e+00 -6.218600000000000794e-01 -3.090183333333333393e-01
5.500199999999999534e+00 -5.891000000000000680e-01 -3.740433333333332833e-01
5.599800000000000111e+00 -5.470500000000000362e-01 -3.778283333333333216e-01
5.699999999999999289e+00 -5.135399999999999965e-01 -4.664783333333333282e-01
5.800200000000000244e+00 -4.537499999999999867e-01 -6.705383333333333473e-01
5.899799999999999933e+00 -3.794299999999999895e-01 -7.881383333333332741e-01
6.000000000000000000e+00 -2.961300000000000043e-01 -7.093349999999999378e-01
6.100199999999999179e+00 -2.375599999999999934e-01 -5.876800000000000912e-01
6.199800000000000644e+00 -1.785900000000000265e-01 -5.403149999999999897e-01
6.300000000000000711e+00 -1.295000000000000040e-01 -4.530250000000000110e-01
6.400199999999999889e+00 -8.799000000000001265e-02 -2.547966666666666713e-01
6.499799999999999578e+00 -7.853999999999999870e-02 -1.468999999999999993e-02
6.600000000000000533e+00 -8.505000000000001448e-02 9.864666666666666028e-02
6.700200000000000600e+00 -9.827000000000001012e-02 1.598383333333333045e-01
6.799799999999999400e+00 -1.170199999999999990e-01 2.797016666666666818e-01
6.899999999999999467e+00 -1.542100000000000137e-01 4.648683333333333279e-01
7.000200000000000422e+00 -2.099900000000000100e-01 5.665683333333333405e-01
7.099800000000000111e+00 -2.675199999999999800e-01 6.217416666666666369e-01
7.199999999999999289e+00 -3.343400000000000261e-01 7.012983333333333569e-01
7.300199999999999356e+00 -4.077800000000000313e-01 7.153133333333332455e-01
7.399800000000000821e+00 -4.774000000000000465e-01 7.272983333333333800e-01
7.500000000000000000e+00 -5.532400000000000651e-01 7.212749999999999995e-01
7.600199999999999179e+00 -6.216599999999999904e-01 6.011283333333333756e-01
7.699800000000000644e+00 -6.734700000000000131e-01 4.742049999999999876e-01
7.800000000000000711e+00 -7.165000000000000258e-01 3.912800000000000167e-01
7.900199999999999889e+00 -7.517200000000000548e-01 2.703416666666667023e-01
7.999799999999999578e+00 -7.705700000000000882e-01 1.750150000000000039e-01
8.100000000000001421e+00 -7.867300000000000404e-01 9.883999999999999730e-02
8.200200000000000600e+00 -7.903299999999999770e-01 -1.666666666666666611e-04
8.299799999999999400e+00 -7.866900000000001114e-01 -8.029500000000000526e-02
8.399999999999998579e+00 -7.742700000000000138e-01 -1.495866666666666456e-01
8.500199999999999534e+00 -7.567800000000000082e-01 -1.709683333333333333e-01
8.599800000000000111e+00 -7.400800000000000711e-01 -2.349133333333333074e-01
8.699999999999999289e+00 -7.097900000000000320e-01 -3.270299999999999874e-01
8.800200000000000244e+00 -6.746699999999999919e-01 -3.702366666666667139e-01
8.899800000000000821e+00 -6.357500000000000373e-01 -3.801383333333333003e-01
9.000000000000000000e+00 -5.986500000000000155e-01 -3.436116666666667041e-01
9.100199999999999179e+00 -5.670200000000000795e-01 -3.792349999999999888e-01
9.199799999999999756e+00 -5.228000000000000425e-01 -4.498583333333333045e-01
9.300000000000000711e+00 -4.770500000000000296e-01 -4.415816666666667056e-01
9.400199999999999889e+00 -4.344800000000000328e-01 -4.699883333333333413e-01
9.499800000000000466e+00 -3.830600000000000116e-01 -4.677833333333333288e-01
9.600000000000001421e+00 -3.409300000000000108e-01 -4.572633333333333550e-01
9.700200000000000600e+00 -2.916000000000000258e-01 -4.798799999999999732e-01
9.799799999999999400e+00 -2.449500000000000011e-01 -4.597249999999999948e-01
9.899999999999998579e+00 -1.996600000000000041e-01 -3.697883333333333300e-01
1.000019999999999953e+01 -1.709900000000000031e-01 -2.905299999999999550e-01
1.009980000000000011e+01 -1.415500000000000091e-01 -3.483999999999999875e-01
1.019999999999999929e+01 -1.013099999999999973e-01 -3.558000000000000052e-01
1.030020000000000024e+01 -7.038999999999999424e-02 -2.707450000000000134e-01
1.039980000000000082e+01 -4.716000000000000747e-02 -2.338783333333333270e-01
1.050000000000000000e+01 -2.362000000000000210e-02 -1.767400000000000082e-01
1.060019999999999918e+01 -1.182000000000000065e-02 -1.196099999999999941e-01
1.069979999999999976e+01 3.099999999999999999e-04 -8.237333333333334007e-02
1.080000000000000071e+01 4.660000000000000080e-03 -5.396499999999999214e-02
1.090019999999999989e+01 1.110000000000000049e-02 -2.535833333333333342e-02
1.099980000000000047e+01 9.730000000000000801e-03 1.556666666666666702e-03
1.110000000000000142e+01 1.079000000000000098e-02 -3.043333333333333307e-02
1.120020000000000060e+01 1.582000000000000073e-02 -4.924999999999999691e-03
1.129979999999999940e+01 1.177000000000000095e-02 3.466666666666666508e-02
1.139999999999999858e+01 8.880000000000000740e-03 3.300999999999999768e-02
1.150019999999999953e+01 5.170000000000000984e-03 2.553666666666666585e-02
1.159980000000000011e+01 3.780000000000000374e-03 1.152000000000000073e-02
1.169999999999999929e+01 2.870000000000000155e-03 1.616166666666666793e-02
1.180020000000000024e+01 5.400000000000000069e-04 1.411333333333333363e-02
1.189980000000000082e+01 4.000000000000000327e-05 2.720000000000000195e-03
1.200000000000000000e+01 0.000000000000000000e+00 4.366666666666666917e-04
