0.000000000000000000e+00 6.623466938656747516e+01 1.876436360633147160e+01
1.000000000000000056e-01 6.435823302593432516e+01 1.876436360633147160e+01
2.000000000000000111e-01 6.248179666530118226e+01 1.876436360633147160e+01
3.000000000000000444e-01 6.060536030466803936e+01 1.876436360633147160e+01
4.000000000000000222e-01 5.872892394403488936e+01 1.876436360633147160e+01
5.000000000000000000e-01 5.685248758340173936e+01 1.876436360633152844e+01
6.000000000000000888e-01 5.497605122276858225e+01 1.876436360633152844e+01
6.999999999999999556e-01 5.309961486213543935e+01 1.876436360633147160e+01
8.000000000000000444e-01 5.122317850150228935e+01 1.876436360633147160e+01
8.999999999999999112e-01 4.934674214086913935e+01 1.876436360633144318e+01
1.000000000000000000e+00 4.747030578023600356e+01 1.876436360633147160e+01
1.099999999999999867e+00 4.559386941960284645e+01 1.876436360633150002e+01
1.200000000000000178e+00 4.371743305896970355e+01 1.876436360633147160e+01
1.300000000000000044e+00 4.184099669833655355e+01 1.876436360633150002e+01
1.399999999999999911e+00 3.996456033770340355e+01 1.876436360633150002e+01
1.500000000000000000e+00 3.808812397707025355e+01 1.876436360633147160e+01
1.600000000000000089e+00 3.621168761643710354e+01 1.876436360633147160e+01
1.699999999999999956e+00 3.433525125580396065e+01 1.876436360633147160e+01
1.799999999999999822e+00 3.245881489517081064e+01 1.876436360633150002e+01
1.899999999999999911e+00 3.058237853453765709e+01 1.876436360633150002e+01
2.000000000000000000e+00 2.870594217390451064e+01 1.876436360633147160e+01
2.099999999999999645e+00 2.682950581327136419e+01 1.876436360633147160e+01
2.199999999999999734e+00 2.495306945263821774e+01 1.876436360633147160e+01
2.299999999999999822e+00 2.307663309200506774e+01 1.876436360633150002e+01
2.400000000000000355e+00 2.120019673137191774e+01 1.876436360633150002e+01
2.500000000000000000e+00 1.932376037073876773e+01 1.876436360633148581e+01
2.600000000000000089e+00 1.744732401010561773e+01 1.876436360633148581e+01
2.700000000000000178e+00 1.557088764947247128e+01 1.876436360633148581e+01
2.799999999999999822e+00 1.369445128883932128e+01 1.876436360633148581e+01
2.899999999999999911e+00 1.181801492820617483e+01 1.876436360633147160e+01
3.000000000000000000e+00 9.941578567573026604e+00 1.876436360633144318e+01
3.099999999999999645e+00 8.065142206939885483e+00 1.876436360633147871e+01
3.200000000000000178e+00 6.188705846306731040e+00 1.579852445768916880e+01
3.300000000000000266e+00 4.905437315402051190e+00 1.164339613991693767e+01
3.399999999999999911e+00 3.860026618323343151e+00 9.522926210085527643e+00
3.500000000000000000e+00 3.000852073384945751e+00 7.791771270480181144e+00
3.599999999999999645e+00 2.301672364227306922e+00 6.345277749181574833e+00
3.700000000000000178e+00 1.731796523548630562e+00 5.175765453001414329e+00
3.799999999999999822e+00 1.266519273627023878e+00 4.239731235570515011e+00
3.900000000000000355e+00 8.838502764345275153e-01 3.465027012984585486e+00
4.000000000000000000e+00 5.735138710301067588e-01 2.793034007632437810e+00
4.099999999999999645e+00 3.252434749080399534e-01 2.201501153041613978e+00
4.199999999999999289e+00 1.332136404217839631e-01 1.678677532387713223e+00
4.299999999999999822e+00 -1.049203156950270777e-02 1.228051494855970649e+00
4.399999999999999467e+00 -1.123966585494101250e-01 8.534792698004829425e-01
4.500000000000000000e+00 -1.811878855295993018e-01 5.544743887224591328e-01
4.599999999999999645e+00 -2.232915362939019710e-01 3.192690042739888545e-01
4.700000000000000178e+00 -2.450416863843970783e-01 1.371235270068327239e-01
4.800000000000000711e+00 -2.507162416952685158e-01 -2.487899239403290608e-03
4.900000000000000355e+00 -2.445441065365164257e-01 -1.107244005845278156e-01
5.000000000000000000e+00 -2.285713615783629415e-01 -1.975901232205299340e-01
5.099999999999999645e+00 -2.050260818924104500e-01 -2.587563504687522276e-01
5.200000000000000178e+00 -1.768200914846125016e-01 -2.860567465414481925e-01
5.299999999999999822e+00 -1.478147325841207838e-01 -2.842317493289338026e-01
5.400000000000000355e+00 -1.199737416188257355e-01 -2.699121455117717838e-01
5.500000000000000000e+00 -9.383230348176643809e-02 -2.530895200967056557e-01
5.599999999999999645e+00 -6.935583759948459048e-02 -2.334415286087754005e-01
5.699999999999999289e+00 -4.714399776001135245e-02 -2.049927902736636276e-01
5.799999999999999822e+00 -2.835727954475186774e-02 -1.640528501373471615e-01
5.899999999999999467e+00 -1.433342773254192050e-02 -1.094511977740836306e-01
6.000000000000000000e+00 -6.467039989935140752e-03 -4.476100464997675998e-02
6.099999999999999645e+00 -5.381226802546567635e-03 2.003983898793524482e-02
6.199999999999999289e+00 -1.047500778752218954e-02 7.345473846109562555e-02
6.300000000000000711e+00 -2.007217449476569535e-02 1.058434652891394739e-01
6.400000000000000355e+00 -3.164370084535008537e-02 1.140763607207669339e-01
6.500000000000000000e+00 -4.288744663891908004e-02 1.018398930259100110e-01
6.600000000000000533e+00 -5.201167945053208896e-02 7.867488666703759126e-02
6.700000000000000178e+00 -5.862242397232660107e-02 5.527546540474365111e-02
6.799999999999999822e+00 -6.306677253148082474e-02 3.806355803356192835e-02
6.899999999999999467e+00 -6.623513557903898397e-02 2.948913698610139411e-02
7.000000000000000000e+00 -6.896459992870110356e-02 2.820556005379226683e-02
7.099999999999999645e+00 -7.187624758979743733e-02 2.936238240209831929e-02
7.199999999999999289e+00 -7.483707640912076742e-02 2.814028548068037150e-02
7.299999999999998934e+00 -7.750430468593351441e-02 2.183529345042334313e-02
7.400000000000000355e+00 -7.920413509920543049e-02 1.083247050802782496e-02
7.500000000000000000e+00 -7.967079878753907662e-02 -1.223195598648030291e-04
7.599999999999999645e+00 -7.917967118723247266e-02 -6.583408276017888028e-03
7.699999999999999289e+00 -7.835411713233550457e-02 -8.308003206320080380e-03
7.800000000000000711e+00 -7.751807054596845936e-02 -9.136251536354000891e-03
7.900000000000000355e+00 -7.652686682506470994e-02 -1.190111668047294513e-02
8.000000000000000000e+00 -7.513784720987387589e-02 -1.797373156450143838e-02
8.100000000000001421e+00 -7.293212051216441116e-02 -2.625451411328955098e-02
8.199999999999999289e+00 -6.988694438721596014e-02 -3.369738652091269770e-02
8.300000000000000711e+00 -6.619264320798187717e-02 -3.886753387783936642e-02
8.399999999999998579e+00 -6.211343761164808686e-02 -4.304173789037446518e-02
8.500000000000000000e+00 -5.758429562990698136e-02 -4.737667851307769684e-02
8.599999999999999645e+00 -5.263810190903254332e-02 -5.151114470444512206e-02
8.699999999999999289e+00 -4.728206668901795834e-02 -5.386676438048990101e-02
8.799999999999998934e+00 -4.186474903293456451e-02 -5.330287966153487988e-02
8.900000000000000355e+00 -3.662149075671097820e-02 -5.013175027258134908e-02
9.000000000000000000e+00 -3.183839897841829469e-02 -4.603646064615507516e-02
9.099999999999999645e+00 -2.741419862747996455e-02 -4.310442687901978875e-02
9.199999999999999289e+00 -2.321751360261433555e-02 -4.122123597672576467e-02
9.300000000000000711e+00 -1.916995143213481162e-02 -3.857465606826811222e-02
9.400000000000000355e+00 -1.550258238896071172e-02 -3.330579768504710048e-02
9.500000000000000000e+00 -1.250879189512539048e-02 -2.574301834200881656e-02
9.600000000000001421e+00 -1.035397872055894911e-02 -1.795115536639622228e-02
9.699999999999999289e+00 -8.918560821846145681e-03 -1.277435284745467164e-02
9.800000000000000711e+00 -7.799108151068014777e-03 -1.145219701187782935e-02
9.899999999999998579e+00 -6.628121419470580505e-03 -1.296175576395209791e-02
1.000000000000000000e+01 -5.206756998277595021e-03 -1.522925790202185256e-02
1.009999999999999964e+01 -3.582269839066209646e-03 -1.599366997425542142e-02
1.019999999999999929e+01 -2.008023003426510217e-03 -1.397518407438191716e-02
1.029999999999999893e+01 -7.872330241898259535e-04 -9.881689375431599795e-03
1.040000000000000036e+01 -3.168512834019019276e-05 -5.271415781245200258e-03
1.050000000000000000e+01 2.670501320592141088e-04 -1.062825227036354007e-03
1.059999999999999964e+01 1.808799170670806413e-04 1.635670788251548111e-03
1.069999999999999929e+01 -6.008402559109554995e-05 2.444650512801348295e-03
1.080000000000000071e+01 -3.080501854931890393e-04 2.160046095788443685e-03
1.090000000000000036e+01 -4.920932447487843696e-04 1.596238927375424541e-03
1.100000000000000000e+01 -6.272979709682739583e-04 9.977549492014132181e-04
1.109999999999999964e+01 -6.916442345890669698e-04 5.453089018180043782e-04
1.119999999999999929e+01 -7.363597513318748773e-04 2.230577163492295303e-04
1.130000000000000071e+01 -7.362557778589129192e-04 -1.089434277325353889e-04
1.139999999999999858e+01 -7.145710657853678212e-04 -3.731954162403527259e-04
1.150000000000000000e+01 -6.616166946108423307e-04 -6.162073086592723126e-04
1.159999999999999964e+01 -5.913296040535132936e-04 2.994102599667312556e-04
1.169999999999999929e+01 -7.214987466041886252e-04 -2.258044337718186599e-03
1.179999999999999893e+01 -1.397207365098759792e-04 -3.543656136070663914e-03
1.190000000000000036e+01 -1.276751939005581564e-05 -6.986036825493799774e-04
1.200000000000000000e+01 0.000000000000000000e+00 -1.276751939005581530e-04
