0.000000000000000000e+00 3.973418191875640332e+03 6.129394920358063246e+03
1.000000000000000056e-01 3.360478699839834007e+03 5.657729521923987704e+03
2.000000000000000111e-01 2.841872287490843064e+03 4.786902197566305404e+03
3.000000000000000444e-01 2.403098260326572927e+03 4.049943677245708386e+03
4.000000000000000222e-01 2.031883552041701250e+03 3.426288189487193449e+03
5.000000000000000000e-01 1.717840622429134328e+03 2.898528341023525172e+03
6.000000000000000888e-01 1.452177883836996216e+03 2.451930155556494356e+03
6.999999999999999556e-01 1.227454591317835366e+03 2.074022570323941181e+03
8.000000000000000444e-01 1.037373369772207980e+03 1.754249959247777952e+03
8.999999999999999112e-01 8.766045994682798437e+02 1.483678006386933703e+03
1.000000000000000000e+00 7.406377684948211026e+02 1.254744738948189479e+03
1.099999999999999867e+00 6.256556516786419024e+02 1.061049786577138548e+03
1.200000000000000178e+00 5.284278111793934158e+02 8.971759980729948438e+02
1.300000000000000044e+00 4.462204520640429450e+02 7.585384476818114763e+02
1.399999999999999911e+00 3.767201216430311206e+02 6.412566258086690141e+02
1.500000000000000000e+00 3.179691269023091422e+02 5.420462545870104805e+02
1.600000000000000089e+00 2.683108707256290018e+02 4.581277152273198681e+02
1.699999999999999956e+00 2.263435838568451572e+02 3.871485366543183773e+02
1.799999999999999822e+00 1.908811633947653377e+02 3.271177865109938239e+02
1.899999999999999911e+00 1.609200265546463697e+02 2.763505370622402779e+02
2.000000000000000000e+00 1.356110559823172821e+02 2.334208590994762744e+02
2.099999999999999645e+00 1.142358547347511148e+02 1.971220344421490722e+02
2.199999999999999734e+00 9.618664909388746764e+01 1.664328786655325985e+02
2.299999999999999822e+00 8.094927900164459800e+01 1.404892358540396344e+02
2.400000000000000355e+00 6.808880192307952939e+01 1.185598512237980913e+02
2.500000000000000000e+00 5.723730875688497832e+01 1.000259493882042250e+02
2.600000000000000089e+00 4.808361204543868439e+01 8.436394925063783035e+01
2.700000000000000178e+00 4.036451890675741083e+01 7.113083387339150931e+01
2.799999999999999822e+00 3.385744527076038679e+01 5.995176762380322089e+01
2.899999999999999911e+00 2.837416538199676808e+01 5.050961549675366768e+01
3.000000000000000000e+00 2.375552217140965183e+01 4.253607250018394836e+01
3.099999999999999645e+00 1.986695088195997982e+01 3.580415584258302886e+01
3.200000000000000178e+00 1.659469100289304322e+01 3.012185062744315189e+01
3.300000000000000266e+00 1.384258075647134767e+01 2.532673189667887215e+01
3.399999999999999911e+00 1.152934462355726986e+01 2.128141306788394616e+01
3.500000000000000000e+00 9.586298142894557728e+00 2.993520591654786145e+01
3.599999999999999645e+00 5.542303440247696500e+00 2.950870597216759350e+01
3.700000000000000178e+00 3.684556948461038761e+00 1.499225524148864785e+01
3.799999999999999822e+00 2.543852391949966485e+00 6.515133156218498200e+00
3.900000000000000355e+00 2.381530317217339210e+00 3.933836940297521068e+00
4.000000000000000000e+00 1.757085003890462183e+00 3.365451948302167651e+00
4.099999999999999645e+00 1.708439927556905547e+00 9.775468075596744910e-01
4.199999999999999289e+00 1.561575642378527196e+00 1.588471120966261196e+00
4.299999999999999822e+00 1.390745703363653440e+00 1.682461464618048907e+00
4.399999999999999467e+00 1.225083349454917370e+00 1.585207839079157743e+00
4.500000000000000000e+00 1.073704135547821847e+00 1.442472864415480061e+00
4.599999999999999645e+00 9.365887765718213798e-01 1.316684469031463856e+00
4.700000000000000178e+00 8.103672417415289653e-01 1.216816103800010929e+00
4.800000000000000711e+00 6.932255558118192162e-01 1.127172948992694046e+00
4.900000000000000355e+00 5.849326519429901561e-01 1.036540561523388249e+00
5.000000000000000000e+00 4.859174435071414999e-01 9.460037635098093034e-01
5.099999999999999645e+00 3.957318992410283065e-01 8.587262519954690365e-01
5.200000000000000178e+00 3.141721931080476704e-01 7.751247207408977768e-01
5.299999999999999822e+00 2.407069550928487289e-01 6.966723583192426794e-01
5.400000000000000355e+00 1.748377214441991512e-01 6.237080550437096305e-01
5.500000000000000000e+00 1.159653440841068028e-01 5.550525503335219657e-01
5.599999999999999645e+00 6.382721137749473861e-02 4.897386998843746286e-01
5.699999999999999289e+00 1.801760410723186878e-02 4.283737898613669270e-01
5.799999999999999822e+00 -2.184754659477864541e-02 3.723302244730295474e-01
5.899999999999999467e+00 -5.644844078737404347e-02 3.222740426491863541e-01
6.000000000000000000e+00 -8.630235512461592595e-02 2.773935580657079791e-01
6.099999999999999645e+00 -1.119271524005156365e-01 2.367604194367037007e-01
6.199999999999999289e+00 -1.336544390119566716e-01 1.994637934870437945e-01
6.300000000000000711e+00 -1.518199110979243927e-01 1.654754155603628263e-01
6.400000000000000355e+00 -1.667495221240292425e-01 1.355461967419605562e-01
6.500000000000000000e+00 -1.789291504463165206e-01 1.094031441070180133e-01
6.600000000000000533e+00 -1.886301509454328396e-01 8.587177331708484296e-02
6.700000000000000178e+00 -1.961035051097334836e-01 6.512299506932450743e-02
6.799999999999999822e+00 -2.016547499592977466e-01 4.722146666694526651e-02
6.899999999999999467e+00 -2.055477984431225424e-01 3.080124161146535755e-02
7.000000000000000000e+00 -2.078149982815908070e-01 1.479493052300928646e-02
7.099999999999999645e+00 -2.085067845477243942e-01 -7.873122200083848554e-04
7.199999999999999289e+00 -2.076575358375891411e-01 -1.536244226053917750e-02
7.299999999999998934e+00 -2.054342960956165587e-01 -2.777981760739556272e-02
7.400000000000000355e+00 -2.021015723161100341e-01 -3.708744839531052939e-02
7.500000000000000000e+00 -1.980168064165544473e-01 -4.360325348300242432e-02
7.599999999999999645e+00 -1.933809216195095382e-01 -4.879573294236583259e-02
7.699999999999999289e+00 -1.882576598280812918e-01 -5.361902590931422186e-02
7.800000000000000711e+00 -1.826571164376467049e-01 -5.815136048783986489e-02
7.900000000000000355e+00 -1.766273877305133133e-01 -6.241723224047568408e-02
8.000000000000000000e+00 -1.701736699895515514e-01 -6.580468642063797002e-02
8.100000000000001421e+00 -1.634664504463857193e-01 -6.656974135489401867e-02
8.199999999999999289e+00 -1.568597217185727644e-01 -6.417974925804525999e-02
8.300000000000000711e+00 -1.506305005947766729e-01 -6.033916121138649391e-02
8.399999999999998579e+00 -1.447918894762954545e-01 -5.689369526961363110e-02
8.500000000000000000e+00 -1.392517615408539189e-01 -5.463737238061650014e-02
8.599999999999999645e+00 -1.338644150001721544e-01 -5.368960073425266266e-02
8.699999999999999289e+00 -1.285138413940034030e-01 -5.344786488967157023e-02
8.799999999999998934e+00 -1.231748420222378293e-01 -5.320569223256843561e-02
8.900000000000000355e+00 -1.178727029474897076e-01 -5.281509582098387057e-02
9.000000000000000000e+00 -1.126118228580410552e-01 -5.231320039969344915e-02
9.099999999999999645e+00 -1.074100628675510177e-01 -5.158711284609285297e-02
9.199999999999999289e+00 -1.022944002888224874e-01 -5.093743839233538795e-02
9.300000000000000711e+00 -9.722257518908394847e-02 -5.111072158514989860e-02
9.400000000000000355e+00 -9.207225597179251320e-02 -5.229002798406706676e-02
9.500000000000000000e+00 -8.676456959227052401e-02 -5.376911009449247825e-02
9.600000000000001421e+00 -8.131843395289400922e-02 -5.473844563816632203e-02
9.699999999999999289e+00 -7.581688046463726238e-02 -5.460773347458208749e-02
9.800000000000000711e+00 -7.039688725797758895e-02 -5.301230968591885695e-02
9.899999999999998579e+00 -6.521441852745349377e-02 -5.008223366776132224e-02
1.000000000000000000e+01 -6.038044052442533005e-02 -4.662485229272161913e-02
1.009999999999999964e+01 -5.588944806890916439e-02 -4.352871142675229787e-02
1.019999999999999929e+01 -5.167469823907486909e-02 -4.114220972642312901e-02
1.029999999999999893e+01 -4.766100612362453998e-02 -3.935461549297400441e-02
1.040000000000000036e+01 -4.380377514048006821e-02 -3.783814932666931807e-02
1.050000000000000000e+01 -4.009337625829068052e-02 -3.624341037505096619e-02
1.059999999999999964e+01 -3.655509306546987636e-02 -3.446258888935613274e-02
1.069999999999999929e+01 -3.320085848041944704e-02 -3.264203866001239018e-02
1.080000000000000071e+01 -3.002668533346739693e-02 -3.094640640383636288e-02
1.090000000000000036e+01 -2.701157719965217863e-02 -2.942251534124511181e-02
1.100000000000000000e+01 -2.414218226521837318e-02 -2.801706697960107406e-02
1.109999999999999964e+01 -2.140816380373196381e-02 -2.661095782148695243e-02
1.119999999999999929e+01 -1.881999070092098270e-02 -2.507370062908204078e-02
1.130000000000000071e+01 -1.639342367791555427e-02 -2.353349567112933416e-02
1.139999999999999858e+01 -1.411329156669511621e-02 -2.240796488898666450e-02
1.150000000000000000e+01 -1.191183070011822033e-02 -2.208715705048271832e-02
1.159999999999999964e+01 -9.695860156598573240e-03 -5.200191874948806303e-02
1.169999999999999929e+01 -1.511446950220608201e-03 -4.771795489864433248e-02
1.179999999999999893e+01 -1.522691768697062879e-04 -7.486410069453392456e-03
1.190000000000000036e+01 -1.416493632992964033e-05 -7.613458843485314395e-04
1.200000000000000000e+01 0.000000000000000000e+00 -1.416493632992963931e-04
