0.000000000000000000e+00 6.291555470521949900e+01 1.478988259211473633e+01
1.000000000000000056e-01 6.143656644600802252e+01 1.478988259211467948e+01
2.000000000000000111e-01 5.995757818679656026e+01 1.478988259211462264e+01
3.000000000000000444e-01 5.847858992758509800e+01 1.478988259211462264e+01
4.000000000000000222e-01 5.699960166837363573e+01 1.478988259211467948e+01
5.000000000000000000e-01 5.552061340916216636e+01 1.478988259211467948e+01
6.000000000000000888e-01 5.404162514995070410e+01 1.478988259211467948e+01
6.999999999999999556e-01 5.256263689073922762e+01 1.478988259211467948e+01
8.000000000000000444e-01 5.108364863152776536e+01 1.478988259211467948e+01
8.999999999999999112e-01 4.960466037231628889e+01 1.478988259211462264e+01
1.000000000000000000e+00 4.812567211310484083e+01 1.478988259211462264e+01
1.099999999999999867e+00 4.664668385389336436e+01 1.478988259211467948e+01
1.200000000000000178e+00 4.516769559468190209e+01 1.478988259211467948e+01
1.300000000000000044e+00 4.368870733547043272e+01 1.478988259211467948e+01
1.399999999999999911e+00 4.220971907625897046e+01 1.478988259211462264e+01
1.500000000000000000e+00 4.073073081704750820e+01 1.478988259211467948e+01
1.600000000000000089e+00 3.925174255783603172e+01 1.478988259211467948e+01
1.699999999999999956e+00 3.777275429862456946e+01 1.478988259211462264e+01
1.799999999999999822e+00 3.629376603941310719e+01 1.478988259211467948e+01
1.899999999999999911e+00 3.481477778020163072e+01 1.478988259211467948e+01
2.000000000000000000e+00 3.333578952099016846e+01 1.478988259211462264e+01
2.099999999999999645e+00 3.185680126177870974e+01 1.478988259211467948e+01
2.199999999999999734e+00 3.037781300256723682e+01 1.478988259211467948e+01
2.299999999999999822e+00 2.889882474335577456e+01 1.478988259211467948e+01
2.400000000000000355e+00 2.741983648414429808e+01 1.478988259211467948e+01
2.500000000000000000e+00 2.594084822493283582e+01 1.478988259211465106e+01
2.600000000000000089e+00 2.446185996572137000e+01 1.478988259211466527e+01
2.700000000000000178e+00 2.298287170650990419e+01 1.478988259211465106e+01
2.799999999999999822e+00 2.150388344729843837e+01 1.478988259211465106e+01
2.899999999999999911e+00 2.002489518808697255e+01 1.478988259211465106e+01
3.000000000000000000e+00 1.854590692887550674e+01 1.478988259211463685e+01
3.099999999999999645e+00 1.706691866966404447e+01 1.478988259211467948e+01
3.200000000000000178e+00 1.558793041045257155e+01 1.478988259211470790e+01
3.300000000000000266e+00 1.410894215124110396e+01 1.478988259211465106e+01
3.399999999999999911e+00 1.262995389202964169e+01 1.478988259211466527e+01
3.500000000000000000e+00 1.115096563281817055e+01 1.478988259211465817e+01
3.599999999999999645e+00 9.671977373606710060e+00 1.478988259211465817e+01
3.700000000000000178e+00 8.192989114395238914e+00 1.478988259211465817e+01
3.799999999999999822e+00 6.714000855183778427e+00 1.221187451035023841e+01
3.900000000000000355e+00 5.750614212325191765e+00 9.867051680934206814e+00
4.000000000000000000e+00 4.740590518996937064e+00 9.532235431787182023e+00
4.099999999999999645e+00 3.844167125967755005e+00 8.204443388638892998e+00
4.199999999999999289e+00 3.099701841269158376e+00 6.888853556958903113e+00
4.299999999999999822e+00 2.466396414575974472e+00 5.841161354290203889e+00
4.399999999999999467e+00 1.931469570411117331e+00 4.953218647691743470e+00
4.500000000000000000e+00 1.475752685037625689e+00 4.197366878474098506e+00
4.599999999999999645e+00 1.091996194716297719e+00 3.549952214363744307e+00
4.700000000000000178e+00 7.657622421648766498e-01 3.009263166324086747e+00
4.800000000000000711e+00 4.901435614514804140e-01 2.538871454470728928e+00
4.900000000000000355e+00 2.579879512707308753e-01 2.119265266058183439e+00
5.000000000000000000e+00 6.629050823984368457e-02 1.744976884007136908e+00
5.099999999999999645e+00 -9.100742553069653129e-02 1.417510878945500652e+00
5.200000000000000178e+00 -2.172116675492564708e-01 1.128596789944845469e+00
5.299999999999999822e+00 -3.167267835196656556e-01 8.773441349787165500e-01
5.400000000000000355e+00 -3.926804945449997586e-01 6.603338662823909910e-01
5.500000000000000000e+00 -4.487935567761438538e-01 4.735166491176208137e-01
5.599999999999999645e+00 -4.873838243685239546e-01 3.078896756268210133e-01
5.699999999999999289e+00 -5.103714919015079898e-01 1.568409062087057215e-01
5.799999999999999822e+00 -5.187520056102651322e-01 1.575824958554061794e-02
5.899999999999999467e+00 -5.135231418186161356e-01 -1.137055745085842062e-01
6.000000000000000000e+00 -4.960108907085482577e-01 -2.245481883495381581e-01
6.099999999999999645e+00 -4.686135041487085040e-01 -3.036335896208024465e-01
6.199999999999999289e+00 -4.352841727843877462e-01 -3.454314908510154325e-01
6.300000000000000711e+00 -3.995272059785054397e-01 -3.529377254754471060e-01
6.400000000000000355e+00 -3.646966276892983361e-01 -3.339490030046012858e-01
6.500000000000000000e+00 -3.327374053775851714e-01 -3.021891822745879086e-01
6.600000000000000533e+00 -3.042587912343807655e-01 -2.727592798657028084e-01
6.700000000000000178e+00 -2.781855494044446209e-01 -2.510268443058742971e-01
6.799999999999999822e+00 -2.540534223732058838e-01 -2.308480042987983705e-01
6.899999999999999467e+00 -2.320159485446849357e-01 -2.074255788700591907e-01
7.000000000000000000e+00 -2.125683065991940401e-01 -1.796339738880941006e-01
7.099999999999999645e+00 -1.960891537670661211e-01 -1.488638914166013905e-01
7.199999999999999289e+00 -1.827955283158737565e-01 -1.204962752142348936e-01
7.299999999999998934e+00 -1.719898987242191313e-01 -1.028748098806122613e-01
7.400000000000000355e+00 -1.622205663397513209e-01 -9.844578492674949111e-02
7.500000000000000000e+00 -1.523007417388692331e-01 -1.028616363487819818e-01
7.599999999999999645e+00 -1.416482390699949079e-01 -1.093210573080728443e-01
7.699999999999999289e+00 -1.304365302772546586e-01 -1.124149333474019352e-01
7.800000000000000711e+00 -1.191652524005145236e-01 -1.095679042306043627e-01
7.900000000000000355e+00 -1.085229494311337889e-01 -1.036711820125866268e-01
8.000000000000000000e+00 -9.843101599799719548e-02 -9.801483256146781287e-02
8.100000000000001421e+00 -8.891998291884023464e-02 -9.189011780649564143e-02
8.199999999999999289e+00 -8.005299243669806997e-02 -8.702706478851607308e-02
8.300000000000000711e+00 -7.151456996113701725e-02 -8.498116768070407279e-02
8.399999999999998579e+00 -6.305675890055725819e-02 -8.243022494887441987e-02
8.500000000000000000e+00 -5.502852497136212495e-02 -7.626227992028145053e-02
8.599999999999999645e+00 -4.780430291650096530e-02 -6.784875753198851833e-02
8.699999999999999289e+00 -4.145877346496442545e-02 -5.969392410025783913e-02
8.799999999999998934e+00 -3.586551809644939609e-02 -5.184832201655389938e-02
8.900000000000000355e+00 -3.108910906165364418e-02 -4.408047023602701397e-02
9.000000000000000000e+00 -2.704942404924399330e-02 -3.674692162828996356e-02
9.099999999999999645e+00 -2.373972473599565008e-02 -2.987081777525198156e-02
9.199999999999999289e+00 -2.107526049419359768e-02 -2.398937819181366782e-02
9.300000000000000711e+00 -1.894184909763291583e-02 -2.000354830291718733e-02
9.400000000000000355e+00 -1.707455083361015744e-02 -1.712460440267338235e-02
9.500000000000000000e+00 -1.551692821709823970e-02 -1.485889229208398055e-02
9.600000000000001421e+00 -1.410277237519336202e-02 -1.462407913606959819e-02
9.699999999999999289e+00 -1.259211238988432006e-02 -1.655773985676341903e-02
9.800000000000000711e+00 -1.079122440384067821e-02 -1.783144775024080725e-02
9.899999999999998579e+00 -9.025822839836158268e-03 -1.628668993225620976e-02
1.000000000000000000e+01 -7.533886417389436436e-03 -1.324638486833092793e-02
1.009999999999999964e+01 -6.376545866169972508e-03 -1.052776883638433664e-02
1.019999999999999929e+01 -5.428332650112568936e-03 -9.233758896908729474e-03
1.029999999999999893e+01 -4.529794086788226093e-03 -8.592584151114947277e-03
1.040000000000000036e+01 -3.709815819889579827e-03 -7.199647632718476561e-03
1.050000000000000000e+01 -3.089864560244530781e-03 -5.152750373042401869e-03
1.059999999999999964e+01 -2.679265745281099106e-03 -3.528969205794379657e-03
1.069999999999999929e+01 -2.384070719085655023e-03 -2.418764800516233493e-03
1.080000000000000071e+01 -2.195512785177852581e-03 -1.767968592144045573e-03
1.090000000000000036e+01 -2.030477000656845821e-03 -1.766779253539721775e-03
1.100000000000000000e+01 -1.842156934469908096e-03 -1.655169292080649335e-03
1.109999999999999964e+01 -1.699443142240715868e-03 -5.211416332751347275e-04
1.119999999999999929e+01 -1.737928607814881237e-03 1.368322852453746422e-03
1.130000000000000071e+01 -1.973107712731465412e-03 2.772417795760645856e-03
1.139999999999999858e+01 -2.292412166967010279e-03 2.667335641337312963e-03
1.150000000000000000e+01 -2.506574840998927745e-03 8.426525297991014490e-04
1.159999999999999964e+01 -2.460942672926830829e-03 -9.941325993040907305e-03
1.169999999999999929e+01 -5.183096423907461751e-04 -1.195976031051462253e-02
1.179999999999999893e+01 -6.899061082390598365e-05 -2.553925221891948250e-03
1.190000000000000036e+01 -7.524598012356527088e-06 -3.449530541195299860e-04
1.200000000000000000e+01 0.000000000000000000e+00 -7.524598012356526410e-05
