0.000000000000000000e+00 6.750465591206697979e+01 2.286807968721996076e+01
1.000000000000000056e-01 6.521784794334499225e+01 2.286807968721984707e+01
2.000000000000000111e-01 6.293103997462301891e+01 2.286807968721984707e+01
3.000000000000000444e-01 6.064423200590101715e+01 2.286807968721996076e+01
4.000000000000000222e-01 5.835742403717902249e+01 2.286807968721996076e+01
5.000000000000000000e-01 5.607061606845702784e+01 2.286807968721990392e+01
6.000000000000000888e-01 5.378380809973504029e+01 2.286807968721990392e+01
6.999999999999999556e-01 5.149700013101304563e+01 2.286807968721990392e+01
8.000000000000000444e-01 4.921019216229106519e+01 2.286807968721993234e+01
8.999999999999999112e-01 4.692338419356906343e+01 2.286807968721990392e+01
1.000000000000000000e+00 4.463657622484708298e+01 2.286807968721990392e+01
1.099999999999999867e+00 4.234976825612508122e+01 2.286807968721996076e+01
1.200000000000000178e+00 4.006296028740308657e+01 2.286807968721990392e+01
1.300000000000000044e+00 3.777615231868109902e+01 2.286807968721990392e+01
1.399999999999999911e+00 3.548934434995910436e+01 2.286807968721990392e+01
1.500000000000000000e+00 3.320253638123711681e+01 2.286807968721990392e+01
1.600000000000000089e+00 3.091572841251512571e+01 2.286807968721993234e+01
1.699999999999999956e+00 2.862892044379313106e+01 2.286807968721990392e+01
1.799999999999999822e+00 2.634211247507114706e+01 2.286807968721988971e+01
1.899999999999999911e+00 2.405530450634915240e+01 2.286807968721993234e+01
2.000000000000000000e+00 2.176849653762715775e+01 2.286807968721991813e+01
2.099999999999999645e+00 1.948168856890517020e+01 2.286807968721990392e+01
2.199999999999999734e+00 1.719488060018317910e+01 2.286807968721990392e+01
2.299999999999999822e+00 1.490807263146118800e+01 2.286807968721994655e+01
2.400000000000000355e+00 1.262126466273918801e+01 2.286807968721995366e+01
2.500000000000000000e+00 1.033445669401719691e+01 2.286807968721991102e+01
2.600000000000000089e+00 8.047648725295205807e+00 2.286807968721990747e+01
2.700000000000000178e+00 5.760840756573214705e+00 2.286807968721991102e+01
2.799999999999999822e+00 3.474032787851223603e+00 2.286807968721991102e+01
2.899999999999999911e+00 1.187224819129232278e+00 1.402364142805471303e+01
3.000000000000000000e+00 6.693045022402805966e-01 4.576393525110989735e+00
3.099999999999999645e+00 2.719461141070342314e-01 3.523796340257402182e+00
3.200000000000000178e+00 -3.545476581119990506e-02 2.748715110551962937e+00
3.300000000000000266e+00 -2.777969080033584337e-01 2.163712564758700552e+00
3.399999999999999911e+00 -4.681972787629400390e-01 1.687253262939868881e+00
3.500000000000000000e+00 -6.152475605913322321e-01 1.280347501714893088e+00
3.599999999999999645e+00 -7.242667791059186344e-01 9.244228785534733817e-01
3.700000000000000178e+00 -8.001321363020269528e-01 5.949747169253076784e-01
3.799999999999999822e+00 -8.432617224909801923e-01 3.068932278467011443e-01
3.900000000000000355e+00 -8.615107818713672039e-01 4.120415726729387274e-02
4.000000000000000000e+00 -8.515025539444389668e-01 -2.163648655753052097e-01
4.099999999999999645e+00 -8.182378087563061397e-01 -4.062508198131276060e-01
4.199999999999999289e+00 -7.702523899818134456e-01 -5.466626477784650717e-01
4.299999999999999822e+00 -7.089052792006130810e-01 -5.850499390184267234e-01
4.399999999999999467e+00 -6.532424021781281231e-01 -5.047806988890810587e-01
4.500000000000000000e+00 -6.079491394227969359e-01 -3.615917677137825414e-01
4.599999999999999645e+00 -5.809240486353716149e-01 -2.257241669482406010e-01
4.700000000000000178e+00 -5.628043060331487935e-01 -1.927501667526496654e-01
4.800000000000000711e+00 -5.423740152848416374e-01 -1.774636864684921989e-01
4.900000000000000355e+00 -5.273115687394502871e-01 -8.723302306598679223e-02
5.000000000000000000e+00 -5.249274106716442789e-01 -3.923351188563239944e-02
5.099999999999999645e+00 -5.194648663623238072e-01 -6.449015618524578386e-02
5.200000000000000178e+00 -5.120293794345951444e-01 -1.158878613083804687e-01
5.299999999999999822e+00 -4.962872941006477578e-01 -9.275097647867891482e-02
5.400000000000000355e+00 -4.934791841388593281e-01 -5.114993900577946562e-02
5.500000000000000000e+00 -4.860573062994918425e-01 -7.755701894416500153e-02
5.599999999999999645e+00 -4.779677803500263500e-01 -1.100436635140065178e-01
5.699999999999999289e+00 -4.640485735966905501e-01 -2.092593964687607944e-01
5.799999999999999822e+00 -4.361159010562741800e-01 -2.505058451278467935e-01
5.899999999999999467e+00 -4.139474045711211692e-01 -2.287178040634731957e-01
6.000000000000000000e+00 -3.903723402435795298e-01 -2.785501096452573933e-01
6.099999999999999645e+00 -3.582373826420697238e-01 -3.261738004454741713e-01
6.199999999999999289e+00 -3.251375801544846844e-01 -2.992796826516084252e-01
6.300000000000000711e+00 -2.983814461117479944e-01 -2.253658517300842767e-01
6.400000000000000355e+00 -2.800644098084678624e-01 -1.688214509714802691e-01
6.500000000000000000e+00 -2.646171559174519405e-01 -1.196115171218570250e-01
6.600000000000000533e+00 -2.561421063840964574e-01 -4.244998408105082888e-02
6.700000000000000178e+00 -2.561271591012417859e-01 4.886655142444906730e-03
6.799999999999999822e+00 -2.571194374125854165e-01 3.661863536243803452e-02
6.899999999999999467e+00 -2.634508861737294150e-01 6.171037291827596860e-02
7.000000000000000000e+00 -2.694615119962406324e-01 4.846010533493694261e-02
7.099999999999999645e+00 -2.731429072407167702e-01 6.830196877976257852e-02
7.199999999999999289e+00 -2.831219057521931481e-01 9.169570996017051279e-02
7.299999999999998934e+00 -2.914820492327508950e-01 7.757579297832561949e-02
7.400000000000000355e+00 -2.986370643478582498e-01 6.624929397132439668e-02
7.500000000000000000e+00 -3.047319080270157743e-01 6.953985471197676738e-02
7.599999999999999645e+00 -3.125450352902536255e-01 5.986874146111809125e-02
7.699999999999999289e+00 -3.167056563192394147e-01 3.721126491906745493e-02
7.800000000000000711e+00 -3.199872882740670832e-01 2.109173095784444563e-02
7.900000000000000355e+00 -3.209240025108082706e-01 -5.754101079750162384e-03
8.000000000000000000e+00 -3.188364680581170507e-01 -3.351438846152521300e-02
8.100000000000001421e+00 -3.142211248185032280e-01 -3.264827364830691359e-02
8.199999999999999289e+00 -3.123068133284556680e-01 -2.493851710785444098e-02
8.300000000000000711e+00 -3.092334213969323287e-01 -3.678493641096802769e-02
8.399999999999998579e+00 -3.049498260462620847e-01 -4.471690293964969420e-02
8.500000000000000000e+00 -3.002900408090024009e-01 -1.748550529923931229e-02
8.599999999999999645e+00 -3.014527249864142333e-01 -6.794150174380675367e-03
8.699999999999999289e+00 -2.989312107741262659e-01 -1.603755472796963844e-02
8.799999999999998934e+00 -2.982452140408202723e-01 -1.991836537095514892e-02
8.900000000000000355e+00 -2.949475376999352583e-01 -3.664338768965369475e-02
9.000000000000000000e+00 -2.909165365028895667e-01 -4.802776704506106498e-02
9.099999999999999645e+00 -2.853419842909230009e-01 -5.640042741618156441e-02
9.199999999999999289e+00 -2.796364510196532316e-01 -6.724907213949715690e-02
9.300000000000000711e+00 -2.718921698630236139e-01 -8.529605264690398592e-02
9.400000000000000355e+00 -2.625772404902724233e-01 -7.708720603931173976e-02
9.500000000000000000e+00 -2.564747286551612437e-01 -7.052153901132007796e-02
9.600000000000001421e+00 -2.484729326880084077e-01 -1.023541208635887489e-01
9.699999999999999289e+00 -2.360039044824434884e-01 -1.206239325011997376e-01
9.800000000000000711e+00 -2.243481461877684657e-01 -1.244848650391667810e-01
9.899999999999998579e+00 -2.111069314746101266e-01 -1.388222614142061717e-01
1.000000000000000000e+01 -1.965836939049272480e-01 -1.418367212145750234e-01
1.009999999999999964e+01 -1.827395872316951442e-01 -1.343893586716736754e-01
1.019999999999999929e+01 -1.697058221705924907e-01 -1.358310893863885482e-01
1.029999999999999893e+01 -1.555733693544174290e-01 -1.275776633041647568e-01
1.040000000000000036e+01 -1.441902895097595394e-01 -1.017656844691237072e-01
1.050000000000000000e+01 -1.352202324605926709e-01 -1.085433532694793923e-01
1.059999999999999964e+01 -1.224816188558636720e-01 -1.224203305214498494e-01
1.069999999999999929e+01 -1.107361663563027065e-01 -1.170441389831191614e-01
1.080000000000000071e+01 -9.907279105923982865e-02 -1.251475076384868101e-01
1.090000000000000036e+01 -8.570666482860533897e-02 -1.349318301496065242e-01
1.100000000000000000e+01 -7.208642502931852936e-02 -1.233955532577835634e-01
1.109999999999999964e+01 -6.102755417704863045e-02 -1.150750563038091812e-01
1.119999999999999929e+01 -4.907141376855669174e-02 -1.160831313943009035e-01
1.130000000000000071e+01 -3.781092789818844835e-02 -1.079296022689067713e-01
1.139999999999999858e+01 -2.748549331477533400e-02 -1.048812515187266398e-01
1.150000000000000000e+01 -1.683467759444311901e-02 -9.872938619541998806e-02
1.159999999999999964e+01 -7.739616075691336389e-03 -8.651289241933518559e-02
1.169999999999999929e+01 4.679008894239188900e-04 -3.963329507292642079e-02
1.179999999999999893e+01 1.870429388939478068e-04 2.260440475198477635e-03
1.190000000000000036e+01 1.581279438422348159e-05 9.352146944697389526e-04
1.200000000000000000e+01 0.000000000000000000e+00 1.581279438422347956e-04
