0.000000000000000000e+00 1.529725283706654437e+01 4.576168485079591619e+00
1.000000000000000056e-01 1.483963598855858379e+01 4.576168485079605830e+00
2.000000000000000111e-01 1.438201914005062321e+01 4.576168485079605830e+00
3.000000000000000444e-01 1.392440229154266262e+01 4.576168485079591619e+00
4.000000000000000222e-01 1.346678544303470382e+01 4.576168485079605830e+00
5.000000000000000000e-01 1.300916859452674146e+01 4.576168485079605830e+00
6.000000000000000888e-01 1.255155174601878265e+01 4.576168485079605830e+00
6.999999999999999556e-01 1.209393489751082029e+01 4.576168485079605830e+00
8.000000000000000444e-01 1.163631804900286149e+01 4.576168485079605830e+00
8.999999999999999112e-01 1.117870120049489913e+01 4.576168485079598724e+00
1.000000000000000000e+00 1.072108435198694210e+01 4.576168485079598724e+00
1.099999999999999867e+00 1.026346750347897974e+01 4.576168485079612935e+00
1.200000000000000178e+00 9.805850654971019154e+00 4.576168485079605830e+00
1.300000000000000044e+00 9.348233806463058571e+00 4.576168485079598724e+00
1.399999999999999911e+00 8.890616957955099764e+00 4.576168485079598724e+00
1.500000000000000000e+00 8.433000109447139181e+00 4.576168485079605830e+00
1.600000000000000089e+00 7.975383260939178598e+00 4.576168485079598724e+00
1.699999999999999956e+00 7.517766412431218903e+00 4.576168485079598724e+00
1.799999999999999822e+00 7.060149563923258320e+00 4.576168485079605830e+00
1.899999999999999911e+00 6.602532715415297737e+00 4.576168485079598724e+00
2.000000000000000000e+00 6.144915866907338931e+00 4.576168485079598724e+00
2.099999999999999645e+00 5.687299018399378348e+00 4.576168485079602277e+00
2.199999999999999734e+00 5.229682169891418653e+00 4.576168485079602277e+00
2.299999999999999822e+00 4.772065321383457182e+00 4.576168485079612935e+00
2.400000000000000355e+00 4.314448472875495710e+00 4.576168485079609383e+00
2.500000000000000000e+00 3.856831624367535571e+00 4.576168485079598724e+00
2.600000000000000089e+00 3.399214775859575877e+00 4.576168485079602277e+00
2.700000000000000178e+00 2.941597927351615294e+00 4.576168485079602277e+00
2.799999999999999822e+00 2.483981078843655155e+00 4.576168485079602277e+00
2.899999999999999911e+00 2.026364230335694572e+00 4.576168485079603165e+00
3.000000000000000000e+00 1.568747381827734655e+00 4.576168485079593395e+00
3.099999999999999645e+00 1.111130533319775848e+00 3.705276400962023153e+00
3.200000000000000178e+00 8.276921016353299132e-01 2.470868297634105204e+00
3.300000000000000266e+00 6.169568737929549407e-01 1.882656829443751789e+00
3.399999999999999911e+00 4.511607357465795554e-01 1.492481497071639351e+00
3.500000000000000000e+00 3.184605743786270149e-01 1.194722106081221868e+00
3.599999999999999645e+00 2.122163145303351817e-01 9.524380733909484364e-01
3.700000000000000178e+00 1.279729597004372887e-01 7.532594170862527694e-01
3.799999999999999822e+00 6.156443111308460697e-02 5.887695974267932453e-01
3.900000000000000355e+00 1.021904021507863067e-02 4.496548812110039428e-01
4.000000000000000000e+00 -2.836654512911618992e-02 3.300609324004757927e-01
4.099999999999999645e+00 -5.579314626501652441e-02 2.276542995529687585e-01
4.199999999999999289e+00 -7.389740503970994301e-02 1.408413163261633683e-01
4.299999999999999822e+00 -8.396140953024920639e-02 6.765571006733128723e-02
4.399999999999999467e+00 -8.742854705317620878e-02 7.113483661858543972e-03
4.500000000000000000e+00 -8.538410626262091241e-02 -4.099980213610043833e-02
4.599999999999999645e+00 -7.922858662595611001e-02 -7.681680062594631320e-02
4.700000000000000178e+00 -7.002074613743164422e-02 -1.011672805961115196e-01
4.800000000000000711e+00 -5.899513050673380749e-02 -1.149309326592092007e-01
4.900000000000000355e+00 -4.703455960558980409e-02 -1.197575447497502554e-01
5.000000000000000000e+00 -3.504362155678375501e-02 -1.176597671631504222e-01
5.099999999999999645e+00 -2.350260617295972174e-02 -1.102709696610668227e-01
5.200000000000000178e+00 -1.298942762457039150e-02 -9.915264004051663194e-02
5.299999999999999822e+00 -3.672078164856396824e-03 -8.686999828888414266e-02
5.400000000000000355e+00 4.384572033206439109e-03 -7.440078840362232548e-02
5.500000000000000000e+00 1.120807951586806628e-02 -6.205328599909022691e-02
5.599999999999999645e+00 1.679522923302448345e-02 -5.095547587000942569e-02
5.699999999999999289e+00 2.139917468986995280e-02 -4.215516849851291825e-02
5.799999999999999822e+00 2.522626293272706849e-02 -3.508356645784561911e-02
5.899999999999999467e+00 2.841588798143907663e-02 -2.925824518073336100e-02
6.000000000000000000e+00 3.107791196887374138e-02 -2.524163679546978512e-02
6.099999999999999645e+00 3.346421534053303087e-02 -2.296918932607075470e-02
6.199999999999999289e+00 3.567174983408789163e-02 -2.062370087598944246e-02
6.300000000000000711e+00 3.758895551573092353e-02 -1.716399763525636168e-02
6.400000000000000355e+00 3.910454936113916258e-02 -1.294956273996267226e-02
6.500000000000000000e+00 4.017886806372345659e-02 -8.875943486974818830e-03
6.600000000000000533e+00 4.087973805853412773e-02 -5.974357067877605898e-03
6.700000000000000178e+00 4.137373947729897777e-02 -5.084584070221553898e-03
6.799999999999999822e+00 4.189665487257843851e-02 -5.977621883202638431e-03
6.899999999999999467e+00 4.256926385393950546e-02 -7.236263961734740180e-03
7.000000000000000000e+00 4.334390766492538655e-02 -7.656637186557929686e-03
7.099999999999999645e+00 4.410059129125109417e-02 -6.748548321395486660e-03
7.199999999999999289e+00 4.469361732920448804e-02 -4.225579891612707417e-03
7.299999999999998934e+00 4.494570726957363566e-02 -6.063625477585043999e-04
7.400000000000000355e+00 4.481488983875618615e-02 3.117084862935604050e-03
7.500000000000000000e+00 4.432229029698651207e-02 6.201208843961553141e-03
7.599999999999999645e+00 4.357464806996387552e-02 8.511621043731376623e-03
7.699999999999999289e+00 4.261996608824023675e-02 1.016781794882981593e-02
7.800000000000000711e+00 4.154108448019791511e-02 1.120743413992089654e-02
7.900000000000000355e+00 4.037847926025606160e-02 1.181020417572892223e-02
8.000000000000000000e+00 3.917904364505212650e-02 1.185142222388382849e-02
8.100000000000001421e+00 3.800819481547929035e-02 1.114119565575552584e-02
8.199999999999999289e+00 3.695080451390102272e-02 9.810339988067739991e-03
8.300000000000000711e+00 3.604612681786574513e-02 8.019909533079405684e-03
8.399999999999998579e+00 3.534682260728513881e-02 6.158265828300008016e-03
8.500000000000000000e+00 3.481447365220573936e-02 4.433598213359229989e-03
8.599999999999999645e+00 3.446010296461329142e-02 2.838844468968454438e-03
8.699999999999999289e+00 3.424670475841205125e-02 1.320198914950082569e-03
8.799999999999998934e+00 3.419606318162327768e-02 -7.243960881678224162e-05
8.900000000000000355e+00 3.426119268017540492e-02 -9.399300596787396600e-04
9.000000000000000000e+00 3.438404919355902284e-02 -1.114339258639518437e-03
9.099999999999999645e+00 3.448406053190331000e-02 -6.910730870054171415e-04
9.199999999999999289e+00 3.452226381096010904e-02 1.370289437865601645e-04
9.300000000000000711e+00 3.445665474314599935e-02 1.180497984229644803e-03
9.400000000000000355e+00 3.428616421411417869e-02 2.424481065867539753e-03
9.500000000000000000e+00 3.397175852997249418e-02 4.027014059678230007e-03
9.600000000000001421e+00 3.348076140217853131e-02 6.037453659400532358e-03
9.699999999999999289e+00 3.276426779809238354e-02 8.326966422477127816e-03
9.800000000000000711e+00 3.181536811768310991e-02 1.061862016934903008e-02
9.899999999999998579e+00 3.064054376422258030e-02 1.258393463341928031e-02
1.000000000000000000e+01 2.929858119099925176e-02 1.393340065396331262e-02
1.009999999999999964e+01 2.785386363342991570e-02 1.475307433303518767e-02
1.019999999999999929e+01 2.634796632439221492e-02 1.533583532831336860e-02
1.029999999999999893e+01 2.478669656776724337e-02 1.578075164260406282e-02
1.040000000000000036e+01 2.319181599587140374e-02 1.594343946875516338e-02
1.050000000000000000e+01 2.159800867401620930e-02 1.579041692498944771e-02
1.059999999999999964e+01 2.003373261087351351e-02 1.549712369369578291e-02
1.069999999999999929e+01 1.849858393527705272e-02 1.520550918602056600e-02
1.080000000000000071e+01 1.699263077366939753e-02 1.494360080692846982e-02
1.090000000000000036e+01 1.550986377389135945e-02 1.471568380510945850e-02
1.100000000000000000e+01 1.404949401264750722e-02 1.453173184848420563e-02
1.109999999999999964e+01 1.260351740419451798e-02 1.441445129467525121e-02
1.119999999999999929e+01 1.116660375371245767e-02 1.438025297679943609e-02
1.130000000000000071e+01 9.727466808834630066e-03 1.435852146270663598e-02
1.139999999999999858e+01 8.294899461171128738e-03 1.428348678594519583e-02
1.150000000000000000e+01 6.870769451645591247e-03 1.418710659882921679e-02
1.159999999999999964e+01 5.457478141405285900e-03 2.611866634621012873e-02
1.169999999999999929e+01 1.647036182403564851e-03 2.634838047038742803e-02
1.179999999999999893e+01 1.878020473278001689e-04 8.156555419543369892e-03
1.190000000000000036e+01 1.572509849489081126e-05 9.390102366390008174e-04
1.200000000000000000e+01 0.000000000000000000e+00 1.572509849489081330e-04
