0.000000000000000000e+00 1.717729103150224290e+01 4.610034924745747276e+00
1.000000000000000056e-01 1.671628753902766817e+01 4.610034924745718854e+00
2.000000000000000111e-01 1.625528404655309700e+01 4.610034924745718854e+00
3.000000000000000444e-01 1.579428055407852405e+01 4.610034924745733065e+00
4.000000000000000222e-01 1.533327706160395110e+01 4.610034924745718854e+00
5.000000000000000000e-01 1.487227356912937992e+01 4.610034924745733065e+00
6.000000000000000888e-01 1.441127007665480519e+01 4.610034924745747276e+00
6.999999999999999556e-01 1.395026658418023047e+01 4.610034924745733065e+00
8.000000000000000444e-01 1.348926309170565929e+01 4.610034924745718854e+00
8.999999999999999112e-01 1.302825959923108634e+01 4.610034924745718854e+00
1.000000000000000000e+00 1.256725610675651517e+01 4.610034924745733065e+00
1.099999999999999867e+00 1.210625261428194044e+01 4.610034924745733065e+00
1.200000000000000178e+00 1.164524912180736749e+01 4.610034924745725959e+00
1.300000000000000044e+00 1.118424562933279454e+01 4.610034924745733065e+00
1.399999999999999911e+00 1.072324213685822158e+01 4.610034924745725959e+00
1.500000000000000000e+00 1.026223864438365041e+01 4.610034924745725959e+00
1.600000000000000089e+00 9.801235151909075682e+00 4.610034924745733065e+00
1.699999999999999956e+00 9.340231659434502731e+00 4.610034924745725959e+00
1.799999999999999822e+00 8.879228166959931556e+00 4.610034924745725959e+00
1.899999999999999911e+00 8.418224674485356829e+00 4.610034924745733065e+00
2.000000000000000000e+00 7.957221182010783878e+00 4.610034924745733065e+00
2.099999999999999645e+00 7.496217689536210926e+00 4.610034924745725959e+00
2.199999999999999734e+00 7.035214197061638863e+00 4.610034924745725959e+00
2.299999999999999822e+00 6.574210704587065912e+00 4.610034924745740170e+00
2.400000000000000355e+00 6.113207212112491185e+00 4.610034924745733065e+00
2.500000000000000000e+00 5.652203719637919122e+00 4.610034924745725959e+00
2.600000000000000089e+00 5.191200227163346170e+00 4.610034924745733065e+00
2.700000000000000178e+00 4.730196734688772331e+00 4.610034924745725959e+00
2.799999999999999822e+00 4.269193242214200268e+00 4.610034924745725959e+00
2.899999999999999911e+00 3.808189749739627317e+00 4.610034924745729512e+00
3.000000000000000000e+00 3.347186257265054365e+00 4.610034924745718854e+00
3.099999999999999645e+00 2.886182764790483191e+00 4.610034924745729512e+00
3.200000000000000178e+00 2.425179272315908463e+00 4.610034924745745499e+00
3.300000000000000266e+00 1.964175779841334180e+00 4.610034924745727736e+00
3.399999999999999911e+00 1.503172287366763005e+00 4.610034924745727736e+00
3.500000000000000000e+00 1.042168794892188499e+00 3.911095090547948683e+00
3.599999999999999645e+00 7.209532692571731793e-01 2.858072435862389682e+00
3.700000000000000178e+00 4.705543077197106294e-01 2.267165541185611755e+00
3.799999999999999822e+00 2.675201610200508284e-01 1.853898216544796140e+00
3.900000000000000355e+00 9.977466441075137638e-02 1.540660783168745329e+00
4.000000000000000000e+00 -4.061199561369823602e-02 1.293823134147056297e+00
4.099999999999999645e+00 -1.589899624186598970e-01 1.088673575152910189e+00
4.199999999999999289e+00 -2.583467106442802752e-01 9.066464095729818151e-01
4.299999999999999822e+00 -3.403192443332562767e-01 7.401683238216323346e-01
4.399999999999999467e+00 -4.063803754086067754e-01 5.880781889099484516e-01
4.500000000000000000e+00 -4.579348821152459670e-01 4.487637764474796676e-01
4.599999999999999645e+00 -4.961331306981027200e-01 3.256754763136737729e-01
4.700000000000000178e+00 -5.230699773779806661e-01 2.236967995445882096e-01
4.800000000000000711e+00 -5.408724906070203620e-01 1.446287371265952970e-01
4.900000000000000355e+00 -5.519957248032997255e-01 8.065166843665938501e-02
5.000000000000000000e+00 -5.570028242943522168e-01 2.144819998855584942e-02
5.099999999999999645e+00 -5.562853648010109842e-01 -3.370405118625408036e-02
5.200000000000000178e+00 -5.502620140571014007e-01 -7.870021654445658044e-02
5.299999999999999822e+00 -5.405453214921196459e-01 -1.102411147582511575e-01
5.400000000000000355e+00 -5.282137911054511914e-01 -1.288077909653480013e-01
5.500000000000000000e+00 -5.147837632990500678e-01 -1.362001928491776148e-01
5.599999999999999645e+00 -5.009737525356156018e-01 -1.381869948995744224e-01
5.699999999999999289e+00 -4.871463643191351611e-01 -1.409021462484583154e-01
5.799999999999999822e+00 -4.727933232859239943e-01 -1.473576104740224046e-01
5.899999999999999467e+00 -4.576748422243306358e-01 -1.579770829793205600e-01
6.000000000000000000e+00 -4.411979066900598712e-01 -1.681082823435544604e-01
6.099999999999999645e+00 -4.240531857556197881e-01 -1.741717861673208745e-01
6.199999999999999289e+00 -4.063635494565956963e-01 -1.790841384469703534e-01
6.300000000000000711e+00 -3.882363580662256952e-01 -1.824770514430356094e-01
6.400000000000000355e+00 -3.698681391679885522e-01 -1.815670301830201172e-01
6.500000000000000000e+00 -3.519229520296216496e-01 -1.751722999283316096e-01
6.600000000000000533e+00 -3.348336791823222636e-01 -1.649830889731669359e-01
6.700000000000000178e+00 -3.189263342349882846e-01 -1.544250602305716757e-01
6.799999999999999822e+00 -3.039486671362079395e-01 -1.485809873983059415e-01
6.899999999999999467e+00 -2.892101367553270852e-01 -1.484282774120249115e-01
7.000000000000000000e+00 -2.742630116538029017e-01 -1.493111604863104347e-01
7.099999999999999645e+00 -2.593479046580650094e-01 -1.464033948404308560e-01
7.199999999999999289e+00 -2.449823326857167582e-01 -1.398732687151236220e-01
7.299999999999998934e+00 -2.313732509150402683e-01 -1.303650723565910052e-01
7.400000000000000355e+00 -2.189093182143985461e-01 -1.167597493255720931e-01
7.500000000000000000e+00 -2.080213010499258608e-01 -9.988430443068696540e-02
7.599999999999999645e+00 -1.989324573282611475e-01 -8.434147449038476019e-02
7.699999999999999289e+00 -1.911530061518489088e-01 -7.371319985075353021e-02
7.800000000000000711e+00 -1.841898173581104636e-01 -6.769219395736414402e-02
7.900000000000000355e+00 -1.776145673603760633e-01 -6.436804958785669051e-02
8.000000000000000000e+00 -1.713162074405391033e-01 -6.168298514532810639e-02
8.100000000000001421e+00 -1.652779703313104476e-01 -5.820951015261544015e-02
8.199999999999999289e+00 -1.596743054100160375e-01 -5.387666070036845056e-02
8.300000000000000711e+00 -1.545026381912367741e-01 -4.966712866673739235e-02
8.399999999999998579e+00 -1.497408796766685479e-01 -4.624176318708572708e-02
8.500000000000000000e+00 -1.452542855538196120e-01 -4.433402565210042834e-02
8.599999999999999645e+00 -1.408740745462484512e-01 -4.496977302886073780e-02
8.699999999999999289e+00 -1.362603309480474589e-01 -4.783189122457875975e-02
8.799999999999998934e+00 -1.313076963013327103e-01 -5.086488448416481845e-02
8.900000000000000355e+00 -1.260873540512144897e-01 -5.259219209644683257e-02
9.000000000000000000e+00 -1.207892578820433382e-01 -5.312563873488451716e-02
9.099999999999999645e+00 -1.154622263042375946e-01 -5.319535074624548443e-02
9.199999999999999289e+00 -1.101501877327942386e-01 -5.307106031700414839e-02
9.300000000000000711e+00 -1.048480142408367705e-01 -5.253527463006701925e-02
9.400000000000000355e+00 -9.964313280678083196e-02 -5.179170699301771652e-02
9.500000000000000000e+00 -9.448967284223322438e-02 -5.148682117066982755e-02
9.600000000000001421e+00 -8.934576857264686645e-02 -5.179748565198233345e-02
9.699999999999999289e+00 -8.413017571183675769e-02 -5.221320712866894809e-02
9.800000000000000711e+00 -7.890312714691308238e-02 -5.202995617286221286e-02
9.899999999999998579e+00 -7.372418447726430957e-02 -5.108948535873719665e-02
1.000000000000000000e+01 -6.868523007516563750e-02 -4.997244635476855157e-02
1.009999999999999964e+01 -6.372969520631059648e-02 -4.915758732319652768e-02
1.019999999999999929e+01 -5.885371261052633335e-02 -4.839552189040097208e-02
1.029999999999999893e+01 -5.405059082823041039e-02 -4.740692195557799637e-02
1.040000000000000036e+01 -4.937232821941073269e-02 -4.600783205285838284e-02
1.050000000000000000e+01 -4.484902441765872827e-02 -4.420812138240473588e-02
1.059999999999999964e+01 -4.053070394292979106e-02 -4.214681372991835318e-02
1.069999999999999929e+01 -3.641966167167506180e-02 -3.994896206129497362e-02
1.080000000000000071e+01 -3.254091153067079079e-02 -3.767827130836903793e-02
1.090000000000000036e+01 -2.888400741000125144e-02 -3.547745188700965335e-02
1.100000000000000000e+01 -2.544542115326886220e-02 -3.332739744725342346e-02
1.109999999999999964e+01 -2.221852792055056813e-02 -3.119382183211462378e-02
1.119999999999999929e+01 -1.920665678684593813e-02 -2.913196090774784752e-02
1.130000000000000071e+01 -1.639213573900099793e-02 -2.735643870782446252e-02
1.139999999999999858e+01 -1.373536904528104355e-02 -2.599861057450741919e-02
1.150000000000000000e+01 -1.119241362409951340e-02 -2.498033081635888525e-02
1.159999999999999964e+01 -8.739302882009266846e-03 -4.279063606768136740e-02
1.169999999999999929e+01 -2.634286410563238361e-03 -4.216849264258585445e-02
1.179999999999999893e+01 -3.056043534920951433e-04 -1.305126351396910730e-02
1.190000000000000036e+01 -2.403370776941665771e-05 -1.528021767460475662e-03
1.200000000000000000e+01 0.000000000000000000e+00 -2.403370776941665568e-04
