0.000000000000000000e+00 4.205505644934083875e+01 1.363329295523249129e+01
1.000000000000000056e-01 4.069172715381759531e+01 1.363329295523246287e+01
2.000000000000000111e-01 3.932839785829435186e+01 1.363329295523246287e+01
3.000000000000000444e-01 3.796506856277110131e+01 1.363329295523246287e+01
4.000000000000000222e-01 3.660173926724785787e+01 1.363329295523243445e+01
5.000000000000000000e-01 3.523840997172461442e+01 1.363329295523246287e+01
6.000000000000000888e-01 3.387508067620136387e+01 1.363329295523246287e+01
6.999999999999999556e-01 3.251175138067812043e+01 1.363329295523246287e+01
8.000000000000000444e-01 3.114842208515486988e+01 1.363329295523246287e+01
8.999999999999999112e-01 2.978509278963162643e+01 1.363329295523246287e+01
1.000000000000000000e+00 2.842176349410837588e+01 1.363329295523243445e+01
1.099999999999999867e+00 2.705843419858513954e+01 1.363329295523243445e+01
1.200000000000000178e+00 2.569510490306188899e+01 1.363329295523249129e+01
1.300000000000000044e+00 2.433177560753864199e+01 1.363329295523246287e+01
1.399999999999999911e+00 2.296844631201539855e+01 1.363329295523246287e+01
1.500000000000000000e+00 2.160511701649214800e+01 1.363329295523246287e+01
1.600000000000000089e+00 2.024178772096890455e+01 1.363329295523243445e+01
1.699999999999999956e+00 1.887845842544566111e+01 1.363329295523246287e+01
1.799999999999999822e+00 1.751512912992241056e+01 1.363329295523246287e+01
1.899999999999999911e+00 1.615179983439916711e+01 1.363329295523244866e+01
2.000000000000000000e+00 1.478847053887592189e+01 1.363329295523246287e+01
2.099999999999999645e+00 1.342514124335267667e+01 1.363329295523245577e+01
2.199999999999999734e+00 1.206181194782943145e+01 1.363329295523245577e+01
2.299999999999999822e+00 1.069848265230618445e+01 1.363329295523247708e+01
2.400000000000000355e+00 9.335153356782935674e+00 1.363329295523247708e+01
2.500000000000000000e+00 7.971824061259688676e+00 1.363329295523245577e+01
2.600000000000000089e+00 6.608494765736444343e+00 1.363329295523245577e+01
2.700000000000000178e+00 5.245165470213198233e+00 1.363329295523245932e+01
2.799999999999999822e+00 3.881836174689952124e+00 1.363329295523245577e+01
2.899999999999999911e+00 2.518506879166706458e+00 1.363329295523245577e+01
3.000000000000000000e+00 1.155177583643460792e+00 8.915647776962829951e+00
3.099999999999999645e+00 7.353773237741404456e-01 3.583863051848606762e+00
3.200000000000000178e+00 4.384049732737393956e-01 2.642727021715318259e+00
3.300000000000000266e+00 2.068319194310767883e-01 2.079198952073264550e+00
3.399999999999999911e+00 2.256518285908640231e-02 1.653765679406865807e+00
3.500000000000000000e+00 -1.239212164502964120e-01 1.318056507050517023e+00
3.599999999999999645e+00 -2.410461185510170135e-01 1.046434140442743299e+00
3.700000000000000178e+00 -3.332080445388451162e-01 8.055398523863483984e-01
3.799999999999999822e+00 -4.021540890282866987e-01 5.750210745873194362e-01
3.900000000000000355e+00 -4.482122594563089923e-01 3.849248534537137445e-01
4.000000000000000000e+00 -4.791390597190294809e-01 2.691685821872216167e-01
4.099999999999999645e+00 -5.020459758937533268e-01 2.089896775521027372e-01
4.199999999999999289e+00 -5.209369952294500283e-01 1.691519264865681826e-01
4.299999999999999822e+00 -5.358763611910669633e-01 1.328118975730756546e-01
4.399999999999999467e+00 -5.474993747440651815e-01 9.963614592722969121e-02
4.500000000000000000e+00 -5.558035903765129460e-01 6.866767582396571257e-02
4.599999999999999645e+00 -5.612329099088583240e-01 3.213988458789707181e-02
4.700000000000000178e+00 -5.622315672940922937e-01 -1.416684126291878343e-02
4.800000000000000711e+00 -5.583995416562744785e-01 -6.318172755105999627e-02
4.900000000000000355e+00 -5.495952217838803167e-01 -1.053744225025190495e-01
5.000000000000000000e+00 -5.373246571557707130e-01 -1.340234136768194695e-01
5.099999999999999645e+00 -5.227905390485164672e-01 -1.504656157597468180e-01
5.200000000000000178e+00 -5.072315340038213716e-01 -1.598212515785215615e-01
5.299999999999999822e+00 -4.908262887328120883e-01 -1.682967963043955351e-01
5.400000000000000355e+00 -4.735721747429422201e-01 -1.765833799376941293e-01
5.500000000000000000e+00 -4.555096127452732957e-01 -1.822955012648508344e-01
5.599999999999999645e+00 -4.371130744899720533e-01 -1.822167610451166375e-01
5.699999999999999289e+00 -4.190662605362499571e-01 -1.765429448839763715e-01
5.799999999999999822e+00 -4.018044855131768234e-01 -1.665847243568681080e-01
5.899999999999999467e+00 -3.857493156648763577e-01 -1.561441203717985893e-01
6.000000000000000000e+00 -3.705756614388170944e-01 -1.512849461300782572e-01
6.099999999999999645e+00 -3.554923264388606952e-01 -1.539508281582488980e-01
6.199999999999999289e+00 -3.397854958071673259e-01 -1.581174408921599550e-01
6.300000000000000711e+00 -3.238688382604286708e-01 -1.583933232669232360e-01
6.400000000000000355e+00 -3.081068311537826787e-01 -1.536826075355084420e-01
6.500000000000000000e+00 -2.931323167533270158e-01 -1.457148799212300005e-01
6.600000000000000533e+00 -2.789638551695366453e-01 -1.367550911827108973e-01
6.700000000000000178e+00 -2.657812985167848363e-01 -1.270204952474947024e-01
6.799999999999999822e+00 -2.535597561200377270e-01 -1.171483766376040236e-01
6.899999999999999467e+00 -2.423516231892640094e-01 -1.080985897939590323e-01
7.000000000000000000e+00 -2.319400381612458928e-01 -1.009135666875748960e-01
7.099999999999999645e+00 -2.221689098517490302e-01 -9.645596254023280913e-02
7.199999999999999289e+00 -2.126488456531993310e-01 -9.451657923295986308e-02
7.299999999999998934e+00 -2.032655940051570631e-01 -9.290836721434292400e-02
7.400000000000000355e+00 -1.940671722103307628e-01 -9.029751303402755447e-02
7.500000000000000000e+00 -1.852060913983515356e-01 -8.649552945916827440e-02
7.599999999999999645e+00 -1.767680663184970913e-01 -8.144383733347770882e-02
7.699999999999999289e+00 -1.689173239316560104e-01 -7.487432050433640018e-02
7.800000000000000711e+00 -1.617932022176298279e-01 -6.830632898236754791e-02
7.900000000000000355e+00 -1.552560581351825064e-01 -6.343855167575196408e-02
8.000000000000000000e+00 -1.491054918824794295e-01 -6.065360342711945130e-02
8.100000000000001421e+00 -1.431253374497586106e-01 -5.937190506388156930e-02
8.199999999999999289e+00 -1.372311108697031046e-01 -5.925895677938197714e-02
8.300000000000000711e+00 -1.312735460938821985e-01 -6.006250117505329555e-02
8.399999999999998579e+00 -1.252186106346924455e-01 -6.069368839398647797e-02
8.500000000000000000e+00 -1.191348084150849057e-01 -6.011439400879192707e-02
8.599999999999999645e+00 -1.131957318329340628e-01 -5.840011854231652588e-02
8.699999999999999289e+00 -1.074547847066216061e-01 -5.624916696236192948e-02
8.799999999999998934e+00 -1.019458984404616742e-01 -5.420431626419486282e-02
8.900000000000000355e+00 -9.661392145378262797e-02 -5.246122210010917275e-02
9.000000000000000000e+00 -9.145365402043983960e-02 -5.085761137827793377e-02
9.099999999999999645e+00 -8.644239917812704399e-02 -4.964063860453993282e-02
9.199999999999999289e+00 -8.152552629953185859e-02 -4.871617397037647512e-02
9.300000000000000711e+00 -7.669916438405174897e-02 -4.786484233873378180e-02
9.400000000000000355e+00 -7.195255783178509945e-02 -4.687458910642999799e-02
9.500000000000000000e+00 -6.732424656276574104e-02 -4.582344101552593418e-02
9.600000000000001421e+00 -6.278786962867990984e-02 -4.483434177388145869e-02
9.699999999999999289e+00 -5.835737820798945347e-02 -4.362171048776281035e-02
9.800000000000000711e+00 -5.406352753112734361e-02 -4.195885568694585066e-02
9.899999999999998579e+00 -4.996560707060028472e-02 -4.011387677632199944e-02
1.000000000000000000e+01 -4.604075217586294649e-02 -3.844520211231677864e-02
1.009999999999999964e+01 -4.227656664813692761e-02 -3.685094578120612363e-02
1.019999999999999929e+01 -3.867056301962171899e-02 -3.499785790957771203e-02
1.029999999999999893e+01 -3.527699506622138798e-02 -3.305989447756377264e-02
1.040000000000000036e+01 -3.205858412410896724e-02 -3.131072476724644504e-02
1.050000000000000000e+01 -2.901485011277209550e-02 -2.977214966018132403e-02
1.059999999999999964e+01 -2.610415419207269896e-02 -2.833642555516087402e-02
1.069999999999999929e+01 -2.334756500173992139e-02 -2.693881910078126107e-02
1.080000000000000071e+01 -2.071639037191644675e-02 -2.560459267999332100e-02
1.090000000000000036e+01 -1.822664646574125719e-02 -2.414067165866592979e-02
1.100000000000000000e+01 -1.588825604018325940e-02 -2.247425115852659527e-02
1.109999999999999964e+01 -1.373179623403593744e-02 -2.074949611309692687e-02
1.119999999999999929e+01 -1.173835681756387611e-02 -1.919581079444492022e-02
1.130000000000000071e+01 -9.892634075146953740e-03 -1.794812194425596946e-02
1.139999999999999858e+01 -8.148732428712680484e-03 -1.691803075216668367e-02
1.150000000000000000e+01 -6.509027924713616138e-03 -1.587427009881466067e-02
1.159999999999999964e+01 -4.973878408949749218e-03 -2.515885350355215669e-02
1.169999999999999929e+01 -1.477257224003184106e-03 -2.411081015076298878e-02
1.179999999999999893e+01 -1.517163787971506379e-04 -7.328642846891670302e-03
1.190000000000000036e+01 -1.152865462484995519e-05 -7.585818939857530809e-04
1.200000000000000000e+01 0.000000000000000000e+00 -1.152865462484995519e-04
