0.000000000000000000e+00 3.498895330646935520e+01 8.159647033624764845e+00
1.000000000000000056e-01 3.417298860310688013e+01 8.159647033624708001e+00
2.000000000000000111e-01 3.335702389974441218e+01 8.159647033624708001e+00
3.000000000000000444e-01 3.254105919638193711e+01 8.159647033624708001e+00
4.000000000000000222e-01 3.172509449301946916e+01 8.159647033624708001e+00
5.000000000000000000e-01 3.090912978965699409e+01 8.159647033624708001e+00
6.000000000000000888e-01 3.009316508629452969e+01 8.159647033624708001e+00
6.999999999999999556e-01 2.927720038293205107e+01 8.159647033624708001e+00
8.000000000000000444e-01 2.846123567956958667e+01 8.159647033624679580e+00
8.999999999999999112e-01 2.764527097620711515e+01 8.159647033624708001e+00
1.000000000000000000e+00 2.682930627284464720e+01 8.159647033624708001e+00
1.099999999999999867e+00 2.601334156948217569e+01 8.159647033624708001e+00
1.200000000000000178e+00 2.519737686611970418e+01 8.159647033624693790e+00
1.300000000000000044e+00 2.438141216275723622e+01 8.159647033624693790e+00
1.399999999999999911e+00 2.356544745939476471e+01 8.159647033624708001e+00
1.500000000000000000e+00 2.274948275603229320e+01 8.159647033624708001e+00
1.600000000000000089e+00 2.193351805266982524e+01 8.159647033624708001e+00
1.699999999999999956e+00 2.111755334930735373e+01 8.159647033624708001e+00
1.799999999999999822e+00 2.030158864594488222e+01 8.159647033624693790e+00
1.899999999999999911e+00 1.948562394258241426e+01 8.159647033624693790e+00
2.000000000000000000e+00 1.866965923921994275e+01 8.159647033624708001e+00
2.099999999999999645e+00 1.785369453585747124e+01 8.159647033624708001e+00
2.199999999999999734e+00 1.703772983249499973e+01 8.159647033624708001e+00
2.299999999999999822e+00 1.622176512913253177e+01 8.159647033624708001e+00
2.400000000000000355e+00 1.540580042577006026e+01 8.159647033624708001e+00
2.500000000000000000e+00 1.458983572240758875e+01 8.159647033624708001e+00
2.600000000000000089e+00 1.377387101904511724e+01 8.159647033624708001e+00
2.700000000000000178e+00 1.295790631568264750e+01 8.159647033624708001e+00
2.799999999999999822e+00 1.214194161232017599e+01 8.159647033624700896e+00
2.899999999999999911e+00 1.132597690895770626e+01 8.159647033624700896e+00
3.000000000000000000e+00 1.051001220559523652e+01 8.159647033624693790e+00
3.099999999999999645e+00 9.694047502232768565e+00 8.159647033624700896e+00
3.200000000000000178e+00 8.878082798870295278e+00 8.159647033624729318e+00
3.300000000000000266e+00 8.062118095507821991e+00 8.159647033624708001e+00
3.399999999999999911e+00 7.246153392145354033e+00 8.159647033624708001e+00
3.500000000000000000e+00 6.430188688782880746e+00 8.159647033624700896e+00
3.599999999999999645e+00 5.614223985420413676e+00 8.159647033624700896e+00
3.700000000000000178e+00 4.798259282057940389e+00 8.159647033624704449e+00
3.799999999999999822e+00 3.982294578695472875e+00 8.159647033624700896e+00
3.900000000000000355e+00 3.166329875333000032e+00 8.159647033624702672e+00
4.000000000000000000e+00 2.350365171970532074e+00 6.797323579644640290e+00
4.099999999999999645e+00 1.806865159404071663e+00 4.844282987914664496e+00
4.199999999999999289e+00 1.381508574387599220e+00 3.848518956794741541e+00
4.299999999999999822e+00 1.037161368045123266e+00 3.138757905354629507e+00
4.399999999999999467e+00 7.537569933166733405e-01 2.577615703486456411e+00
4.500000000000000000e+00 5.216382273478320508e-01 2.118482276423253374e+00
4.599999999999999645e+00 3.300605380320226767e-01 1.746760201059041728e+00
4.700000000000000178e+00 1.722861871360236441e-01 1.439100591828873066e+00
4.800000000000000711e+00 4.224041966624803024e-02 1.178881836151282503e+00
4.900000000000000355e+00 -6.349018009423280928e-02 9.568339119396176429e-01
5.000000000000000000e+00 -1.491263627216755094e-01 7.724898400351469796e-01
5.099999999999999645e+00 -2.179881481012622135e-01 6.139113631835899643e-01
5.200000000000000178e+00 -2.719086353583934912e-01 4.721201089297064613e-01
5.299999999999999822e+00 -3.124121698872035502e-01 3.487719093827401640e-01
5.400000000000000355e+00 -3.416630172349415240e-01 2.506747864082858879e-01
5.500000000000000000e+00 -3.625471271688607278e-01 1.781978985783374547e-01
5.599999999999999645e+00 -3.773025969506090260e-01 1.242004757511634416e-01
5.699999999999999289e+00 -3.873872223190933939e-01 8.016480736441855548e-02
5.799999999999999822e+00 -3.933355584234927704e-01 4.031210231739112970e-02
5.899999999999999467e+00 -3.954496427825716087e-01 1.808312559091751481e-03
6.000000000000000000e+00 -3.936972209353111207e-01 -3.395846992098161543e-02
6.099999999999999645e+00 -3.886579487983752856e-01 -6.569236127400102099e-02
6.199999999999999289e+00 -3.805587486805108721e-01 -9.382477159246493947e-02
6.300000000000000711e+00 -3.698929944798823310e-01 -1.170506972715721350e-01
6.400000000000000355e+00 -3.571486092261964562e-01 -1.342163681311920875e-01
6.500000000000000000e+00 -3.430497208536438802e-01 -1.456725388922321951e-01
6.600000000000000533e+00 -3.280141014477500061e-01 -1.517096455703124125e-01
6.700000000000000178e+00 -3.127077917395814088e-01 -1.515193793772480202e-01
6.799999999999999822e+00 -2.977102255723004243e-01 -1.466635340855444447e-01
6.899999999999999467e+00 -2.833750849224724866e-01 -1.402720892830238153e-01
7.000000000000000000e+00 -2.696558077156956390e-01 -1.352333272915140494e-01
7.099999999999999645e+00 -2.563284194641696767e-01 -1.332626212893690543e-01
7.199999999999999289e+00 -2.430032834578218504e-01 -1.348346496308678866e-01
7.299999999999998934e+00 -2.293614895379961216e-01 -1.372904989049528179e-01
7.400000000000000355e+00 -2.155451836768312868e-01 -1.367452200830290288e-01
7.500000000000000000e+00 -2.020124455213903047e-01 -1.327866521498579644e-01
7.599999999999999645e+00 -1.889878532468596828e-01 -1.270097372140613912e-01
7.699999999999999289e+00 -1.766104980785780376e-01 -1.195012128310525279e-01
7.800000000000000711e+00 -1.650876106806491717e-01 -1.101177998874390829e-01
7.900000000000000355e+00 -1.545869381010902266e-01 -1.000968604229187653e-01
8.000000000000000000e+00 -1.450682385960654075e-01 -9.096171405384945174e-02
8.100000000000001421e+00 -1.363945952903203307e-01 -8.318658946831303247e-02
8.199999999999999289e+00 -1.284309207024028066e-01 -7.698453928085546849e-02
8.300000000000000711e+00 -1.209976874341492370e-01 -7.196557289975447080e-02
8.399999999999998579e+00 -1.140378061224519152e-01 -6.768413205014056633e-02
8.500000000000000000e+00 -1.074608610241211126e-01 -6.427465973182189263e-02
8.599999999999999645e+00 -1.011828741760875394e-01 -6.105220399358052275e-02
8.699999999999999289e+00 -9.525042022540501641e-02 -5.708163546596589644e-02
8.799999999999998934e+00 -8.976654708289436013e-02 -5.245879939465886155e-02
8.900000000000000355e+00 -8.475866034647323854e-02 -4.857684053354888176e-02
9.000000000000000000e+00 -8.005117897618457823e-02 -4.645303550522089653e-02
9.099999999999999645e+00 -7.546805324542905924e-02 -4.513625542948629388e-02
9.199999999999999289e+00 -7.102392789028731668e-02 -4.346563452640467284e-02
9.300000000000000711e+00 -6.677492634014813022e-02 -4.130718040702413552e-02
9.400000000000000355e+00 -6.276249180888249235e-02 -3.888790413216985931e-02
9.500000000000000000e+00 -5.899734551371415420e-02 -3.647999761025344512e-02
9.600000000000001421e+00 -5.546649228683180749e-02 -3.422235317025418277e-02
9.699999999999999289e+00 -5.215287487966331625e-02 -3.256155869420879201e-02
9.800000000000000711e+00 -4.895418054799004909e-02 -3.182006511032278717e-02
9.899999999999998579e+00 -4.578886185759875604e-02 -3.183373895574459489e-02
1.000000000000000000e+01 -4.258743275684112595e-02 -3.204486809137252479e-02
1.009999999999999964e+01 -3.937988823932425664e-02 -3.195538624063579136e-02
1.019999999999999929e+01 -3.619635550871396629e-02 -3.154201232324890802e-02
1.029999999999999893e+01 -3.307148577467446809e-02 -3.078787556774614798e-02
1.040000000000000036e+01 -3.003878039516473877e-02 -2.965201522448113192e-02
1.050000000000000000e+01 -2.714108272977824518e-02 -2.830271626220097481e-02
1.059999999999999964e+01 -2.437823714272454451e-02 -2.681345796039572016e-02
1.069999999999999929e+01 -2.177839113769909976e-02 -2.520562936109251029e-02
1.080000000000000071e+01 -1.933711127050604175e-02 -2.359857834188958114e-02
1.090000000000000036e+01 -1.705867546932118492e-02 -2.209549085422218839e-02
1.100000000000000000e+01 -1.491801309966160442e-02 -2.079365078621631113e-02
1.109999999999999964e+01 -1.289994531207792200e-02 -1.967221639159248692e-02
1.119999999999999929e+01 -1.098356982134310669e-02 -1.865687501759078631e-02
1.130000000000000071e+01 -9.168570308559763696e-03 -1.757937484949201323e-02
1.139999999999999858e+01 -7.467694851444703352e-03 -1.635168070518660741e-02
1.150000000000000000e+01 -5.898234167522442561e-03 -1.506279652805106797e-02
1.159999999999999964e+01 -4.455135545834490278e-03 -2.277220277978829130e-02
1.169999999999999929e+01 -1.343793611564783434e-03 -2.151455446234997598e-02
1.179999999999999893e+01 -1.522246533644945176e-04 -6.661027114743750012e-03
1.190000000000000036e+01 -1.158818861603327195e-05 -7.611232668224724796e-04
1.200000000000000000e+01 0.000000000000000000e+00 -1.158818861603327059e-04
