0.000000000000000000e+00 3.462391550849498145e+01 1.267709822158678890e+01
1.000000000000000056e-01 3.335620568633630256e+01 1.267709822158678890e+01
2.000000000000000111e-01 3.208849586417762367e+01 1.267709822158678890e+01
3.000000000000000444e-01 3.082078604201894478e+01 1.267709822158678890e+01
4.000000000000000222e-01 2.955307621986026589e+01 1.267709822158681732e+01
5.000000000000000000e-01 2.828536639770157990e+01 1.267709822158684574e+01
6.000000000000000888e-01 2.701765657554289746e+01 1.267709822158678890e+01
6.999999999999999556e-01 2.574994675338422212e+01 1.267709822158678890e+01
8.000000000000000444e-01 2.448223693122553968e+01 1.267709822158678890e+01
8.999999999999999112e-01 2.321452710906686434e+01 1.267709822158678890e+01
1.000000000000000000e+00 2.194681728690818190e+01 1.267709822158678890e+01
1.099999999999999867e+00 2.067910746474950656e+01 1.267709822158678890e+01
1.200000000000000178e+00 1.941139764259082412e+01 1.267709822158681732e+01
1.300000000000000044e+00 1.814368782043214523e+01 1.267709822158678890e+01
1.399999999999999911e+00 1.687597799827346634e+01 1.267709822158678890e+01
1.500000000000000000e+00 1.560826817611478567e+01 1.267709822158678890e+01
1.600000000000000089e+00 1.434055835395610679e+01 1.267709822158678890e+01
1.699999999999999956e+00 1.307284853179742790e+01 1.267709822158679600e+01
1.799999999999999822e+00 1.180513870963874723e+01 1.267709822158679600e+01
1.899999999999999911e+00 1.053742888748006834e+01 1.267709822158678890e+01
2.000000000000000000e+00 9.269719065321389451e+00 1.267709822158678890e+01
2.099999999999999645e+00 8.002009243162710561e+00 1.267709822158679600e+01
2.199999999999999734e+00 6.734299421004030783e+00 1.267709822158679245e+01
2.299999999999999822e+00 5.466589598845352782e+00 1.267709822158681021e+01
2.400000000000000355e+00 4.198879776686668563e+00 1.267709822158681376e+01
2.500000000000000000e+00 2.931169954527989674e+00 1.267709822158679067e+01
2.600000000000000089e+00 1.663460132369310118e+00 9.349215451116357656e+00
2.700000000000000178e+00 1.061326864304717565e+00 4.896857320828093663e+00
2.799999999999999822e+00 6.840886682036914079e-01 3.152593435534283284e+00
2.899999999999999911e+00 4.308081771978609642e-01 2.125482063925204557e+00
3.000000000000000000e+00 2.589922554186504522e-01 1.434345036913145632e+00
3.099999999999999645e+00 1.439391698152318322e-01 9.576190692790413905e-01
3.200000000000000178e+00 6.746844156284215188e-02 6.492775776540096189e-01
3.300000000000000266e+00 1.408365428442989557e-02 4.820982186899056554e-01
3.399999999999999911e+00 -2.895120217513898198e-02 4.253609800838295540e-01
3.500000000000000000e+00 -7.098854173233602738e-02 4.243520158043004309e-01
3.599999999999999645e+00 -1.138216053359990820e-01 4.016042850836061273e-01
3.700000000000000178e+00 -1.513093987490572445e-01 3.006774938409262354e-01
3.799999999999999822e+00 -1.739571041041843291e-01 1.254868013378880320e-01
3.900000000000000355e+00 -1.764067590166348565e-01 -6.994687739729632536e-02
4.000000000000000000e+00 -1.599677286247250807e-01 -2.314960328274874302e-01
4.099999999999999645e+00 -1.301075524511373649e-01 -3.229252496051259191e-01
4.199999999999999289e+00 -9.538267870369987467e-02 -3.143676418517322713e-01
4.299999999999999822e+00 -6.723402408079091896e-02 -2.050769931441805971e-01
4.399999999999999467e+00 -5.436728007486375802e-02 -4.935607716960649372e-02
4.500000000000000000e+00 -5.736280864686961467e-02 8.404308669076748783e-02
4.599999999999999645e+00 -7.117589741301726114e-02 1.640692155828381571e-01
4.700000000000000178e+00 -9.017665176343725442e-02 1.969109407116145793e-01
4.800000000000000711e+00 -1.105580855553401770e-01 2.003633440335413074e-01
4.900000000000000355e+00 -1.302493205701455159e-01 1.881374293050771529e-01
5.000000000000000000e+00 -1.481855714163556048e-01 1.594348371219435068e-01
5.099999999999999645e+00 -1.621362879945342228e-01 1.110477602079538162e-01
5.200000000000000178e+00 -1.703951234579463847e-01 5.182749430601207852e-02
5.299999999999999822e+00 -1.725017868557366385e-01 -9.216020263571045312e-03
5.400000000000000355e+00 -1.685519194052321756e-01 -7.029422314849798070e-02
5.500000000000000000e+00 -1.584429422260370535e-01 -1.243521360715728052e-01
5.599999999999999645e+00 -1.436814921909176090e-01 -1.537597153684395757e-01
5.699999999999999289e+00 -1.276909991523491328e-01 -1.520546007199949923e-01
5.799999999999999822e+00 -1.132705720469185939e-01 -1.335780254313215787e-01
5.899999999999999467e+00 -1.009753940660848004e-01 -1.105951758307656685e-01
6.000000000000000000e+00 -9.115153688076546579e-02 -8.351154781567377006e-02
6.099999999999999645e+00 -8.427308450295005471e-02 -5.600138999556797392e-02
6.199999999999999289e+00 -7.995125888165187378e-02 -3.289000217835985618e-02
6.300000000000000711e+00 -7.769508406727808347e-02 -1.154166854713811752e-02
6.400000000000000355e+00 -7.764292517222425027e-02 9.329888200770186657e-03
6.500000000000000000e+00 -7.956106170743211525e-02 2.956444555230525184e-02
6.600000000000000533e+00 -8.355581428268529787e-02 4.996510509310603254e-02
6.700000000000000178e+00 -8.955408272605332176e-02 6.678904500225829599e-02
6.799999999999999822e+00 -9.691362328313696262e-02 7.540697688537412180e-02
6.899999999999999467e+00 -1.046354781031281489e-01 8.081878310193191250e-02
7.000000000000000000e+00 -1.130773799035233451e-01 8.911520397323147158e-02
7.099999999999999645e+00 -1.224585188977744404e-01 9.624439018803199186e-02
7.199999999999999289e+00 -1.323262579411297324e-01 9.349061705164829483e-02
7.299999999999998934e+00 -1.411566423081040966e-01 7.949952735592713537e-02
7.400000000000000355e+00 -1.482261634123151761e-01 5.977734058307415665e-02
7.500000000000000000e+00 -1.531121104247189502e-01 3.930023109065161613e-02
7.599999999999999645e+00 -1.560862096304455049e-01 1.893539778079378344e-02
7.699999999999999289e+00 -1.568991899808777069e-01 -2.685085027676392677e-03
7.800000000000000711e+00 -1.555491926249102097e-01 -2.321701774469664414e-02
7.900000000000000355e+00 -1.522557864319383780e-01 -3.898839905825512986e-02
8.000000000000000000e+00 -1.477515128132591837e-01 -5.090249630678356230e-02
8.100000000000001421e+00 -1.420752871705816545e-01 -6.262262030598719775e-02
8.199999999999999289e+00 -1.352269887520617386e-01 -7.412814917684973359e-02
8.300000000000000711e+00 -1.272496573352117077e-01 -8.294830239093564650e-02
8.399999999999998579e+00 -1.186373282738746177e-01 -8.901378304825158239e-02
8.500000000000000000e+00 -1.094469007255613885e-01 -9.302557331486227543e-02
8.599999999999999645e+00 -1.000322136109021570e-01 -9.243979944260938275e-02
8.699999999999999289e+00 -9.095894083703950916e-02 -8.706864871138436657e-02
8.799999999999998934e+00 -8.261848386862528926e-02 -7.901948561445221175e-02
8.900000000000000355e+00 -7.515504371414906404e-02 -7.041092759980538407e-02
9.000000000000000000e+00 -6.853629834866420412e-02 -6.184096874614247730e-02
9.099999999999999645e+00 -6.278684996492056580e-02 -5.417601240369340765e-02
9.199999999999999289e+00 -5.770109586792552397e-02 -4.701766892271241893e-02
9.300000000000000711e+00 -5.338331618037808757e-02 -3.994145889903663593e-02
9.400000000000000355e+00 -4.971280408811819956e-02 -3.430222779502173358e-02
9.500000000000000000e+00 -4.652287062137373808e-02 -3.041211070947033579e-02
9.600000000000001421e+00 -4.363038194622412963e-02 -2.644676979754195800e-02
9.699999999999999289e+00 -4.123351666186534509e-02 -2.182881163045483075e-02
9.800000000000000711e+00 -3.926461962013316764e-02 -1.748645290533759611e-02
9.899999999999998579e+00 -3.773622608079782448e-02 -1.415355889134717327e-02
1.000000000000000000e+01 -3.643390784186372605e-02 -1.374059283522102715e-02
1.009999999999999964e+01 -3.498810751375362044e-02 -1.829988673146545897e-02
1.019999999999999929e+01 -3.277393049557063981e-02 -2.610386213475479611e-02
1.029999999999999893e+01 -2.976733508680266121e-02 -3.188750694252509565e-02
1.040000000000000036e+01 -2.639642910706561929e-02 -3.248013211588759996e-02
1.050000000000000000e+01 -2.327130866362514192e-02 -2.840660858172704140e-02
1.059999999999999964e+01 -2.071510739072020962e-02 -2.181457346618181914e-02
1.069999999999999929e+01 -1.890839397038877878e-02 -1.475150166649734362e-02
1.080000000000000071e+01 -1.776480705742073882e-02 -1.314590038736294930e-02
1.090000000000000036e+01 -1.627921389291618615e-02 -1.994012298038305708e-02
1.100000000000000000e+01 -1.377678246134412914e-02 -2.860624882853879392e-02
1.109999999999999964e+01 -1.055796412720842736e-02 -3.380930737062304292e-02
1.119999999999999929e+01 -7.014920987219519684e-03 -3.475353639698307295e-02
1.130000000000000071e+01 -3.607256847811812165e-03 -3.148610854629419614e-02
1.139999999999999858e+01 -7.176992779606801084e-04 -2.557188125939494072e-02
1.150000000000000000e+01 1.507119404067176543e-03 -1.799629984312082695e-02
1.159999999999999964e+01 2.881560690663485195e-03 -3.070846944638968082e-03
1.169999999999999929e+01 2.121288792994970290e-03 1.265805298477730607e-02
1.179999999999999893e+01 3.499500937080236222e-04 1.045534488415799171e-02
1.190000000000000036e+01 3.021981616337193237e-05 1.749750468540117948e-03
1.200000000000000000e+01 0.000000000000000000e+00 3.021981616337193169e-04
