0.000000000000000000e+00 1.837476241318526249e+01 5.718068525023028315e+00
1.000000000000000056e-01 1.780295556068295681e+01 5.718068525023014104e+00
2.000000000000000111e-01 1.723114870818065825e+01 5.718068525022999893e+00
3.000000000000000444e-01 1.665934185567835968e+01 5.718068525022999893e+00
4.000000000000000222e-01 1.608753500317605756e+01 5.718068525023014104e+00
5.000000000000000000e-01 1.551572815067375544e+01 5.718068525023014104e+00
6.000000000000000888e-01 1.494392129817145509e+01 5.718068525022999893e+00
6.999999999999999556e-01 1.437211444566915475e+01 5.718068525023014104e+00
8.000000000000000444e-01 1.380030759316685263e+01 5.718068525022999893e+00
8.999999999999999112e-01 1.322850074066455583e+01 5.718068525022999893e+00
1.000000000000000000e+00 1.265669388816225194e+01 5.718068525023006998e+00
1.099999999999999867e+00 1.208488703565995337e+01 5.718068525023006998e+00
1.200000000000000178e+00 1.151308018315765125e+01 5.718068525023014104e+00
1.300000000000000044e+00 1.094127333065535090e+01 5.718068525023006998e+00
1.399999999999999911e+00 1.036946647815305056e+01 5.718068525023014104e+00
1.500000000000000000e+00 9.797659625650748438e+00 5.718068525023006998e+00
1.600000000000000089e+00 9.225852773148448094e+00 5.718068525023006998e+00
1.699999999999999956e+00 8.654045920646145973e+00 5.718068525023006998e+00
1.799999999999999822e+00 8.082239068143847405e+00 5.718068525023006998e+00
1.899999999999999911e+00 7.510432215641545284e+00 5.718068525023006998e+00
2.000000000000000000e+00 6.938625363139244939e+00 5.718068525023006998e+00
2.099999999999999645e+00 6.366818510636943707e+00 5.718068525023006998e+00
2.199999999999999734e+00 5.795011658134644250e+00 5.718068525023006998e+00
2.299999999999999822e+00 5.223204805632342129e+00 5.718068525023021209e+00
2.400000000000000355e+00 4.651397953130039120e+00 5.718068525023014104e+00
2.500000000000000000e+00 4.079591100627739664e+00 5.718068525023006998e+00
2.600000000000000089e+00 3.507784248125437987e+00 5.718068525023008775e+00
2.700000000000000178e+00 2.935977395623137642e+00 5.718068525023005222e+00
2.799999999999999822e+00 2.364170543120836854e+00 5.718068525023006998e+00
2.899999999999999911e+00 1.792363690618536287e+00 5.718068525023006998e+00
3.000000000000000000e+00 1.220556838116235499e+00 4.482059910529029523e+00
3.099999999999999645e+00 8.959517085127303160e-01 2.810192683686871362e+00
3.200000000000000178e+00 6.585183013788612483e-01 2.112486353261096017e+00
3.300000000000000266e+00 4.734544378605110571e-01 1.654741364479685339e+00
3.399999999999999911e+00 3.275700284829241027e-01 1.305253261567380862e+00
3.500000000000000000e+00 2.124037855470348735e-01 1.033067637790292537e+00
3.599999999999999645e+00 1.209565009248655953e-01 8.240977508578248845e-01
3.700000000000000178e+00 4.758423537546990767e-02 6.614073912072614414e-01
3.799999999999999822e+00 -1.132497731658669952e-02 5.297618407472838298e-01
3.900000000000000355e+00 -5.836813277398687078e-02 4.160431927722376688e-01
4.000000000000000000e+00 -9.453361587103423225e-02 3.111506359258950916e-01
4.099999999999999645e+00 -1.205982599591658988e-01 2.107076264249744812e-01
4.199999999999999289e+00 -1.366751411560291340e-01 1.139140105651570423e-01
4.299999999999999822e+00 -1.433810620721973073e-01 2.583745518520064177e-02
4.399999999999999467e+00 -1.418426321930692513e-01 -4.624889349726368781e-02
4.500000000000000000e+00 -1.341312833727445752e-01 -9.801078223176740156e-02
4.599999999999999645e+00 -1.222404757467157738e-01 -1.316802976695039540e-01
4.700000000000000178e+00 -1.077952238388437678e-01 -1.517755158827148176e-01
4.800000000000000711e+00 -9.188537257017281856e-02 -1.605495428588220030e-01
4.900000000000000355e+00 -7.568531526707937551e-02 -1.589426354301182731e-01
5.000000000000000000e+00 -6.009684548414915423e-02 -1.500926204639801698e-01
5.099999999999999645e+00 -4.566679117428333601e-02 -1.390269021935580662e-01
5.200000000000000178e+00 -3.229146504543754098e-02 -1.298071634061732371e-01
5.299999999999999822e+00 -1.970535849304868789e-02 -1.235037291883294558e-01
5.400000000000000355e+00 -7.590719207771648956e-03 -1.188700927615612135e-01
5.500000000000000000e+00 4.068660059263556721e-03 -1.120567724959438266e-01
5.599999999999999645e+00 1.482063529141711827e-02 -9.873567727328724786e-02
5.699999999999999289e+00 2.381579551392100716e-02 -7.756707823368519383e-02
5.799999999999999822e+00 3.033405093815415635e-02 -5.099723644356624064e-02
5.899999999999999467e+00 3.401524280263425876e-02 -2.391083015751857554e-02
6.000000000000000000e+00 3.511621696965787354e-02 -1.303904871572864055e-03
6.099999999999999645e+00 3.427602377694882740e-02 1.373853469686736606e-02
6.199999999999999289e+00 3.236851003028439616e-02 2.075022934775411221e-02
6.300000000000000711e+00 3.012597790739800566e-02 2.237047629114990999e-02
6.400000000000000355e+00 2.789441477205441625e-02 2.225380396598641841e-02
6.500000000000000000e+00 2.567521711420072197e-02 2.237593338496401962e-02
6.600000000000000533e+00 2.341922809506161163e-02 2.228881042064896623e-02
6.700000000000000178e+00 2.121745503007092803e-02 2.068649955777693283e-02
6.799999999999999822e+00 1.928192818350622784e-02 1.760968818056106444e-02
6.899999999999999467e+00 1.769551739395871723e-02 1.399516256993858787e-02
7.000000000000000000e+00 1.648289566951850749e-02 1.074055843145771405e-02
7.099999999999999645e+00 1.554740570766717338e-02 8.148109630573260875e-03
7.199999999999999289e+00 1.485327374340385601e-02 5.965220504512702693e-03
7.299999999999998934e+00 1.435436160676463284e-02 3.946296352382056005e-03
7.400000000000000355e+00 1.406401447292744515e-02 1.433175754714466343e-03
7.500000000000000000e+00 1.406772645582173888e-02 -2.223341607632808858e-03
7.599999999999999645e+00 1.450868279445400623e-02 -6.424580090192463788e-03
7.699999999999999289e+00 1.535264247386023198e-02 -9.638492146568311547e-03
7.800000000000000711e+00 1.643638122376766750e-02 -1.121041574904563243e-02
7.900000000000000355e+00 1.759472562366935777e-02 -1.151809814329478321e-02
8.000000000000000000e+00 1.874000085242662553e-02 -1.109513585273376457e-02
8.100000000000001421e+00 1.981375279421611346e-02 -1.034617696698697520e-02
8.199999999999999289e+00 2.080923624582402265e-02 -9.582668277495945408e-03
8.300000000000000711e+00 2.173028644971530116e-02 -9.025285895180382156e-03
8.399999999999998579e+00 2.261429342486009908e-02 -8.814312018284031769e-03
8.500000000000000000e+00 2.349314885337210751e-02 -8.520634709190483269e-03
8.599999999999999645e+00 2.431842036669819296e-02 -7.467856209724302308e-03
8.699999999999999289e+00 2.498672009531696658e-02 -5.453543768051086205e-03
8.799999999999998934e+00 2.540912912030841159e-02 -2.864172217150989797e-03
8.900000000000000355e+00 2.555955453874716662e-02 -2.158647628453247425e-04
9.000000000000000000e+00 2.545230207287747792e-02 2.149575526035535367e-03
9.099999999999999645e+00 2.512963943354006024e-02 4.026132885699959529e-03
9.199999999999999289e+00 2.464707549573748324e-02 5.145998046349839483e-03
9.300000000000000711e+00 2.410043982427009096e-02 5.733782578434001853e-03
9.400000000000000355e+00 2.350031898005068565e-02 6.271626852165174126e-03
9.500000000000000000e+00 2.284611445383705544e-02 6.775720398862955518e-03
9.600000000000001421e+00 2.214517490027809177e-02 7.107107379736299357e-03
9.699999999999999289e+00 2.142469297788979557e-02 7.247239745622552354e-03
9.800000000000000711e+00 2.069572695115358407e-02 7.371270318376615949e-03
9.899999999999998579e+00 1.995043891421447238e-02 7.662676913531035749e-03
1.000000000000000000e+01 1.916319156844737553e-02 8.158721395196105730e-03
1.009999999999999964e+01 1.831869463517525262e-02 8.632487021572668451e-03
1.019999999999999929e+01 1.743669416413284184e-02 8.873449473097899665e-03
1.029999999999999893e+01 1.654400474055566991e-02 9.031958768540002125e-03
1.040000000000000036e+01 1.563030241042484211e-02 9.308862490036942661e-03
1.050000000000000000e+01 1.468223224254828346e-02 9.743897040284082989e-03
1.059999999999999964e+01 1.368152300236802343e-02 1.022638061714030433e-02
1.069999999999999929e+01 1.263695611912022190e-02 1.055084261414693941e-02
1.080000000000000071e+01 1.157135447953863694e-02 1.062985024061444822e-02
1.090000000000000036e+01 1.051098607099733295e-02 1.040283198735485887e-02
1.100000000000000000e+01 9.490788082067665166e-03 9.978763878767081541e-03
1.109999999999999964e+01 8.515233295243914910e-03 9.638447150014925469e-03
1.119999999999999929e+01 7.563098652064679031e-03 9.542231006821048911e-03
1.130000000000000071e+01 6.606787093879705475e-03 9.646838903382203706e-03
1.139999999999999858e+01 5.633730871388238463e-03 9.800576300646030720e-03
1.150000000000000000e+01 4.646671833750499851e-03 9.856266046178143586e-03
1.159999999999999964e+01 3.662477662152609573e-03 1.766334475171061832e-02
1.169999999999999929e+01 1.114002883408375753e-03 1.767822423393389589e-02
1.179999999999999893e+01 1.268328153658299291e-04 5.517688457147801144e-03
1.190000000000000036e+01 1.046519197881537816e-05 6.341640768291495912e-04
1.200000000000000000e+01 0.000000000000000000e+00 1.046519197881537748e-04
