0.000000000000000000e+00 7.562888316443321912e+01 1.870738699973560415e+01
1.000000000000000056e-01 7.375814446445966155e+01 1.870738699973549046e+01
2.000000000000000111e-01 7.188740576448611819e+01 1.870738699973549046e+01
3.000000000000000444e-01 7.001666706451256061e+01 1.870738699973549046e+01
4.000000000000000222e-01 6.814592836453901725e+01 1.870738699973549046e+01
5.000000000000000000e-01 6.627518966456545968e+01 1.870738699973549046e+01
6.000000000000000888e-01 6.440445096459193053e+01 1.870738699973549046e+01
6.999999999999999556e-01 6.253371226461836585e+01 1.870738699973549046e+01
8.000000000000000444e-01 6.066297356464482959e+01 1.870738699973549046e+01
8.999999999999999112e-01 5.879223486467126492e+01 1.870738699973549046e+01
1.000000000000000000e+00 5.692149616469772866e+01 1.870738699973549046e+01
1.099999999999999867e+00 5.505075746472417109e+01 1.870738699973554731e+01
1.200000000000000178e+00 5.318001876475062062e+01 1.870738699973549046e+01
1.300000000000000044e+00 5.130928006477707015e+01 1.870738699973546204e+01
1.399999999999999911e+00 4.943854136480352679e+01 1.870738699973546204e+01
1.500000000000000000e+00 4.756780266482997632e+01 1.870738699973549046e+01
1.600000000000000089e+00 4.569706396485642586e+01 1.870738699973549046e+01
1.699999999999999956e+00 4.382632526488288249e+01 1.870738699973549046e+01
1.799999999999999822e+00 4.195558656490933203e+01 1.870738699973549046e+01
1.899999999999999911e+00 4.008484786493578156e+01 1.870738699973549046e+01
2.000000000000000000e+00 3.821410916496223109e+01 1.870738699973549046e+01
2.099999999999999645e+00 3.634337046498868062e+01 1.870738699973549046e+01
2.199999999999999734e+00 3.447263176501513016e+01 1.870738699973549046e+01
2.299999999999999822e+00 3.260189306504158679e+01 1.870738699973551888e+01
2.400000000000000355e+00 3.073115436506802922e+01 1.870738699973551888e+01
2.500000000000000000e+00 2.886041566509447875e+01 1.870738699973549046e+01
2.600000000000000089e+00 2.698967696512093184e+01 1.870738699973549046e+01
2.700000000000000178e+00 2.511893826514738137e+01 1.870738699973549046e+01
2.799999999999999822e+00 2.324819956517383446e+01 1.870738699973549046e+01
2.899999999999999911e+00 2.137746086520028399e+01 1.870738699973549046e+01
3.000000000000000000e+00 1.950672216522673352e+01 1.870738699973546204e+01
3.099999999999999645e+00 1.763598346525319016e+01 1.870738699973549046e+01
3.200000000000000178e+00 1.576524476527963614e+01 1.870738699973556152e+01
3.300000000000000266e+00 1.389450606530607857e+01 1.870738699973549046e+01
3.399999999999999911e+00 1.202376736533253876e+01 1.870738699973548336e+01
3.500000000000000000e+00 1.015302866535898119e+01 1.870738699973549046e+01
3.599999999999999645e+00 8.282289965385439601e+00 1.870738699973549046e+01
3.700000000000000178e+00 6.411551265411883804e+00 1.870738699973549402e+01
3.799999999999999822e+00 4.540812565438340442e+00 1.870738699973549046e+01
3.900000000000000355e+00 2.670073865464785534e+00 1.146549457665363647e+01
4.000000000000000000e+00 2.247713650107613148e+00 4.627770531515054131e+00
4.099999999999999645e+00 1.744519759161774708e+00 4.559837379565796489e+00
4.199999999999999289e+00 1.335746174194453850e+00 3.699464668692953317e+00
4.299999999999999822e+00 1.004626825423183822e+00 2.990510859908652730e+00
4.399999999999999467e+00 7.376440022127233043e-01 2.446113253178143765e+00
4.500000000000000000e+00 5.154041747875551804e-01 1.998687745407663030e+00
4.599999999999999645e+00 3.379064531311907205e-01 1.633807480327233330e+00
4.700000000000000178e+00 1.886426787221084644e-01 1.375948397867615913e+00
4.800000000000000711e+00 6.271677355766751283e-02 1.158532151332662741e+00
4.900000000000000355e+00 -4.306375154442410036e-02 9.600046213860335964e-01
5.000000000000000000e+00 -1.292841507195392203e-01 8.355095464817348105e-01
5.099999999999999645e+00 -2.101656608407710680e-01 7.428952079200890068e-01
5.200000000000000178e+00 -2.778631923035569939e-01 6.516537336320680218e-01
5.299999999999999822e+00 -3.404964075671846890e-01 5.936528491395141049e-01
5.400000000000000355e+00 -3.965937621314598593e-01 5.207839616310681041e-01
5.500000000000000000e+00 -4.446531998933982988e-01 4.249727687209969851e-01
5.599999999999999645e+00 -4.815883158756592564e-01 3.306210230116848336e-01
5.699999999999999289e+00 -5.107774044957352766e-01 2.331820613473780668e-01
5.799999999999999822e+00 -5.282247281451348808e-01 1.228321089770640917e-01
5.899999999999999467e+00 -5.353438262911480727e-01 2.397054620322203178e-02
6.000000000000000000e+00 -5.330188373857792650e-01 -6.187964724006578265e-02
6.099999999999999645e+00 -5.229678968431349384e-01 -1.578598473521815038e-01
6.199999999999999289e+00 -5.014468679153429864e-01 -2.267972158731588195e-01
6.300000000000000711e+00 -4.776084536685031856e-01 -2.455320580132669406e-01
6.400000000000000355e+00 -4.523404563126895983e-01 -2.916278945493240293e-01
6.500000000000000000e+00 -4.192828747586383464e-01 -3.361871777794971372e-01
6.600000000000000533e+00 -3.851030207567901487e-01 -3.656882954451801115e-01
6.700000000000000178e+00 -3.461452156696023241e-01 -4.007872147702153942e-01
6.799999999999999822e+00 -3.049455778027470587e-01 -4.011055501242002386e-01
6.899999999999999467e+00 -2.659241056447622653e-01 -3.795895456121911593e-01
7.000000000000000000e+00 -2.290276686803088269e-01 -3.783975913755487364e-01
7.099999999999999645e+00 -1.902445873696525513e-01 -4.080936010853779550e-01
7.199999999999999289e+00 -1.474089484632332414e-01 -4.229162913589458173e-01
7.299999999999998934e+00 -1.056613290978633685e-01 -3.928882872199857546e-01
7.400000000000000355e+00 -6.883129101923607385e-02 -3.859996060630577208e-01
7.500000000000000000e+00 -2.846140788525181736e-02 -3.635954006351067580e-01
7.599999999999999645e+00 3.887789107785281570e-03 -3.454064780607373208e-01
7.699999999999999289e+00 4.061988772689564819e-02 -3.377712084369138279e-01
7.800000000000000711e+00 7.144203079516804611e-02 -2.770560138452703991e-01
7.900000000000000355e+00 9.603109049594972524e-02 -2.321154305943176066e-01
8.000000000000000000e+00 1.178651169140315647e-01 -1.900359569894112810e-01
8.100000000000001421e+00 1.340382818938319898e-01 -1.319336009732724468e-01
8.199999999999999289e+00 1.442518371086860540e-01 -8.805004608517219555e-02
8.300000000000000711e+00 1.516482911108664178e-01 -1.728279378248886999e-02
8.399999999999998579e+00 1.477083958651838336e-01 4.840727058589067155e-02
8.500000000000000000e+00 1.419668369936882835e-01 9.121872782136786206e-02
8.599999999999999645e+00 1.294646503009102556e-01 1.344798350180086421e-01
8.699999999999999289e+00 1.150708699900865606e-01 1.582380062687614442e-01
8.799999999999998934e+00 9.781704904715797511e-02 1.540431069543291009e-01
8.900000000000000355e+00 8.426224859922074040e-02 1.402030498712539264e-01
9.000000000000000000e+00 6.977643907290718983e-02 1.348510129006269542e-01
9.099999999999999645e+00 5.729204601909534955e-02 1.290964670950896231e-01
9.199999999999999289e+00 4.395714565388925826e-02 1.162432064797393472e-01
9.300000000000000711e+00 3.404340472314747873e-02 1.139385586700334824e-01
9.400000000000000355e+00 2.116943391988256040e-02 1.149184594808635024e-01
9.500000000000000000e+00 1.105971282697477444e-02 1.084080368656596544e-01
9.600000000000001421e+00 -5.121734532493709682e-04 1.022855704627179119e-01
9.699999999999999289e+00 -9.397401265568807935e-03 8.038502997485370838e-02
9.800000000000000711e+00 -1.658917944822011284e-02 6.719565958494841396e-02
9.899999999999998579e+00 -2.283653318255848830e-02 7.403860612005171149e-02
1.000000000000000000e+01 -3.139690067223045722e-02 6.210700248551923042e-02
1.009999999999999964e+01 -3.525793367966233854e-02 4.958160951507112335e-02
1.019999999999999929e+01 -4.131322257524468189e-02 5.690323381908993228e-02
1.029999999999999893e+01 -4.663858044348032084e-02 4.598555045600416502e-02
1.040000000000000036e+01 -5.051033266644551489e-02 3.446590418845466020e-02
1.050000000000000000e+01 -5.353176128117125704e-02 3.021745144863574595e-02
1.059999999999999964e+01 -5.655382295617266547e-02 9.897828916520801101e-03
1.069999999999999929e+01 -5.551132706447541726e-02 -8.227202043084413940e-03
1.080000000000000071e+01 -5.490838254755578407e-02 -2.689530358323982684e-02
1.090000000000000036e+01 -5.013226634782744912e-02 -5.063077561359879963e-02
1.100000000000000000e+01 -4.478222742483602137e-02 -7.244798149725581449e-02
1.109999999999999964e+01 -3.564267004837628344e-02 -8.407008554509201592e-02
1.119999999999999929e+01 -2.796821031581761541e-02 -8.176596740490919835e-02
1.130000000000000071e+01 -1.928947656739444724e-02 -8.524897441073145399e-02
1.139999999999999858e+01 -1.091841543367132704e-02 -7.041269888447597436e-02
1.150000000000000000e+01 -5.206936790499250810e-03 -4.532062598472241105e-02
1.159999999999999964e+01 -1.854290236726843615e-03 -3.107685700286109617e-02
1.169999999999999929e+01 1.008434610072968815e-03 -1.041848171082371786e-02
1.179999999999999893e+01 2.294061054379001969e-04 4.941895685215047865e-03
1.190000000000000036e+01 2.005547302995935966e-05 1.147030527189500876e-03
1.200000000000000000e+01 0.000000000000000000e+00 2.005547302995935898e-04
