0.000000000000000000e+00 4.446404075260553412e+01 1.538251058132277649e+01
1.000000000000000056e-01 4.292578969447325221e+01 1.538251058132277649e+01
2.000000000000000111e-01 4.138753863634097740e+01 1.538251058132280491e+01
3.000000000000000444e-01 3.984928757820869549e+01 1.538251058132280491e+01
4.000000000000000222e-01 3.831103652007641358e+01 1.538251058132277649e+01
5.000000000000000000e-01 3.677278546194413877e+01 1.538251058132280491e+01
6.000000000000000888e-01 3.523453440381185686e+01 1.538251058132280491e+01
6.999999999999999556e-01 3.369628334567957495e+01 1.538251058132280491e+01
8.000000000000000444e-01 3.215803228754729304e+01 1.538251058132277649e+01
8.999999999999999112e-01 3.061978122941502178e+01 1.538251058132277649e+01
1.000000000000000000e+00 2.908153017128273632e+01 1.538251058132280491e+01
1.099999999999999867e+00 2.754327911315046151e+01 1.538251058132280491e+01
1.200000000000000178e+00 2.600502805501817605e+01 1.538251058132280491e+01
1.300000000000000044e+00 2.446677699688589769e+01 1.538251058132277649e+01
1.399999999999999911e+00 2.292852593875362288e+01 1.538251058132279070e+01
1.500000000000000000e+00 2.139027488062134097e+01 1.538251058132279070e+01
1.600000000000000089e+00 1.985202382248906261e+01 1.538251058132279070e+01
1.699999999999999956e+00 1.831377276435678070e+01 1.538251058132279070e+01
1.799999999999999822e+00 1.677552170622450589e+01 1.538251058132279070e+01
1.899999999999999911e+00 1.523727064809222398e+01 1.538251058132280491e+01
2.000000000000000000e+00 1.369901958995994384e+01 1.538251058132279780e+01
2.099999999999999645e+00 1.216076853182766371e+01 1.538251058132279070e+01
2.199999999999999734e+00 1.062251747369538535e+01 1.538251058132279070e+01
2.299999999999999822e+00 9.084266415563105213e+00 1.538251058132281202e+01
2.400000000000000355e+00 7.546015357430822412e+00 1.538251058132281557e+01
2.500000000000000000e+00 6.007764299298543165e+00 1.538251058132279248e+01
2.600000000000000089e+00 4.469513241166263917e+00 1.538251058132279248e+01
2.700000000000000178e+00 2.931262183033984225e+00 1.538251058132279248e+01
2.799999999999999822e+00 1.393011124901704756e+00 1.076139602068897716e+01
2.899999999999999911e+00 7.789829788961886159e-01 5.427448826017473138e+00
3.000000000000000000e+00 3.075213596982100395e-01 3.918789760302447522e+00
3.099999999999999645e+00 -4.774973164300965259e-03 2.709954284411791203e+00
3.200000000000000178e+00 -2.344694971841482234e-01 2.029350851083976170e+00
3.300000000000000266e+00 -4.106451433810962559e-01 1.604852301215341059e+00
3.399999999999999911e+00 -5.554399574272164131e-01 1.304215898458338074e+00
3.500000000000000000e+00 -6.714883230727638486e-01 1.048985573433661944e+00
3.599999999999999645e+00 -7.652370721139488685e-01 7.934423534516286125e-01
3.700000000000000178e+00 -8.301767937630896155e-01 4.865351948678608984e-01
3.799999999999999822e+00 -8.625441110875210482e-01 2.081264500468904544e-01
3.900000000000000355e+00 -8.718020837724677063e-01 -4.841302229620314534e-02
4.000000000000000000e+00 -8.528615066282804191e-01 -3.548285785617570909e-01
4.099999999999999645e+00 -8.008363680601162660e-01 -6.316044925126371723e-01
4.199999999999999289e+00 -7.265406081257529403e-01 -7.785351951235628398e-01
4.299999999999999822e+00 -6.451293290354036536e-01 -7.534128514534570442e-01
4.399999999999999467e+00 -5.758580378350615092e-01 -6.220187805622066080e-01
4.500000000000000000e+00 -5.207255729229623986e-01 -5.023479549197928939e-01
4.599999999999999645e+00 -4.753884468511029304e-01 -3.831833282147987241e-01
4.700000000000000178e+00 -4.440889072800026094e-01 -3.267752336393305868e-01
4.800000000000000711e+00 -4.100334001232368575e-01 -2.863343842428363040e-01
4.900000000000000355e+00 -3.868220304314353708e-01 -2.544399449303937910e-01
5.000000000000000000e+00 -3.591454111371580882e-01 -1.933687255717297937e-01
5.099999999999999645e+00 -3.481482853170894121e-01 -1.151952862312108916e-01
5.200000000000000178e+00 -3.361063538909159210e-01 -1.134747589615225927e-01
5.299999999999999822e+00 -3.254533335247848935e-01 -1.258840280524413657e-01
5.400000000000000355e+00 -3.109295482804276256e-01 -1.545089885074046876e-01
5.500000000000000000e+00 -2.945515358233039005e-01 -1.870215093327096678e-01
5.599999999999999645e+00 -2.735252464138857031e-01 -1.889142875463882820e-01
5.699999999999999289e+00 -2.567686783140262774e-01 -2.332388725767915449e-01
5.799999999999999822e+00 -2.268774718985273608e-01 -3.352688506448641137e-01
5.899999999999999467e+00 -1.897149081850534325e-01 -3.940694740489216752e-01
6.000000000000000000e+00 -1.480635770887430425e-01 -3.546677849837130969e-01
6.099999999999999645e+00 -1.187813511883108186e-01 -2.938398190240893437e-01
6.199999999999999289e+00 -8.929561328392515707e-02 -2.701573033844884564e-01
6.300000000000000711e+00 -6.474989051141312457e-02 -2.265123758539967780e-01
6.400000000000000355e+00 -4.399313811312580147e-02 -1.273984521416973159e-01
6.500000000000000000e+00 -3.927020008307366417e-02 -7.345091861367142316e-03
6.600000000000000533e+00 -4.252411974085237856e-02 4.932291853972636808e-02
6.700000000000000178e+00 -4.913478379101893223e-02 7.991925899218654816e-02
6.799999999999999822e+00 -5.850797153928968819e-02 1.398505785216894726e-01
6.899999999999999467e+00 -7.710489949535682952e-02 2.324345443531397049e-01
7.000000000000000000e+00 -1.049948804099176264e-01 2.832839051453399093e-01
7.099999999999999645e+00 -1.337616805244248031e-01 3.108710514099203293e-01
7.199999999999999289e+00 -1.671690906919016950e-01 3.506493963896853971e-01
7.299999999999998934e+00 -2.038915598023618991e-01 3.576568876083702220e-01
7.400000000000000355e+00 -2.387004682135757394e-01 3.636491247904403146e-01
7.500000000000000000e+00 -2.766213847604499509e-01 3.606377263619220397e-01
7.599999999999999645e+00 -3.108280134859601751e-01 3.005637560108926909e-01
7.699999999999999289e+00 -3.367341359626285224e-01 2.371025063778782194e-01
7.800000000000000711e+00 -3.582485147615357968e-01 1.956398961330543251e-01
7.900000000000000355e+00 -3.758621151892393986e-01 1.351708077651812001e-01
8.000000000000000000e+00 -3.852826763145720257e-01 8.750790298587296512e-02
8.100000000000001421e+00 -3.933636957864139472e-01 4.941998557580484785e-02
8.199999999999999289e+00 -3.951666734297329953e-01 -8.294781868367628874e-05
8.300000000000000711e+00 -3.933471062226772119e-01 -4.014741575962443854e-02
8.399999999999998579e+00 -3.871371902778081298e-01 -7.479301632697987756e-02
8.500000000000000000e+00 -3.783885029572812697e-01 -8.548432223689994558e-02
8.599999999999999645e+00 -3.700403258304281184e-01 -1.174563656169849146e-01
8.699999999999999289e+00 -3.548972298338842757e-01 -1.635149799957713590e-01
8.799999999999998934e+00 -3.373373298312738466e-01 -1.851181820439486980e-01
8.900000000000000355e+00 -3.178735934250945250e-01 -1.900695344869309800e-01
9.000000000000000000e+00 -2.993234229338876395e-01 -1.718060683960933588e-01
9.099999999999999645e+00 -2.835123797458758421e-01 -1.896173142701869097e-01
9.199999999999999289e+00 -2.613999600798502798e-01 -2.249288154854727217e-01
9.300000000000000711e+00 -2.385266166487813033e-01 -2.207904303786383249e-01
9.400000000000000355e+00 -2.172418740041226204e-01 -2.349938653165120073e-01
9.500000000000000000e+00 -1.915278435854789185e-01 -2.338919246764438187e-01
9.600000000000001421e+00 -1.704634890688338511e-01 -2.286319281172175533e-01
9.699999999999999289e+00 -1.458014579620353912e-01 -2.399400673071639956e-01
9.800000000000000711e+00 -1.224754756074010464e-01 -2.298625700832028773e-01
9.899999999999998579e+00 -9.982894394539482130e-02 -1.848945019269729872e-01
1.000000000000000000e+01 -8.549657522200644622e-02 -1.452649958938992403e-01
1.009999999999999964e+01 -7.077594476661495937e-02 -1.741997450382438695e-01
1.019999999999999929e+01 -5.065662621435767371e-02 -1.778999110299018804e-01
1.029999999999999893e+01 -3.519596256063458467e-02 -1.353728563264135487e-01
1.040000000000000036e+01 -2.358205494907496258e-02 -1.169387618487284231e-01
1.050000000000000000e+01 -1.180821019088890145e-02 -8.837040389732594980e-02
1.059999999999999964e+01 -5.907974169609772272e-03 -5.980506107405047372e-02
1.069999999999999929e+01 1.528020239211938611e-04 -4.118694910663944775e-02
1.080000000000000071e+01 2.329415651718117018e-03 -2.698212864121820459e-02
1.090000000000000036e+01 5.549227752164835083e-03 -1.267912164623177448e-02
1.100000000000000000e+01 4.865239980964472348e-03 7.779660314051507763e-04
1.109999999999999964e+01 5.393634545883804754e-03 -1.521670541044557907e-02
1.119999999999999929e+01 7.908581063053587989e-03 -2.462377983500723538e-03
1.130000000000000071e+01 5.886110142583949809e-03 1.733340621089641750e-02
1.139999999999999858e+01 4.441899820874304315e-03 1.650528292669550118e-02
1.150000000000000000e+01 2.585053557244849573e-03 1.276809557710699254e-02
1.159999999999999964e+01 1.888280705452906154e-03 5.759652298377143827e-03
1.169999999999999929e+01 1.433123097569420547e-03 8.081004952083969961e-03
1.179999999999999893e+01 2.720797150361119665e-04 7.056650443369034444e-03
1.190000000000000036e+01 2.179300889561364927e-05 1.360398575180559724e-03
1.200000000000000000e+01 0.000000000000000000e+00 2.179300889561364791e-04
