0.000000000000000000e+00 2.319017864206057311e+01 7.107375293963741569e+00
1.000000000000000056e-01 2.247944111266419753e+01 7.107375293963755780e+00
2.000000000000000111e-01 2.176870358326782195e+01 7.107375293963755780e+00
3.000000000000000444e-01 2.105796605387144638e+01 7.107375293963741569e+00
4.000000000000000222e-01 2.034722852447507080e+01 7.107375293963741569e+00
5.000000000000000000e-01 1.963649099507869877e+01 7.107375293963755780e+00
6.000000000000000888e-01 1.892575346568231964e+01 7.107375293963769991e+00
6.999999999999999556e-01 1.821501593628594406e+01 7.107375293963741569e+00
8.000000000000000444e-01 1.750427840688957204e+01 7.107375293963741569e+00
8.999999999999999112e-01 1.679354087749319646e+01 7.107375293963755780e+00
1.000000000000000000e+00 1.608280334809682088e+01 7.107375293963755780e+00
1.099999999999999867e+00 1.537206581870044353e+01 7.107375293963755780e+00
1.200000000000000178e+00 1.466132828930406973e+01 7.107375293963755780e+00
1.300000000000000044e+00 1.395059075990769237e+01 7.107375293963755780e+00
1.399999999999999911e+00 1.323985323051131857e+01 7.107375293963741569e+00
1.500000000000000000e+00 1.252911570111494477e+01 7.107375293963748675e+00
1.600000000000000089e+00 1.181837817171856919e+01 7.107375293963748675e+00
1.699999999999999956e+00 1.110764064232219539e+01 7.107375293963748675e+00
1.799999999999999822e+00 1.039690311292581981e+01 7.107375293963748675e+00
1.899999999999999911e+00 9.686165583529444234e+00 7.107375293963748675e+00
2.000000000000000000e+00 8.975428054133068656e+00 7.107375293963755780e+00
2.099999999999999645e+00 8.264690524736693078e+00 7.107375293963748675e+00
2.199999999999999734e+00 7.553952995340319276e+00 7.107375293963741569e+00
2.299999999999999822e+00 6.843215465943945475e+00 7.107375293963759333e+00
2.400000000000000355e+00 6.132477936547567232e+00 7.107375293963762886e+00
2.500000000000000000e+00 5.421740407151192542e+00 7.107375293963752227e+00
2.600000000000000089e+00 4.711002877754816964e+00 7.107375293963748675e+00
2.700000000000000178e+00 4.000265348358442274e+00 7.107375293963748675e+00
2.799999999999999822e+00 3.289527818962067141e+00 7.107375293963752227e+00
2.899999999999999911e+00 2.578790289565692007e+00 7.107375293963748675e+00
3.000000000000000000e+00 1.868052760169317317e+00 7.107375293963737128e+00
3.099999999999999645e+00 1.157315230772944625e+00 5.635652412011289414e+00
3.200000000000000178e+00 7.409222777670594340e-01 3.489321039050106599e+00
3.300000000000000266e+00 4.594510229629232834e-01 2.397980285909027565e+00
3.399999999999999911e+00 2.613262205852538433e-01 1.758490211758866772e+00
3.500000000000000000e+00 1.077529806111498928e-01 1.365094825350069874e+00
3.599999999999999645e+00 -1.169274448476012584e-02 1.080491261882804643e+00
3.700000000000000178e+00 -1.083452717654110331e-01 8.980597898005210356e-01
3.799999999999999822e+00 -1.913047024448643330e-01 7.800623002550550744e-01
3.900000000000000355e+00 -2.643577318164220258e-01 6.867363702874313969e-01
4.000000000000000000e+00 -3.286519765023506179e-01 5.577285212966578420e-01
4.099999999999999645e+00 -3.759034360757536053e-01 4.166748511548568068e-01
4.199999999999999289e+00 -4.119869467333219792e-01 2.749890898293558816e-01
4.299999999999999822e+00 -4.309012540416248260e-01 1.095577917415089253e-01
4.399999999999999467e+00 -4.338985050816237532e-01 -4.237101924024688770e-02
4.500000000000000000e+00 -4.224270501935754041e-01 -1.792917672056866252e-01
4.599999999999999645e+00 -3.980401516404864504e-01 -2.968065226728993089e-01
4.700000000000000178e+00 -3.630657456589955756e-01 -3.795981239425849640e-01
4.800000000000000711e+00 -3.221205268519694576e-01 -4.090922628958275631e-01
4.900000000000000355e+00 -2.812472930798300408e-01 -3.974342832661181824e-01
5.000000000000000000e+00 -2.426336701987458211e-01 -3.858990135613753480e-01
5.099999999999999645e+00 -2.040674903675549767e-01 -3.617543517570555034e-01
5.200000000000000178e+00 -1.702827998473347149e-01 -3.285803983338335676e-01
5.299999999999999822e+00 -1.383514107007882410e-01 -2.994098725859652976e-01
5.400000000000000355e+00 -1.104008253301416442e-01 -2.651338811718807476e-01
5.500000000000000000e+00 -8.532463446641209981e-02 -2.322147605595052400e-01
5.599999999999999645e+00 -6.395787321824059068e-02 -1.967178009229403335e-01
5.699999999999999289e+00 -4.598107428182403311e-02 -1.609678621836902745e-01
5.799999999999999822e+00 -3.176430078150253855e-02 -1.266013021242618497e-01
5.899999999999999467e+00 -2.066081385697166387e-02 -1.015347339195245002e-01
6.000000000000000000e+00 -1.145735399759763816e-02 -7.545092733430058818e-02
6.099999999999999645e+00 -5.570628390111546577e-03 -3.725402097816096769e-02
6.199999999999999289e+00 -4.006549801965444448e-03 2.871174868665189034e-03
6.300000000000000711e+00 -6.144863363844584210e-03 3.189906418260059218e-02
6.400000000000000355e+00 -1.038636263848556271e-02 4.571514908559571461e-02
6.500000000000000000e+00 -1.528789318096372696e-02 4.754091922965402589e-02
6.600000000000000533e+00 -1.989454648441636719e-02 4.610735613754014806e-02
6.700000000000000178e+00 -2.450936440847175865e-02 3.519088138888747108e-02
6.799999999999999822e+00 -2.693272276219386280e-02 7.601176250768615361e-03
6.899999999999999467e+00 -2.602959965862548103e-02 -1.966971894832973689e-02
7.000000000000000000e+00 -2.299877897252791681e-02 -4.074142518246989808e-02
7.099999999999999645e+00 -1.788131462213150141e-02 -5.266729423433070406e-02
7.199999999999999289e+00 -1.246532012566177461e-02 -5.662273058326730557e-02
7.299999999999998934e+00 -6.556768505478038911e-03 -5.737160922496881837e-02
7.400000000000000355e+00 -9.909982806680093289e-04 -5.210944059930186500e-02
7.500000000000000000e+00 3.865119614382334264e-03 -3.901339561800920563e-02
7.599999999999999645e+00 6.811680842933831755e-03 -2.324674478021025031e-02
7.699999999999999289e+00 8.514468570424383806e-03 -1.122469234482974948e-02
7.800000000000000711e+00 9.056619311899782171e-03 1.841198733442815649e-03
7.900000000000000355e+00 8.146228823735821023e-03 1.657152096152497353e-02
8.000000000000000000e+00 5.742315119594786771e-03 2.583446106606707149e-02
8.100000000000001421e+00 2.979336610522407332e-03 3.572880755951560183e-02
8.199999999999999289e+00 -1.403446392308332989e-03 4.015518488087767984e-02
8.300000000000000711e+00 -5.051700365653128549e-03 3.676877516692159120e-02
8.399999999999998579e+00 -8.757201425692652183e-03 3.126847017169447074e-02
8.500000000000000000e+00 -1.130539439999202200e-02 1.985826945958714396e-02
8.599999999999999645e+00 -1.272885531761008132e-02 5.904975296586748024e-03
8.699999999999999289e+00 -1.248638945930937230e-02 -6.101137679080256837e-03
8.799999999999998934e+00 -1.150862778179402926e-02 -1.301279103612147658e-02
8.900000000000000355e+00 -9.883831252085077679e-03 -1.951814168289453533e-02
9.000000000000000000e+00 -7.604999445215122021e-03 -2.401673602746118297e-02
9.099999999999999645e+00 -5.080484046592840391e-03 -2.599443266736714900e-02
9.199999999999999289e+00 -2.406112911741691007e-03 -2.603354244408333934e-02
9.300000000000000711e+00 1.262244422238284415e-04 -2.307555740055675791e-02
9.400000000000000355e+00 2.208998568369660576e-03 -2.059227435571631126e-02
9.500000000000000000e+00 4.244679313367090423e-03 -2.014878445961030412e-02
9.600000000000001421e+00 6.238755460291720879e-03 -1.884380106505643276e-02
9.699999999999999289e+00 8.013439526378377323e-03 -1.715193795239125171e-02
9.800000000000000711e+00 9.669143050769971395e-03 -1.424679726722702378e-02
9.899999999999998579e+00 1.086279897982378277e-02 -1.058718605067778679e-02
1.000000000000000000e+01 1.178658026090552945e-02 -6.564138184027006051e-03
1.009999999999999964e+01 1.217562661662918364e-02 -2.144240202474258228e-03
1.019999999999999929e+01 1.221542830140038075e-02 1.995137188146318963e-03
1.029999999999999893e+01 1.177659917899991950e-02 5.853959792227886316e-03
1.040000000000000036e+01 1.104463634295480348e-02 9.119879391636401267e-03
1.050000000000000000e+01 9.952623300672640283e-03 1.202467325051272129e-02
1.059999999999999964e+01 8.639701692852259571e-03 1.342034047853870454e-02
1.069999999999999929e+01 7.268555204964898681e-03 1.301021824381540237e-02
1.080000000000000071e+01 6.037658044089178055e-03 1.180441952587429205e-02
1.090000000000000036e+01 4.907671299790039750e-03 9.597092135896580223e-03
1.100000000000000000e+01 4.118239616909861837e-03 6.629280945680712106e-03
1.109999999999999964e+01 3.581815110653897415e-03 4.226512017313551611e-03
1.119999999999999929e+01 3.272937213447151949e-03 2.178383625932374390e-03
1.130000000000000071e+01 3.146138385467422451e-03 7.933647163594764740e-04
1.139999999999999858e+01 3.114264270175256567e-03 5.409892920818989981e-04
1.150000000000000000e+01 3.037940527051042824e-03 1.609725510962292661e-03
1.159999999999999964e+01 2.792319167982797948e-03 1.010046415419319291e-02
1.169999999999999929e+01 1.017847696212403810e-03 1.325710609659826178e-02
1.179999999999999893e+01 1.408979486631453974e-04 5.024810755113526609e-03
1.190000000000000036e+01 1.288554518969845663e-05 7.044897433157269869e-04
1.200000000000000000e+01 0.000000000000000000e+00 1.288554518969845528e-04
