0.000000000000000000e+00 2.890725847690079675e+01 8.739327900801356463e+00
1.000000000000000056e-01 2.803332568682066039e+01 8.739327900801328042e+00
2.000000000000000111e-01 2.715939289674053114e+01 8.739327900801299620e+00
3.000000000000000444e-01 2.628546010666040189e+01 8.739327900801342253e+00
4.000000000000000222e-01 2.541152731658026198e+01 8.739327900801356463e+00
5.000000000000000000e-01 2.453759452650012918e+01 8.739327900801328042e+00
6.000000000000000888e-01 2.366366173641999637e+01 8.739327900801342253e+00
6.999999999999999556e-01 2.278972894633986357e+01 8.739327900801328042e+00
8.000000000000000444e-01 2.191579615625973076e+01 8.739327900801342253e+00
8.999999999999999112e-01 2.104186336617959441e+01 8.739327900801342253e+00
1.000000000000000000e+00 2.016793057609946516e+01 8.739327900801328042e+00
1.099999999999999867e+00 1.929399778601932880e+01 8.739327900801342253e+00
1.200000000000000178e+00 1.842006499593919600e+01 8.739327900801328042e+00
1.300000000000000044e+00 1.754613220585906319e+01 8.739327900801342253e+00
1.399999999999999911e+00 1.667219941577892683e+01 8.739327900801342253e+00
1.500000000000000000e+00 1.579826662569879403e+01 8.739327900801328042e+00
1.600000000000000089e+00 1.492433383561866123e+01 8.739327900801328042e+00
1.699999999999999956e+00 1.405040104553852842e+01 8.739327900801328042e+00
1.799999999999999822e+00 1.317646825545839562e+01 8.739327900801335147e+00
1.899999999999999911e+00 1.230253546537826104e+01 8.739327900801342253e+00
2.000000000000000000e+00 1.142860267529812646e+01 8.739327900801335147e+00
2.099999999999999645e+00 1.055466988521799365e+01 8.739327900801328042e+00
2.199999999999999734e+00 9.680737095137860848e+00 8.739327900801335147e+00
2.299999999999999822e+00 8.806804305057726268e+00 8.739327900801356463e+00
2.400000000000000355e+00 7.932871514977589023e+00 8.739327900801349358e+00
2.500000000000000000e+00 7.058938724897456218e+00 8.739327900801328042e+00
2.600000000000000089e+00 6.185005934817323414e+00 8.739327900801331594e+00
2.700000000000000178e+00 5.311073144737189722e+00 8.739327900801335147e+00
2.799999999999999822e+00 4.437140354657056029e+00 8.739327900801331594e+00
2.899999999999999911e+00 3.563207564576923669e+00 8.739327900801331594e+00
3.000000000000000000e+00 2.689274774496789977e+00 8.739327900801320936e+00
3.099999999999999645e+00 1.815341984416659393e+00 8.739327900801335147e+00
3.200000000000000178e+00 9.414091943365229254e-01 6.970103995697916943e+00
3.300000000000000266e+00 4.213211852770759602e-01 4.539164739922664005e+00
3.399999999999999911e+00 3.357624635199013552e-02 3.280988588721244881e+00
3.500000000000000000e+00 -2.348765324671730215e-01 2.320311689608920425e+00
3.599999999999999645e+00 -4.304860915697939494e-01 1.700525223285698440e+00
3.700000000000000178e+00 -5.749815771243127482e-01 1.175206096751455487e+00
3.799999999999999822e+00 -6.655273109200851023e-01 7.946456097994083478e-01
3.900000000000000355e+00 -7.339106990841943734e-01 5.352627087119956606e-01
4.000000000000000000e+00 -7.725798526624841900e-01 3.401992545565515336e-01
4.099999999999999645e+00 -8.019505499955047467e-01 2.178378046267881452e-01
4.199999999999999289e+00 -8.161474135878418190e-01 5.585022159927000018e-02
4.299999999999999822e+00 -8.131205943153587690e-01 -5.544909905331785183e-02
4.399999999999999467e+00 -8.050575937771782264e-01 -1.736826697280329235e-01
4.500000000000000000e+00 -7.783840603697521621e-01 -3.298623840776042648e-01
4.599999999999999645e+00 -7.390851169616574623e-01 -4.493788159825422568e-01
4.700000000000000178e+00 -6.885082971732436885e-01 -5.616363564543256359e-01
4.800000000000000711e+00 -6.267578456707922907e-01 -6.049606084531178318e-01
4.900000000000000355e+00 -5.675161754826201221e-01 -5.927935887652311386e-01
5.000000000000000000e+00 -5.081991279177460186e-01 -5.350184041187717732e-01
5.099999999999999645e+00 -4.605124946588657342e-01 -4.375146463339425473e-01
5.200000000000000178e+00 -4.206961986509575313e-01 -3.749673151394603554e-01
5.299999999999999822e+00 -3.855190316309736742e-01 -2.597054130277962614e-01
5.400000000000000355e+00 -3.687551160453982901e-01 -1.672121744874701665e-01
5.500000000000000000e+00 -3.520765967334796298e-01 -1.179775120779826825e-01
5.599999999999999645e+00 -3.451596136298017425e-01 -7.033282432963350317e-02
5.699999999999999289e+00 -3.380100318675529625e-01 -4.428351093126847715e-02
5.799999999999999822e+00 -3.363029114435480693e-01 -5.466299612601788205e-02
5.899999999999999467e+00 -3.270774326423493417e-01 -7.467804125073151944e-02
6.000000000000000000e+00 -3.213673031934017321e-01 -7.145764705921298088e-02
6.099999999999999645e+00 -3.127859032305067566e-01 -1.147866738083671567e-01
6.199999999999999289e+00 -2.984099684317282897e-01 -1.245343990606861961e-01
6.300000000000000711e+00 -2.878790234183695174e-01 -1.032698220954373358e-01
6.400000000000000355e+00 -2.777560040126408336e-01 -1.293061716351424639e-01
6.500000000000000000e+00 -2.620177890913410468e-01 -1.056463677918555444e-01
6.600000000000000533e+00 -2.566267304542697025e-01 -7.476336387093573954e-02
6.700000000000000178e+00 -2.470651163171538878e-01 -2.813761407410075854e-02
6.799999999999999822e+00 -2.509992076394495508e-01 -1.162923570903551251e-02
6.899999999999999467e+00 -2.447392691753467742e-01 -2.465150645059344114e-02
7.000000000000000000e+00 -2.460689063493308737e-01 -3.403146826280734061e-03
7.099999999999999645e+00 -2.440586398100906274e-01 -2.833538943055913251e-02
7.199999999999999289e+00 -2.404018284632190583e-01 -3.173207051486626185e-02
7.299999999999998934e+00 -2.377122257071173639e-01 -4.618461279215102522e-02
7.400000000000000355e+00 -2.311649059047888588e-01 -6.622450176387917331e-02
7.500000000000000000e+00 -2.244673253543415514e-01 -5.845034836607743145e-02
7.599999999999999645e+00 -2.194748362315733781e-01 -5.917655047714087679e-02
7.699999999999999289e+00 -2.126320152589133705e-01 -3.451960858629310458e-02
7.800000000000000711e+00 -2.125709145143147571e-01 -2.864237639415057046e-02
7.900000000000000355e+00 -2.069035399800832620e-01 -3.368151712746758619e-02
8.000000000000000000e+00 -2.058346110888212288e-01 -3.201203799102358971e-02
8.100000000000001421e+00 -2.005011323818785274e-01 -4.407474682863510296e-02
8.199999999999999289e+00 -1.970196617230942082e-01 -4.577158375592738082e-02
8.300000000000000711e+00 -1.913468156306930568e-01 -3.134984912005867042e-02
8.399999999999998579e+00 -1.907496918990824741e-01 9.205590329216528644e-04
8.500000000000000000e+00 -1.915309274372773984e-01 -2.217856930741235466e-02
8.599999999999999645e+00 -1.863139780375999977e-01 -7.124670360556484283e-02
8.699999999999999289e+00 -1.772815867161644243e-01 -7.492801660915227036e-02
8.799999999999998934e+00 -1.713283747157695602e-01 -7.364105891282590743e-02
8.900000000000000355e+00 -1.625533749335992262e-01 -9.598309817680394929e-02
9.000000000000000000e+00 -1.521317550804087704e-01 -1.050277956700009785e-01
9.099999999999999645e+00 -1.415478157995990471e-01 -1.085577591004643905e-01
9.199999999999999289e+00 -1.304202032603158645e-01 -1.187139814167588181e-01
9.300000000000000711e+00 -1.178050195162472780e-01 -1.102347622390933424e-01
9.400000000000000355e+00 -1.083732508124972127e-01 -1.085397417588634950e-01
9.500000000000000000e+00 -9.609707116447457897e-02 -1.243459120172862864e-01
9.600000000000001421e+00 -8.350406840903995542e-02 -1.378638329297953158e-01
9.699999999999999289e+00 -6.852430457851550749e-02 -1.256544235557317535e-01
9.800000000000000711e+00 -5.837318369789359918e-02 -1.155531480345499962e-01
9.899999999999998579e+00 -4.541367497160550548e-02 -1.078159082648032646e-01
1.000000000000000000e+01 -3.681000204493294070e-02 -9.432921668868871068e-02
1.009999999999999964e+01 -2.654783163386776473e-02 -1.011513635954300327e-01
1.019999999999999929e+01 -1.657972932584693068e-02 -1.009363902865414719e-01
1.029999999999999893e+01 -6.360553576559468264e-03 -8.727943239812499532e-02
1.040000000000000036e+01 8.761571537780669071e-04 -6.494950476482869162e-02
1.050000000000000000e+01 6.629347376406272314e-03 -3.463697321315625799e-02
1.059999999999999964e+01 7.803551796409318418e-03 -7.696376430914669831e-03
1.069999999999999929e+01 8.168622662589206107e-03 -2.146759945762521937e-04
1.080000000000000071e+01 7.846486995324569030e-03 2.069809526855494880e-02
1.090000000000000036e+01 4.029003608878216694e-03 2.520227547765069298e-02
1.100000000000000000e+01 2.806031899794430001e-03 -1.752780348213932304e-04
1.109999999999999964e+01 4.064059215842494993e-03 -2.047923131415730486e-02
1.119999999999999929e+01 6.901878162625891232e-03 -1.097029399854550571e-02
1.130000000000000071e+01 6.258118015551596483e-03 4.738428623508449122e-03
1.139999999999999858e+01 5.954192437924200887e-03 -2.239522007550454052e-03
1.150000000000000000e+01 6.706022417061687120e-03 2.381157260746745441e-03
1.159999999999999964e+01 5.477960985774851972e-03 2.255631843551225008e-02
1.169999999999999929e+01 2.194758729959236498e-03 2.585104173155676824e-02
1.179999999999999893e+01 3.077526394634981077e-04 1.084116058213369614e-02
1.190000000000000036e+01 2.652661353249744023e-05 1.538763197317490321e-03
1.200000000000000000e+01 0.000000000000000000e+00 2.652661353249743752e-04
