0.000000000000000000e+00 5.992216452425691386e+01 2.008165197704147431e+01
1.000000000000000056e-01 5.791399932655276928e+01 2.008165197704136062e+01
2.000000000000000111e-01 5.590583412884864600e+01 2.008165197704136062e+01
3.000000000000000444e-01 5.389766893114449431e+01 2.008165197704136062e+01
4.000000000000000222e-01 5.188950373344037104e+01 2.008165197704130378e+01
5.000000000000000000e-01 4.988133853573623355e+01 2.008165197704136062e+01
6.000000000000000888e-01 4.787317333803210317e+01 2.008165197704138905e+01
6.999999999999999556e-01 4.586500814032795859e+01 2.008165197704136062e+01
8.000000000000000444e-01 4.385684294262382821e+01 2.008165197704136062e+01
8.999999999999999112e-01 4.184867774491968362e+01 2.008165197704136062e+01
1.000000000000000000e+00 3.984051254721555324e+01 2.008165197704136062e+01
1.099999999999999867e+00 3.783234734951141576e+01 2.008165197704138905e+01
1.200000000000000178e+00 3.582418215180727827e+01 2.008165197704136062e+01
1.300000000000000044e+00 3.381601695410314079e+01 2.008165197704136062e+01
1.399999999999999911e+00 3.180785175639900331e+01 2.008165197704136062e+01
1.500000000000000000e+00 2.979968655869486938e+01 2.008165197704136062e+01
1.600000000000000089e+00 2.779152136099073189e+01 2.008165197704133220e+01
1.699999999999999956e+00 2.578335616328660151e+01 2.008165197704134641e+01
1.799999999999999822e+00 2.377519096558246403e+01 2.008165197704137483e+01
1.899999999999999911e+00 2.176702576787832655e+01 2.008165197704136062e+01
2.000000000000000000e+00 1.975886057017419262e+01 2.008165197704136062e+01
2.099999999999999645e+00 1.775069537247005513e+01 2.008165197704134641e+01
2.199999999999999734e+00 1.574253017476592120e+01 2.008165197704134641e+01
2.299999999999999822e+00 1.373436497706178550e+01 2.008165197704139615e+01
2.400000000000000355e+00 1.172619977935764268e+01 2.008165197704139615e+01
2.500000000000000000e+00 9.718034581653505199e+00 2.008165197704135352e+01
2.600000000000000089e+00 7.709869383949371269e+00 2.008165197704135352e+01
2.700000000000000178e+00 5.701704186245234673e+00 2.008165197704136062e+01
2.799999999999999822e+00 3.693538988541098522e+00 2.034495776303381831e+01
2.899999999999999911e+00 1.632712633638471189e+00 1.356840182893795799e+01
3.000000000000000000e+00 9.798586227535071025e-01 5.729328026548307307e+00
3.099999999999999645e+00 4.868470283288097722e-01 4.376504638394758118e+00
3.200000000000000178e+00 1.045576950745554790e-01 3.475227781013507045e+00
3.300000000000000266e+00 -2.081985278738917033e-01 2.841822514270944122e+00
3.399999999999999911e+00 -4.638068077796333455e-01 2.350795444684720348e+00
3.500000000000000000e+00 -6.783576168108358395e-01 1.941110621146006743e+00
3.599999999999999645e+00 -8.520289320088347829e-01 1.606701525136717379e+00
3.700000000000000178e+00 -9.996979218381792931e-01 1.372745195928842143e+00
3.799999999999999822e+00 -1.126577971194603123e+00 1.179068941128967651e+00
3.900000000000000355e+00 -1.235511710063972757e+00 1.014549696759535991e+00
4.000000000000000000e+00 -1.329487910546510498e+00 8.401713128231369510e-01
4.099999999999999645e+00 -1.403545972628600147e+00 6.333517976120885962e-01
4.199999999999999289e+00 -1.456158270068928173e+00 4.476715682390706164e-01
4.299999999999999822e+00 -1.493080286276414315e+00 2.929693939865085639e-01
4.399999999999999467e+00 -1.514752148866229886e+00 1.513372211900296804e-01
4.500000000000000000e+00 -1.523347730514420295e+00 -1.981185304923638313e-02
4.599999999999999645e+00 -1.510789778256382609e+00 -2.098081684917385559e-01
4.700000000000000178e+00 -1.481386096816072584e+00 -3.559402269953331199e-01
4.800000000000000711e+00 -1.439601732857315852e+00 -4.319520006426644798e-01
4.900000000000000355e+00 -1.394995696687539644e+00 -4.465043345496155780e-01
5.000000000000000000e+00 -1.350300865947392737e+00 -4.591941264826280289e-01
5.099999999999999645e+00 -1.303156871391013993e+00 -4.792778518482156969e-01
5.200000000000000178e+00 -1.254445295577749642e+00 -4.788894143099158285e-01
5.299999999999999822e+00 -1.207378988529030917e+00 -4.536282382775302935e-01
5.400000000000000355e+00 -1.163719647922243583e+00 -4.294348163808878738e-01
5.500000000000000000e+00 -1.121492025252853297e+00 -4.268289462057284211e-01
5.599999999999999645e+00 -1.078353858681097899e+00 -4.335310184281668811e-01
5.699999999999999289e+00 -1.034785821567219877e+00 -4.399929825481079249e-01
5.799999999999999822e+00 -9.903552621714762916e-01 -4.363055856960516010e-01
5.899999999999999467e+00 -9.475247044280096231e-01 -4.386735606247968988e-01
6.000000000000000000e+00 -9.026205500465169784e-01 -4.363142096563770167e-01
6.099999999999999645e+00 -8.602618624967341976e-01 -4.341859435118493593e-01
6.199999999999999289e+00 -8.157833613441470844e-01 -4.566905027878380707e-01
6.300000000000000711e+00 -7.689237619391665612e-01 -4.620896327136274628e-01
6.400000000000000355e+00 -7.233654348014215696e-01 -4.486778008958265396e-01
6.500000000000000000e+00 -6.791882017600012755e-01 -4.362580608770136870e-01
6.600000000000000533e+00 -6.361138226260187878e-01 -4.231277959865420435e-01
6.700000000000000178e+00 -5.945626425626928668e-01 -3.829749195954961216e-01
6.799999999999999822e+00 -5.595188387069195413e-01 -3.438455082704421351e-01
6.899999999999999467e+00 -5.257935409086044176e-01 -3.190467205835090247e-01
7.000000000000000000e+00 -4.957094945902177918e-01 -2.733729190448328517e-01
7.099999999999999645e+00 -4.711189570996378584e-01 -2.367821322113425886e-01
7.199999999999999289e+00 -4.483530681479492852e-01 -2.174246748225083792e-01
7.299999999999998934e+00 -4.276340221351361826e-01 -2.041935627601869641e-01
7.400000000000000355e+00 -4.075143555959118702e-01 -1.669593342916031453e-01
7.500000000000000000e+00 -3.942421552768155535e-01 -1.194218506120605650e-01
7.599999999999999645e+00 -3.836299854734997461e-01 -9.285675488596289995e-02
7.699999999999999289e+00 -3.756708042996229624e-01 -5.632004655552269590e-02
7.800000000000000711e+00 -3.723659761623951958e-01 -3.391328788156666718e-02
7.900000000000000355e+00 -3.688881467233096068e-01 -3.566986393532123323e-02
8.000000000000000000e+00 -3.652320033753309603e-01 -2.670386803562019296e-02
8.100000000000001421e+00 -3.635473731161855682e-01 -1.290190292563786478e-02
8.199999999999999289e+00 -3.626516227902034095e-01 -6.266108763821387484e-03
8.300000000000000711e+00 -3.622941513634213018e-01 2.955866461344935914e-03
8.399999999999998579e+00 -3.632427960824723967e-01 1.815849279051717780e-02
8.500000000000000000e+00 -3.659258499215247706e-01 2.541495699952256437e-02
8.599999999999999645e+00 -3.683257874823768763e-01 2.446739370035722061e-02
8.699999999999999289e+00 -3.708193286615961703e-01 2.897216032486871207e-02
8.799999999999998934e+00 -3.741202195473506409e-01 2.882580474925933167e-02
8.900000000000000355e+00 -3.765844896114480811e-01 1.644645434379610194e-02
9.000000000000000000e+00 -3.774095104161098724e-01 4.784909157219630060e-03
9.099999999999999645e+00 -3.775414714428919627e-01 -6.929578679312209388e-03
9.199999999999999289e+00 -3.760235946802474305e-01 -1.738181583283604503e-02
9.300000000000000711e+00 -3.740651082763247759e-01 -2.527769123698919707e-02
9.400000000000000355e+00 -3.709680564328495800e-01 -4.126957032267752901e-02
9.500000000000000000e+00 -3.658111942117892590e-01 -6.002199032851440741e-02
9.600000000000001421e+00 -3.589636583671467207e-01 -6.814247403754825072e-02
9.699999999999999289e+00 -3.521826994042795977e-01 -7.002981356456117190e-02
9.800000000000000711e+00 -3.449576956542344530e-01 -8.285694686398459297e-02
9.899999999999998579e+00 -3.356113100314827014e-01 -1.079073056546959730e-01
1.000000000000000000e+01 -3.233762345232952806e-01 -1.328554680162254975e-01
1.009999999999999964e+01 -3.090402164282375908e-01 -1.444089613913561720e-01
1.019999999999999929e+01 -2.944944422450240240e-01 -1.469998078122698448e-01
1.029999999999999893e+01 -2.796402548657836440e-01 -1.636430448160808293e-01
1.040000000000000036e+01 -2.617658332818078581e-01 -1.790172434232706333e-01
1.050000000000000000e+01 -2.438368061811294896e-01 -1.828490246882816805e-01
1.059999999999999964e+01 -2.251960283441515331e-01 -1.840125008691086972e-01
1.069999999999999929e+01 -2.070343060073077668e-01 -1.790291714154720326e-01
1.080000000000000071e+01 -1.893901940610571155e-01 -1.954349257079018853e-01
1.090000000000000036e+01 -1.679473208657273897e-01 -2.387056414734051168e-01
1.100000000000000000e+01 -1.416490657663760921e-01 -2.669602998549827078e-01
1.109999999999999964e+01 -1.145552608947308371e-01 -2.630599871148286417e-01
1.119999999999999929e+01 -8.903706834341035270e-02 -2.456399839077818559e-01
1.130000000000000071e+01 -6.542726411317445478e-02 -2.218242659678913709e-01
1.139999999999999858e+01 -4.467221514983207853e-02 -1.841098500654070325e-01
1.150000000000000000e+01 -2.860529410009304829e-02 -1.401842233137117200e-01
1.159999999999999964e+01 -1.663537048708973315e-02 -1.312835102261748488e-01
1.169999999999999929e+01 -2.348592054858081660e-03 -8.216363739950940936e-02
1.179999999999999893e+01 -2.026430071878504305e-04 -1.165321275661489187e-02
1.190000000000000036e+01 -1.794950353510278455e-05 -1.013215035939252044e-03
1.200000000000000000e+01 0.000000000000000000e+00 -1.794950353510278251e-04
