0.000000000000000000e+00 7.485932196016453588e+01 2.133763725351684570e+01
1.000000000000000056e-01 7.272555823481285131e+01 2.133699713720159252e+01
2.000000000000000111e-01 7.059192253272421169e+01 2.133699713720153568e+01
3.000000000000000444e-01 6.845815880737254133e+01 2.133763725351684570e+01
4.000000000000000222e-01 6.632439508202084255e+01 2.133699713720159252e+01
5.000000000000000000e-01 6.419075937993221714e+01 2.133699713720159252e+01
6.000000000000000888e-01 6.205699565458052547e+01 2.133763725351695939e+01
6.999999999999999556e-01 5.992323192922882669e+01 2.133699713720164937e+01
8.000000000000000444e-01 5.778959622714019417e+01 2.133699713720159252e+01
8.999999999999999112e-01 5.565583250178850960e+01 2.133763725351690255e+01
1.000000000000000000e+00 5.352206877643681082e+01 2.133699713720159252e+01
1.099999999999999867e+00 5.138843307434819252e+01 2.133699713720156410e+01
1.200000000000000178e+00 4.925466934899650084e+01 2.133763725351690255e+01
1.300000000000000044e+00 4.712090562364480917e+01 2.133699713720162094e+01
1.399999999999999911e+00 4.498726992155617666e+01 2.133699713720159252e+01
1.500000000000000000e+00 4.285350619620449208e+01 2.133763725351687413e+01
1.600000000000000089e+00 4.071974247085280041e+01 2.133699713720162094e+01
1.699999999999999956e+00 3.858610676876416790e+01 2.133699713720159252e+01
1.799999999999999822e+00 3.645234304341248333e+01 2.133763725351684570e+01
1.899999999999999911e+00 3.431857931806079876e+01 2.133699713720162094e+01
2.000000000000000000e+00 3.218494361597215914e+01 2.133699713720162094e+01
2.099999999999999645e+00 3.005117989062047457e+01 2.133763725351690255e+01
2.199999999999999734e+00 2.791741616526877579e+01 2.133699713720162094e+01
2.299999999999999822e+00 2.578378046318015038e+01 2.133699713720160673e+01
2.400000000000000355e+00 2.365001673782845515e+01 2.133763725351688834e+01
2.500000000000000000e+00 2.151625301247677058e+01 2.133699713720160673e+01
2.600000000000000089e+00 1.938261731038813451e+01 2.133699713720160673e+01
2.700000000000000178e+00 1.724885358503644994e+01 2.133763725351685991e+01
2.799999999999999822e+00 1.511508985968476182e+01 2.133699713720162094e+01
2.899999999999999911e+00 1.298145415759612575e+01 2.133699713720161384e+01
3.000000000000000000e+00 1.084769043224443941e+01 2.133763725351685991e+01
3.099999999999999645e+00 8.713926706892753060e+00 2.133699713720157121e+01
3.200000000000000178e+00 6.580291004804124100e+00 2.663488344730075852e+01
3.300000000000000266e+00 3.386950017432600823e+00 2.032617056709489489e+01
3.399999999999999911e+00 2.515056891385145210e+00 6.964754338181721849e+00
3.500000000000000000e+00 1.993999149796256365e+00 4.852052546846021386e+00
3.599999999999999645e+00 1.544646382015940844e+00 4.173487154507655283e+00
3.700000000000000178e+00 1.159301718894725219e+00 3.526104326628400010e+00
3.799999999999999822e+00 8.394255166902608867e-01 2.908780516498078228e+00
3.900000000000000355e+00 5.775456155951096404e-01 2.372797844949450230e+00
4.000000000000000000e+00 3.648659477003708407e-01 1.933481784001284565e+00
4.099999999999999645e+00 1.908492587948526775e-01 1.567511874342993661e+00
4.199999999999999289e+00 5.136357283177211269e-02 1.246532756739318959e+00
4.299999999999999822e+00 -5.845729255301110316e-02 9.610618474149424939e-01
4.399999999999999467e+00 -1.408487966512163847e-01 6.887701335090130605e-01
4.500000000000000000e+00 -1.962113192548137208e-01 4.331151207148914439e-01
4.599999999999999645e+00 -2.274718207941947012e-01 2.412982817564303106e-01
4.700000000000000178e+00 -2.444709756060997885e-01 1.041699691287438778e-01
4.800000000000000711e+00 -2.483058146199434713e-01 -8.343579802235767673e-03
4.900000000000000355e+00 -2.428022596456526350e-01 -1.162962570163321718e-01
5.000000000000000000e+00 -2.250465632166770424e-01 -1.985306894843605896e-01
5.099999999999999645e+00 -2.030961217487805281e-01 -2.310126565094753337e-01
5.200000000000000178e+00 -1.788440319147819590e-01 -2.392396456523673276e-01
5.299999999999999822e+00 -1.552481926183070515e-01 -2.392304764735766476e-01
5.400000000000000355e+00 -1.309979366200666184e-01 -2.376011526562301635e-01
5.500000000000000000e+00 -1.077279620870610216e-01 -2.409258539397310939e-01
5.599999999999999645e+00 -8.281276583212041076e-02 -2.140548945679385251e-01
5.699999999999999289e+00 -6.491698317347331659e-02 -1.365422783180406663e-01
5.799999999999999822e+00 -5.550431016851227473e-02 -6.504082337360583832e-02
5.899999999999999467e+00 -5.190881849875214615e-02 -3.685206469416371644e-02
6.000000000000000000e+00 -4.813389722967953421e-02 3.033683516172358541e-02
6.099999999999999645e+00 -5.797618553109686046e-02 1.286262130432009043e-01
6.199999999999999289e+00 -7.385913983831970953e-02 1.895444731700807739e-01
6.300000000000000711e+00 -9.588508016511301801e-02 2.368302488275898510e-01
6.400000000000000355e+00 -1.212251896038376853e-01 2.469686852130980048e-01
6.500000000000000000e+00 -1.452788172077326134e-01 2.303948886966193932e-01
6.600000000000000533e+00 -1.673041673431615584e-01 2.114163924931286020e-01
6.700000000000000178e+00 -1.875620957063583449e-01 2.027613573172636352e-01
6.799999999999999822e+00 -2.078564388066143076e-01 1.770478069004738364e-01
6.899999999999999467e+00 -2.229716570864531122e-01 1.294181313505522457e-01
7.000000000000000000e+00 -2.337400650767247345e-01 1.146835652976534448e-01
7.099999999999999645e+00 -2.459083701459837956e-01 1.119083448659137225e-01
7.199999999999999289e+00 -2.561217340499075124e-01 9.679231557435352684e-02
7.299999999999998934e+00 -2.652668332608544843e-01 7.046925534714509887e-02
7.400000000000000355e+00 -2.702155851193365210e-01 2.996829612894158501e-02
7.500000000000000000e+00 -2.712604924866428013e-01 -1.566004556733213704e-02
7.599999999999999645e+00 -2.670835760058700714e-01 -6.116689056269408731e-02
7.699999999999999289e+00 -2.590271143741040283e-01 -9.113469059826595497e-02
7.800000000000000711e+00 -2.488566378862168971e-01 -1.213969924405478018e-01
7.900000000000000355e+00 -2.347477158859944402e-01 -1.502637863261677698e-01
8.000000000000000000e+00 -2.188038806209833265e-01 -1.595984377437795754e-01
8.100000000000001421e+00 -2.028280283372385362e-01 -1.632724407196990413e-01
8.199999999999999289e+00 -1.861493924770435404e-01 -1.661388381558326355e-01
8.300000000000000711e+00 -1.696002607060720091e-01 -1.709839575492240193e-01
8.399999999999998579e+00 -1.519526009671987310e-01 -1.779843887787121437e-01
8.500000000000000000e+00 -1.340033829503295693e-01 -1.821406688114740602e-01
8.599999999999999645e+00 -1.155244672049039051e-01 -1.860629255454057662e-01
8.699999999999999289e+00 -9.679079784124841601e-02 -1.796319974464800073e-01
8.799999999999998934e+00 -7.959806771560790084e-02 -1.612881092397654981e-01
8.900000000000000355e+00 -6.453317599329531917e-02 -1.520952208391156135e-01
9.000000000000000000e+00 -4.917902354778477814e-02 -1.463661608576981021e-01
9.099999999999999645e+00 -3.525994382175570013e-02 -1.321284360792494006e-01
9.199999999999999289e+00 -2.275333633193489871e-02 -1.172788851241987618e-01
9.300000000000000711e+00 -1.180416679691594257e-02 -9.911176604589765071e-02
9.400000000000000355e+00 -2.930983122755368656e-03 -7.918810650921695449e-02
9.500000000000000000e+00 4.033454504927448496e-03 -6.182708149741317216e-02
9.600000000000001421e+00 9.434433176727267251e-03 -4.524889120844484414e-02
9.699999999999999289e+00 1.308323274661641646e-02 -3.442414452352379750e-02
9.800000000000000711e+00 1.631926208143202536e-02 -2.445128519918697563e-02
9.899999999999998579e+00 1.797348978645381054e-02 -1.602008066142418530e-02
1.000000000000000000e+01 1.952327821371686520e-02 -2.341301025386197110e-03
1.009999999999999964e+01 1.844174999153105204e-02 1.392477725683008427e-02
1.019999999999999929e+01 1.673832276235084557e-02 2.254635596111573270e-02
1.029999999999999893e+01 1.393247879930790446e-02 3.792303140605727402e-02
1.040000000000000036e+01 9.153716481139391459e-03 5.686627633326158532e-02
1.050000000000000000e+01 2.559223532655587399e-03 7.723622389890366646e-02
1.059999999999999964e+01 -6.293528298641342181e-03 8.435431399061270319e-02
1.069999999999999929e+01 -1.431163926546695324e-02 7.645433923496625095e-02
1.080000000000000071e+01 -2.158439614563459341e-02 7.199573746911747119e-02
1.090000000000000036e+01 -2.871078675929044852e-02 5.658125328310695257e-02
1.100000000000000000e+01 -3.290064680225598254e-02 2.405935823942451091e-02
1.109999999999999964e+01 -3.352265840717535278e-02 -1.214659480428650906e-02
1.119999999999999929e+01 -3.047132784139868281e-02 -4.041978268354279313e-02
1.130000000000000071e+01 -2.543870187046678999e-02 -5.079005565727662264e-02
1.139999999999999858e+01 -2.031331670994335897e-02 -5.581568872328911135e-02
1.150000000000000000e+01 -1.427556412580896841e-02 -5.981154520988138379e-02
1.159999999999999964e+01 -8.351007667967081521e-03 -6.827906219373285068e-02
1.169999999999999929e+01 -6.197516870623987102e-04 -4.172420988425389748e-02
1.179999999999999893e+01 -6.165691116301578949e-06 -3.093650093751290457e-03
1.190000000000000036e+01 -1.021668312140655043e-06 -3.082845558150789305e-05
1.200000000000000000e+01 0.000000000000000000e+00 -1.021668312140655043e-05
