0.000000000000000000e+00 2.472771283498539674e+01 6.450972128841669928e+00
1.000000000000000056e-01 2.408261562210122975e+01 6.450972128841641506e+00
2.000000000000000111e-01 2.343751840921706986e+01 6.450972128841613085e+00
3.000000000000000444e-01 2.279242119633290997e+01 6.450972128841613085e+00
4.000000000000000222e-01 2.214732398344874653e+01 6.450972128841613085e+00
5.000000000000000000e-01 2.150222677056458664e+01 6.450972128841613085e+00
6.000000000000000888e-01 2.085712955768042320e+01 6.450972128841641506e+00
6.999999999999999556e-01 2.021203234479625621e+01 6.450972128841613085e+00
8.000000000000000444e-01 1.956693513191210343e+01 6.450972128841613085e+00
8.999999999999999112e-01 1.892183791902793288e+01 6.450972128841613085e+00
1.000000000000000000e+00 1.827674070614378010e+01 6.450972128841613085e+00
1.099999999999999867e+00 1.763164349325961311e+01 6.450972128841641506e+00
1.200000000000000178e+00 1.698654628037544967e+01 6.450972128841613085e+00
1.300000000000000044e+00 1.634144906749128978e+01 6.450972128841613085e+00
1.399999999999999911e+00 1.569635185460712812e+01 6.450972128841627296e+00
1.500000000000000000e+00 1.505125464172296290e+01 6.450972128841641506e+00
1.600000000000000089e+00 1.440615742883879946e+01 6.450972128841627296e+00
1.699999999999999956e+00 1.376106021595463780e+01 6.450972128841613085e+00
1.799999999999999822e+00 1.311596300307047613e+01 6.450972128841613085e+00
1.899999999999999911e+00 1.247086579018631625e+01 6.450972128841613085e+00
2.000000000000000000e+00 1.182576857730215458e+01 6.450972128841620190e+00
2.099999999999999645e+00 1.118067136441799114e+01 6.450972128841620190e+00
2.199999999999999734e+00 1.053557415153382948e+01 6.450972128841620190e+00
2.299999999999999822e+00 9.890476938649667815e+00 6.450972128841634401e+00
2.400000000000000355e+00 9.245379725765502599e+00 6.450972128841627296e+00
2.500000000000000000e+00 8.600282512881340935e+00 6.450972128841620190e+00
2.600000000000000089e+00 7.955185299997179271e+00 6.450972128841627296e+00
2.700000000000000178e+00 7.310088087113015831e+00 6.450972128841620190e+00
2.799999999999999822e+00 6.664990874228855056e+00 6.450972128841616637e+00
2.899999999999999911e+00 6.019893661344692504e+00 6.450972128841620190e+00
3.000000000000000000e+00 5.374796448460530840e+00 6.450972128841609532e+00
3.099999999999999645e+00 4.729699235576370953e+00 6.450972128841620190e+00
3.200000000000000178e+00 4.084602022692206624e+00 6.450972128841641506e+00
3.300000000000000266e+00 3.439504809808042296e+00 6.450972128841620190e+00
3.399999999999999911e+00 2.794407596923882409e+00 6.450972128841620190e+00
3.500000000000000000e+00 2.149310384039718524e+00 5.550342402328848124e+00
3.599999999999999645e+00 1.684339116458112962e+00 4.157933564296514284e+00
3.700000000000000178e+00 1.317723671180415446e+00 3.336158510588007609e+00
3.799999999999999822e+00 1.017107414340511218e+00 2.755016188553327527e+00
3.900000000000000355e+00 7.667204334697499402e-01 2.293292792426975257e+00
4.000000000000000000e+00 5.584488558551162773e-01 1.906453111107611287e+00
4.099999999999999645e+00 3.854298112482276717e-01 1.583141486546281840e+00
4.199999999999999289e+00 2.418205585458598483e-01 1.316763640818776615e+00
4.299999999999999822e+00 1.220770830844723209e-01 1.096298295525058197e+00
4.399999999999999467e+00 2.256089944084822135e-02 9.096055895890189369e-01
4.500000000000000000e+00 -5.984403483333147755e-02 7.480314248459892790e-01
4.599999999999999645e+00 -1.270453855283496247e-01 6.079643228792843690e-01
4.700000000000000178e+00 -1.814368994091883347e-01 4.865134490033684589e-01
4.800000000000000711e+00 -2.243480753290233443e-01 3.775490860413651673e-01
4.900000000000000355e+00 -2.569467166174613793e-01 2.770069482878079192e-01
5.000000000000000000e+00 -2.797494649865849281e-01 1.869114872779265024e-01
5.099999999999999645e+00 -2.943290140730466797e-01 1.115910210387152102e-01
5.200000000000000178e+00 -3.020676691943279812e-01 4.961580598127102171e-02
5.299999999999999822e+00 -3.042521752693008730e-01 -1.293956256949169159e-03
5.400000000000000355e+00 -3.018088779429381474e-01 -4.167853639240393093e-02
5.500000000000000000e+00 -2.959164679908201090e-01 -7.167577365154520486e-02
5.599999999999999645e+00 -2.874737232126290953e-01 -9.424702260149153688e-02
5.699999999999999289e+00 -2.770670634705217905e-01 -1.126105078093333489e-01
5.799999999999999822e+00 -2.649516216507624145e-01 -1.275105424101112828e-01
5.899999999999999467e+00 -2.515649549884995118e-01 -1.364841972122088354e-01
6.000000000000000000e+00 -2.376547822083206474e-01 -1.372998590635410299e-01
6.099999999999999645e+00 -2.241049831757913058e-01 -1.305096621049433026e-01
6.199999999999999289e+00 -2.115528497873319924e-01 -1.217717833495570723e-01
6.300000000000000711e+00 -1.997506265058799080e-01 -1.151826194112914870e-01
6.400000000000000355e+00 -1.885163259050736950e-01 -1.115577035256689609e-01
6.500000000000000000e+00 -1.774390858007461047e-01 -1.095804895761709474e-01
6.600000000000000533e+00 -1.666002279898395055e-01 -1.071137004860132080e-01
6.700000000000000178e+00 -1.560163457035434742e-01 -1.018466235483095339e-01
6.799999999999999822e+00 -1.462309032801775988e-01 -9.227969708077188304e-02
6.899999999999999467e+00 -1.375604062873890809e-01 -7.926091882115382514e-02
7.000000000000000000e+00 -1.303787195159468171e-01 -6.591644911467176016e-02
7.099999999999999645e+00 -1.243771164644547345e-01 -5.607832789085198666e-02
7.199999999999999289e+00 -1.191630539377764308e-01 -5.141067833460666314e-02
7.299999999999998934e+00 -1.140949807975333991e-01 -4.945788468351397515e-02
7.400000000000000355e+00 -1.092714770010736330e-01 -4.666705813767635380e-02
7.500000000000000000e+00 -1.047615691699981255e-01 -4.216455395050267008e-02
7.599999999999999645e+00 -1.008385662109730907e-01 -3.627413494961201357e-02
7.699999999999999289e+00 -9.750674218007572558e-02 -2.924085425148903461e-02
7.800000000000000711e+00 -9.499039536067528655e-02 -2.200288369965802682e-02
7.900000000000000355e+00 -9.310616544014412022e-02 -1.752445307478595060e-02
8.000000000000000000e+00 -9.148550474571809366e-02 -1.729975388415405657e-02
8.100000000000001421e+00 -8.964621466331330890e-02 -1.988129879111888432e-02
8.199999999999999289e+00 -8.750924498749432234e-02 -2.340709285020514674e-02
8.300000000000000711e+00 -8.496479609327228788e-02 -2.693010792977978962e-02
8.399999999999998579e+00 -8.212322340153836719e-02 -2.969155953980606721e-02
8.500000000000000000e+00 -7.902648418531106611e-02 -3.191217389335493371e-02
8.599999999999999645e+00 -7.574078862286737213e-02 -3.356382212869812864e-02
8.699999999999999289e+00 -7.231371975957144593e-02 -3.435783541527726026e-02
8.799999999999998934e+00 -6.886922153981192563e-02 -3.407638870460255598e-02
8.900000000000000355e+00 -6.549844201865093196e-02 -3.287091005118308873e-02
9.000000000000000000e+00 -6.229503952957530372e-02 -3.116941992381117021e-02
9.099999999999999645e+00 -5.926455803388869237e-02 -2.936999906848225539e-02
9.199999999999999289e+00 -5.642103971587885541e-02 -2.827664953981751106e-02
9.300000000000000711e+00 -5.360922812592519571e-02 -2.825461032445791831e-02
9.400000000000000355e+00 -5.077011765098726759e-02 -2.881305209105128329e-02
9.500000000000000000e+00 -4.784661770771493627e-02 -2.923073404304193934e-02
9.600000000000001421e+00 -4.492397084237888250e-02 -2.887913086564430909e-02
9.699999999999999289e+00 -4.207079153458607307e-02 -2.768416842671997391e-02
9.800000000000000711e+00 -3.938713715703488771e-02 -2.591686807621898514e-02
9.899999999999998579e+00 -3.688741791934227465e-02 -2.410574186753813852e-02
1.000000000000000000e+01 -3.456598878352725585e-02 -2.268985940958906378e-02
1.009999999999999964e+01 -3.234944603742446328e-02 -2.183531596120555363e-02
1.019999999999999929e+01 -3.019892559128614651e-02 -2.164622147814806996e-02
1.029999999999999893e+01 -2.802020174179484929e-02 -2.189865205927155056e-02
1.040000000000000036e+01 -2.581919517943183709e-02 -2.216118720352115712e-02
1.050000000000000000e+01 -2.358796430109061718e-02 -2.208422164277301647e-02
1.059999999999999964e+01 -2.140235085087723380e-02 -2.139626781411602119e-02
1.069999999999999929e+01 -1.930871073826741224e-02 -2.017319195494862716e-02
1.080000000000000071e+01 -1.736771245988750698e-02 -1.884391607199802088e-02
1.090000000000000036e+01 -1.553992752386780876e-02 -1.782137267342802367e-02
1.100000000000000000e+01 -1.380343792520190294e-02 -1.701114790349605305e-02
1.109999999999999964e+01 -1.213769794316859815e-02 -1.632356869272616473e-02
1.119999999999999929e+01 -1.053872418665667034e-02 -1.578198361704379049e-02
1.130000000000000071e+01 -8.981301219759839360e-03 -1.533964560479315897e-02
1.139999999999999858e+01 -7.470795065698038716e-03 -1.475649057360143082e-02
1.150000000000000000e+01 -6.030003105039553370e-03 -1.394915198597159942e-02
1.159999999999999964e+01 -4.680964668503718659e-03 -2.378549676364592053e-02
1.169999999999999929e+01 -1.272903752310368874e-03 -2.284762500109593572e-02
1.179999999999999893e+01 -1.114396682845311898e-04 -6.321422066934147613e-03
1.190000000000000036e+01 -8.619338923539193704e-06 -5.571983414226559491e-04
1.200000000000000000e+01 0.000000000000000000e+00 -8.619338923539193026e-05
