0.000000000000000000e+00 1.807525921927993409e+02 6.867051519793767511e+01
1.000000000000000056e-01 1.738855406730055790e+02 6.867051519793767511e+01
2.000000000000000111e-01 1.670184891532118172e+02 6.867051519793756142e+01
3.000000000000000444e-01 1.601514376334180554e+02 6.867051519793756142e+01
4.000000000000000222e-01 1.532843861136242936e+02 6.867051519793767511e+01
5.000000000000000000e-01 1.464173345938305317e+02 6.867051519793778880e+01
6.000000000000000888e-01 1.395502830740367415e+02 6.867051519793767511e+01
6.999999999999999556e-01 1.326832315542429797e+02 6.867051519793767511e+01
8.000000000000000444e-01 1.258161800344491894e+02 6.867051519793767511e+01
8.999999999999999112e-01 1.189491285146554560e+02 6.867051519793767511e+01
1.000000000000000000e+00 1.120820769948616658e+02 6.867051519793778880e+01
1.099999999999999867e+00 1.052150254750678897e+02 6.867051519793767511e+01
1.200000000000000178e+00 9.834797395527412789e+01 6.867051519793767511e+01
1.300000000000000044e+00 9.148092243548035185e+01 6.867051519793761827e+01
1.399999999999999911e+00 8.461387091568660423e+01 6.867051519793761827e+01
1.500000000000000000e+00 7.774681939589282820e+01 6.867051519793767511e+01
1.600000000000000089e+00 7.087976787609906637e+01 6.867051519793767511e+01
1.699999999999999956e+00 6.401271635630529033e+01 6.867051519793767511e+01
1.799999999999999822e+00 5.714566483651152851e+01 6.867051519793767511e+01
1.899999999999999911e+00 5.027861331671775957e+01 6.867051519793764669e+01
2.000000000000000000e+00 4.341156179692399775e+01 6.867051519793764669e+01
2.099999999999999645e+00 3.654451027713022881e+01 6.867051519793767511e+01
2.199999999999999734e+00 2.967745875733646344e+01 6.867051519793767511e+01
2.299999999999999822e+00 2.281040723754269450e+01 6.867051519793777459e+01
2.400000000000000355e+00 1.594335571774890781e+01 6.867051519793776038e+01
2.500000000000000000e+00 9.076304197955140651e+00 6.867051519793766090e+01
2.600000000000000089e+00 2.209252678161373940e+00 4.106176503645473019e+01
2.700000000000000178e+00 8.639511906641946792e-01 1.007387142781313116e+01
2.799999999999999822e+00 1.944783925987477735e-01 5.218405359305187119e+00
2.899999999999999911e+00 -1.797298811968428278e-01 2.839297712465795875e+00
3.000000000000000000e+00 -3.733811498944114571e-01 1.275755928468169653e+00
3.099999999999999645e+00 -4.348810668904767862e-01 1.276741890720252126e-01
3.200000000000000178e+00 -3.989159877088164774e-01 -6.376189827863827375e-01
3.300000000000000266e+00 -3.073572703332002054e-01 -8.669585601835907429e-01
3.399999999999999911e+00 -2.255242756720983177e-01 -5.285229181493060757e-01
3.500000000000000000e+00 -2.016526867033389958e-01 -2.671663274271818267e-02
3.599999999999999645e+00 -2.201809491235546812e-01 1.552573835414692294e-01
3.700000000000000178e+00 -2.327041634116328306e-01 6.275215547491730383e-02
3.799999999999999822e+00 -2.327313802185381475e-01 1.831295902416751886e-02
3.900000000000000355e+00 -2.363667552164663288e-01 9.313728712617752592e-02
4.000000000000000000e+00 -2.513588376437736471e-01 1.808985637721884920e-01
4.099999999999999645e+00 -2.725464679709040383e-01 2.237414591991837565e-01
4.199999999999999289e+00 -2.961071294836103984e-01 2.302020546447653970e-01
4.299999999999999822e+00 -3.185868788998571510e-01 2.051498856863618325e-01
4.399999999999999467e+00 -3.371371066208828093e-01 1.370098221303563957e-01
4.500000000000000000e+00 -3.459888433259283858e-01 1.606935108349127894e-02
4.599999999999999645e+00 -3.403509768375810318e-01 -1.352781929720074938e-01
4.700000000000000178e+00 -3.189332047315269203e-01 -2.702094691093324119e-01
4.800000000000000711e+00 -2.863090830157145605e-01 -3.511133819220098040e-01
4.900000000000000355e+00 -2.487105283471249262e-01 -3.742055057680369057e-01
5.000000000000000000e+00 -2.114679818621071627e-01 -3.567736803552947755e-01
5.099999999999999645e+00 -1.773557922760659877e-01 -3.183101920164694842e-01
5.200000000000000178e+00 -1.478059434588132603e-01 -2.734877184821293827e-01
5.299999999999999822e+00 -1.226582485796400973e-01 -2.327048381146380462e-01
5.400000000000000355e+00 -1.012649758358856594e-01 -2.022576030665567681e-01
5.500000000000000000e+00 -8.220672796632874646e-02 -1.773564877138070206e-01
5.599999999999999645e+00 -6.579367829312425531e-02 -1.492740973514215530e-01
5.699999999999999289e+00 -5.235190849604443031e-02 -1.164888524364343370e-01
5.799999999999999822e+00 -4.249590780583738236e-02 -8.368098005849614052e-02
5.899999999999999467e+00 -3.561571248434520359e-02 -5.897573774709860550e-02
6.000000000000000000e+00 -3.070076025641765849e-02 -5.059342777740252761e-02
6.099999999999999645e+00 -2.549702692886469946e-02 -5.873214697623445335e-02
6.199999999999999289e+00 -1.895433086117076851e-02 -7.684666994458089206e-02
6.300000000000000711e+00 -1.012769293994852070e-02 -9.530020057097216002e-02
6.400000000000000355e+00 1.057092530236631520e-04 -1.021183367730543884e-01
6.500000000000000000e+00 1.029597441466235941e-02 -8.995292708746153998e-02
6.600000000000000533e+00 1.809629467051597149e-02 -6.117645341621440885e-02
6.700000000000000178e+00 2.253126509790524118e-02 -2.543332645306463358e-02
6.799999999999999822e+00 2.318295996112890167e-02 6.351813974869738311e-03
6.899999999999999467e+00 2.126090230293129282e-02 2.640619023037187041e-02
7.000000000000000000e+00 1.790172191505452412e-02 3.369014290685731772e-02
7.099999999999999645e+00 1.452287372155982963e-02 3.038424394871615253e-02
7.199999999999999289e+00 1.182487312531129570e-02 2.086843201797659864e-02
7.299999999999998934e+00 1.034918731796450990e-02 1.113695693160621225e-02
7.400000000000000355e+00 9.597481738990052899e-03 3.770618411430476380e-03
7.500000000000000000e+00 9.595063635678413583e-03 -1.173369277972131919e-03
7.599999999999999645e+00 9.832155594584479283e-03 -1.045561921807623695e-03
7.699999999999999289e+00 9.804176020039939710e-03 5.119343508268078824e-03
7.800000000000000711e+00 8.808286892930863171e-03 1.351160411223831237e-02
7.900000000000000355e+00 7.101855197592276542e-03 1.943593191874727621e-02
8.000000000000000000e+00 4.921100509181407408e-03 2.268028595797988781e-02
8.100000000000001421e+00 2.565798005996298287e-03 2.538571477880462515e-02
8.199999999999999289e+00 -1.560424465795180293e-04 2.781703707528674144e-02
8.300000000000000711e+00 -2.997609409061050695e-03 2.795998631749898114e-02
8.399999999999998579e+00 -5.748039710079314718e-03 2.527137181966468069e-02
8.500000000000000000e+00 -8.051883772993987526e-03 2.161890888354806722e-02
8.599999999999999645e+00 -1.007182148678892851e-02 1.914111384602916466e-02
8.699999999999999289e+00 -1.188010654219982115e-02 1.869383685650127108e-02
8.799999999999998934e+00 -1.381058885808918169e-02 2.070521080067984354e-02
8.900000000000000355e+00 -1.602114870233578917e-02 2.430919987118350389e-02
9.000000000000000000e+00 -1.867242883232588316e-02 2.678179026370958171e-02
9.099999999999999645e+00 -2.137750675507770620e-02 2.478195982928955987e-02
9.199999999999999289e+00 -2.362882079818379513e-02 1.707489724767309591e-02
9.300000000000000711e+00 -2.479248620461232608e-02 5.272598796555616474e-03
9.400000000000000355e+00 -2.468334055749491981e-02 -6.800972840094454686e-03
9.500000000000000000e+00 -2.343229163659343514e-02 -1.553476976624910966e-02
9.600000000000001421e+00 -2.157638660424509788e-02 -1.913426261445957954e-02
9.699999999999999289e+00 -1.960543911370151923e-02 -1.862512504198002294e-02
9.800000000000000711e+00 -1.785136159584909191e-02 -1.644857265757802833e-02
9.899999999999998579e+00 -1.631572458218591079e-02 -1.488080705879092636e-02
1.000000000000000000e+01 -1.487520018409090733e-02 -1.439312564673513040e-02
1.009999999999999964e+01 -1.343709945283888541e-02 -1.465121920340265588e-02
1.019999999999999929e+01 -1.194495634341037615e-02 -1.532705539731791383e-02
1.029999999999999893e+01 -1.037168837337530333e-02 -1.626145104864065716e-02
1.040000000000000036e+01 -8.692666133682244028e-03 -1.664220549159364793e-02
1.050000000000000000e+01 -7.043247275056573747e-03 -1.603638383568073422e-02
1.059999999999999964e+01 -5.485389366546096664e-03 -1.383165520617961330e-02
1.069999999999999929e+01 -4.276916233820650740e-03 -9.971901825102255645e-03
1.080000000000000071e+01 -3.491009001525645708e-03 -5.560365593069577228e-03
1.090000000000000036e+01 -3.164843115206735294e-03 -1.796968252850604519e-03
1.100000000000000000e+01 -3.131615350955524544e-03 7.432267628994307374e-04
1.109999999999999964e+01 -3.313488467786621355e-03 1.983896998584366855e-03
1.119999999999999929e+01 -3.528394750672398175e-03 2.471608373634481132e-03
1.130000000000000071e+01 -3.807810142513517494e-03 2.987021561807159248e-03
1.139999999999999858e+01 -4.125799063033830198e-03 3.125030816684769286e-03
1.150000000000000000e+01 -4.432816305850471698e-03 1.612975928721824270e-03
1.159999999999999964e+01 -4.448394248778194705e-03 -1.675742155260299959e-02
1.169999999999999929e+01 -1.081331995329870869e-03 -2.154609957588652855e-02
1.179999999999999893e+01 -1.391743336008888492e-04 -5.349928002123461451e-03
1.190000000000000036e+01 -1.134639490517865953e-05 -6.958716680044442189e-04
1.200000000000000000e+01 0.000000000000000000e+00 -1.134639490517865885e-04
