0.000000000000000000e+00 1.867037467725208444e+02 7.083002401811700111e+01
1.000000000000000056e-01 1.796207443707091613e+02 7.083002401811700111e+01
2.000000000000000111e-01 1.725377419688974499e+02 7.083002401811700111e+01
3.000000000000000444e-01 1.654547395670857668e+02 7.083002401811700111e+01
4.000000000000000222e-01 1.583717371652740553e+02 7.083002401811700111e+01
5.000000000000000000e-01 1.512887347634623438e+02 7.083002401811711479e+01
6.000000000000000888e-01 1.442057323616506324e+02 7.083002401811688742e+01
6.999999999999999556e-01 1.371227299598389777e+02 7.083002401811688742e+01
8.000000000000000444e-01 1.300397275580272378e+02 7.083002401811700111e+01
8.999999999999999112e-01 1.229567251562155690e+02 7.083002401811700111e+01
1.000000000000000000e+00 1.158737227544038433e+02 7.083002401811700111e+01
1.099999999999999867e+00 1.087907203525921744e+02 7.083002401811688742e+01
1.200000000000000178e+00 1.017077179507804772e+02 7.083002401811700111e+01
1.300000000000000044e+00 9.462471554896876569e+01 7.083002401811700111e+01
1.399999999999999911e+00 8.754171314715706842e+01 7.083002401811700111e+01
1.500000000000000000e+00 8.045871074534537115e+01 7.083002401811694426e+01
1.600000000000000089e+00 7.337570834353367388e+01 7.083002401811694426e+01
1.699999999999999956e+00 6.629270594172197661e+01 7.083002401811700111e+01
1.799999999999999822e+00 5.920970353991027935e+01 7.083002401811700111e+01
1.899999999999999911e+00 5.212670113809858208e+01 7.083002401811697268e+01
2.000000000000000000e+00 4.504369873628688481e+01 7.083002401811694426e+01
2.099999999999999645e+00 3.796069633447518754e+01 7.083002401811697268e+01
2.199999999999999734e+00 3.087769393266349027e+01 7.083002401811697268e+01
2.299999999999999822e+00 2.379469153085179300e+01 7.083002401811708637e+01
2.400000000000000355e+00 1.671168912904007087e+01 7.083002401811708637e+01
2.500000000000000000e+00 9.628686727228375375e+00 7.083002401811697268e+01
2.600000000000000089e+00 2.545684325416677218e+00 4.226485713849481130e+01
2.700000000000000178e+00 1.175715299529411784e+00 1.030568798666998376e+01
2.799999999999999822e+00 4.845467280826805112e-01 5.425012474938192497e+00
2.899999999999999911e+00 9.071280454177324537e-02 3.019179707816156188e+00
3.000000000000000000e+00 -1.192892134805508264e-01 1.427746826820867510e+00
3.099999999999999645e+00 -1.948365608224002787e-01 2.609264513096871685e-01
3.200000000000000178e+00 -1.714745037424882657e-01 -5.090214263257268890e-01
3.300000000000000266e+00 -9.303227555725489262e-02 -7.424385936352106974e-01
3.399999999999999911e+00 -2.298678501544610536e-02 -4.245574717122511665e-01
3.500000000000000000e+00 -8.120781214804646819e-03 5.144500895715745092e-02
3.599999999999999645e+00 -3.327578680687759416e-02 2.369608745338640243e-01
3.700000000000000178e+00 -5.551295612157745168e-02 1.688427407172965466e-01
3.799999999999999822e+00 -6.704433495033690349e-02 1.316248804038374631e-01
3.900000000000000355e+00 -8.183793220234494847e-02 2.042143149161704807e-01
4.000000000000000000e+00 -1.078871979335710024e-01 3.325345610767359572e-01
4.099999999999999645e+00 -1.483448444176921344e-01 4.815656764482921792e-01
4.199999999999999289e+00 -2.042003332232294466e-01 6.092323118387347192e-01
4.299999999999999822e+00 -2.701913067854390671e-01 6.527977089188850002e-01
4.399999999999999467e+00 -3.347598750070064355e-01 5.741602389952151775e-01
4.500000000000000000e+00 -3.850233545844821137e-01 3.818312249195834340e-01
4.599999999999999645e+00 -4.111261199909231334e-01 1.181729247808118721e-01
4.700000000000000178e+00 -4.086579395406444992e-01 -1.524532246653382828e-01
4.800000000000000711e+00 -3.806354750578554991e-01 -3.666715728749772030e-01
4.900000000000000355e+00 -3.353236249656490475e-01 -4.840985217295572518e-01
5.000000000000000000e+00 -2.838157707119440265e-01 -5.036082178052396774e-01
5.099999999999999645e+00 -2.346019814046011176e-01 -4.643285777588229690e-01
5.200000000000000178e+00 -1.909500551601794327e-01 -4.150272126940315331e-01
5.299999999999999822e+00 -1.515965388657948276e-01 -3.760706852428048474e-01
5.400000000000000355e+00 -1.157359181116184577e-01 -3.400443252637230240e-01
5.500000000000000000e+00 -8.358767381305021171e-02 -2.998472893627169844e-01
5.599999999999999645e+00 -5.576646023907505523e-02 -2.600255940411353994e-01
5.699999999999999289e+00 -3.158255500482311934e-02 -2.228167953894504005e-01
5.799999999999999822e+00 -1.120310116118497686e-02 -1.833880233313466557e-01
5.899999999999999467e+00 5.095049661446209369e-03 -1.405625230988675478e-01
6.000000000000000000e+00 1.690940345858853514e-02 -9.981121182026120309e-02
6.099999999999999645e+00 2.505729202549845241e-02 -6.531823467311878573e-02
6.199999999999999289e+00 2.997305039321229367e-02 -3.687093172913860628e-02
6.300000000000000711e+00 3.243147837132617090e-02 -1.129026163590748921e-02
6.400000000000000355e+00 3.223110272039379082e-02 1.180425819403971288e-02
6.500000000000000000e+00 3.007062673251822971e-02 3.127738004458149867e-02
6.600000000000000533e+00 2.597562671147748969e-02 5.052901703329594485e-02
6.700000000000000178e+00 1.996482332585904074e-02 7.267962300949770693e-02
6.799999999999999822e+00 1.143970210957794692e-02 9.303406114984447139e-02
6.899999999999999467e+00 1.358011095890145114e-03 1.008952651577865178e-01
7.000000000000000000e+00 -8.739350921979359074e-03 8.928224907814100164e-02
7.099999999999999645e+00 -1.649843871973805456e-02 6.066212939713250263e-02
7.199999999999999289e+00 -2.087177680140585995e-02 2.960386774317663727e-02
7.299999999999998934e+00 -2.241921226837338341e-02 9.755781045158298803e-03
7.400000000000000355e+00 -2.282293301043751901e-02 4.250729099047903525e-03
7.500000000000000000e+00 -2.326935808818296481e-02 8.240961090284951163e-03
7.599999999999999645e+00 -2.447112522849451133e-02 1.575752339230457322e-02
7.699999999999999289e+00 -2.642086276664387667e-02 1.812356302845720413e-02
7.800000000000000711e+00 -2.809583783418595146e-02 1.038736186967131880e-02
7.900000000000000355e+00 -2.849833514057814252e-02 -5.327150865019614212e-03
8.000000000000000000e+00 -2.703040766118202862e-02 -2.363156535305603601e-02
8.100000000000001421e+00 -2.377202206996693531e-02 -3.930538958474971700e-02
8.199999999999999289e+00 -1.916932974423208452e-02 -4.751501926714044033e-02
8.300000000000000711e+00 -1.426901821653884551e-02 -4.441507135726482924e-02
8.399999999999998579e+00 -1.028631547277911867e-02 -2.979249352001785839e-02
8.500000000000000000e+00 -8.310519512535273490e-03 -7.669752006700274183e-03
8.599999999999999645e+00 -8.752365071439062796e-03 1.472623220303290875e-02
8.699999999999999289e+00 -1.125576595314185628e-02 2.972364989372638239e-02
8.799999999999998934e+00 -1.469709505018433962e-02 3.442587052608535314e-02
8.900000000000000355e+00 -1.814094005835892656e-02 3.343355799039005039e-02
9.000000000000000000e+00 -2.138380664826235178e-02 3.163824745633200819e-02
9.099999999999999645e+00 -2.446858954962533028e-02 2.892930814432068121e-02
9.199999999999999289e+00 -2.716966827712648594e-02 2.354113756902175003e-02
9.300000000000000711e+00 -2.917681706342967890e-02 1.502671124892809851e-02
9.400000000000000355e+00 -3.017501052691210633e-02 3.542933560046063191e-03
9.500000000000000000e+00 -2.988540377543889154e-02 -9.143739529443140057e-03
9.600000000000001421e+00 -2.834626262102347971e-02 -1.972674990373485260e-02
9.699999999999999289e+00 -2.594005379469192102e-02 -2.693236974166123010e-02
9.800000000000000711e+00 -2.295978867269123092e-02 -3.020295031994660317e-02
9.899999999999998579e+00 -1.989946373070260177e-02 -2.869053384390388151e-02
1.000000000000000000e+01 -1.722168190391045600e-02 -2.462765301227468062e-02
1.009999999999999964e+01 -1.497393312824766426e-02 -2.155743382957339693e-02
1.019999999999999929e+01 -1.291019513799577557e-02 -2.039790932695192960e-02
1.029999999999999893e+01 -1.089435126285727765e-02 -1.979134559649676356e-02
1.040000000000000036e+01 -8.951926018696423556e-03 -1.935948619073769861e-02
1.050000000000000000e+01 -7.022454024709737751e-03 -1.894246961609657304e-02
1.059999999999999964e+01 -5.163432095477107908e-03 -1.784539233729181065e-02
1.069999999999999929e+01 -3.453375557251375100e-03 -1.581629242210866315e-02
1.080000000000000071e+01 -2.000173611055375625e-03 -1.342176498790810697e-02
1.090000000000000036e+01 -7.690225596697535318e-04 -1.096883506928420481e-02
1.100000000000000000e+01 1.935934028014653200e-04 -8.390647567551963101e-03
1.109999999999999964e+01 9.091069538406393053e-04 -5.411775324076840629e-03
1.119999999999999929e+01 1.275948467616833549e-03 -2.106102673618834645e-03
1.130000000000000071e+01 1.330327488564406234e-03 1.148933417177510838e-03
1.139999999999999858e+01 1.046161784181331295e-03 4.114067114574011634e-03
1.150000000000000000e+01 5.075140656496038424e-04 6.017518087796526471e-03
1.159999999999999964e+01 -1.573418333779739401e-04 4.018098477612193180e-03
1.169999999999999929e+01 -2.961056298728347827e-04 -5.544421652516533325e-04
1.179999999999999893e+01 -4.645340032764327899e-05 -1.459348210511437127e-03
1.190000000000000036e+01 -4.235987770547357004e-06 -2.322670016382163949e-04
1.200000000000000000e+01 0.000000000000000000e+00 -4.235987770547356665e-05
