0.000000000000000000e+00 1.656786096887000213e+03 3.054834845418166879e+03
1.000000200000000089e-01 1.375079859815999953e+03 2.579289895993333175e+03
1.999999800000000216e-01 1.140928117688000157e+03 2.143734383659666491e+03
3.000000000000000444e-01 9.463329830840001478e+02 1.781445097240499990e+03
4.000000200000000117e-01 7.846390982400000667e+02 1.480122401763166636e+03
4.999999800000000105e-01 6.503085027320000790e+02 1.229529318767500172e+03
6.000000000000000888e-01 5.387332344870000043e+02 1.021145805947166650e+03
7.000000200000000561e-01 4.460793415420000656e+02 8.478809662416666697e+02
7.999999799999999439e-01 3.691570412380000334e+02 7.038334810738332408e+02
8.999999999999999112e-01 3.053126453280000305e+02 5.840921882916666164e+02
1.000000019999999878e+00 2.523386035800000400e+02 4.845700788846666569e+02
1.099999979999999988e+00 2.083986295510000275e+02 4.018661133155000016e+02
1.200000000000000178e+00 1.719653809170000045e+02 3.331501963245000297e+02
1.300000020000000145e+00 1.417685902860000056e+02 2.760674299461666124e+02
1.399999980000000033e+00 1.167518949280000129e+02 2.286584145440000100e+02
1.500000000000000000e+00 9.603690737700000568e+01 1.892929088378333233e+02
1.600000019999999967e+00 7.889331316000000527e+01 1.566146104084999990e+02
1.699999979999999855e+00 6.471398529500000052e+01 1.294951932008333415e+02
1.799999999999999822e+00 5.299427452000000471e+01 1.069960507618333310e+02
1.900000019999999790e+00 4.331477514300000564e+01 8.833645385166666131e+01
1.999999979999999900e+00 3.532698375000000368e+01 7.286704743449999455e+01
2.099999999999999645e+00 2.874136565599999926e+01 6.004779217416665915e+01
2.200000020000000056e+00 2.331742531500000126e+01 4.942960549733333409e+01
2.299999979999999944e+00 1.885544455700000199e+01 4.063908211683333604e+01
2.400000000000000355e+00 1.518960889200000253e+01 3.336577780583333208e+01
2.500000019999999878e+00 1.218228899500000040e+01 2.735162672866666611e+01
2.599999980000000210e+00 9.719283545999999774e+00 3.525436166966666462e+01
2.700000000000000178e+00 5.131416662000000350e+00 3.368134737700000159e+01
2.800000020000000145e+00 2.983014070000000295e+00 1.988603759733333121e+01
2.899999980000000033e+00 1.154209142000000021e+00 1.006327528083333256e+01
3.000000000000000000e+00 9.703590140000000197e-01 1.937640510666666538e+00
3.100000019999999967e+00 7.666810400000000358e-01 2.036779742833333184e+00
3.199999980000000299e+00 5.630030660000000520e-01 1.221652324833333303e+00
3.300000000000000266e+00 5.223505750000000392e-01 6.315226991666665901e-01
3.400000020000000234e+00 4.366985260000000313e-01 8.997560066666666634e-01
3.499999980000000122e+00 3.423993739999999786e-01 8.899085373333333049e-01
3.599999999999999645e+00 2.587168180000000151e-01 7.767286410000000529e-01
3.700000020000000056e+00 1.870536449999999906e-01 6.888070941666666336e-01
3.799999979999999944e+00 1.209553990000000190e-01 6.402469718333333448e-01
3.900000000000000355e+00 5.900425100000000062e-02 5.885549313333332533e-01
4.000000019999999878e+00 3.244413000000000245e-03 5.294412863333333163e-01
4.099999979999999766e+00 -4.688400600000000584e-02 4.902579118333333374e-01
4.199999999999999289e+00 -9.480716900000001057e-02 4.761400958333333322e-01
4.300000019999999701e+00 -1.421120250000000029e-01 4.603993140000000039e-01
4.399999980000000477e+00 -1.868870320000000085e-01 4.155307153333333559e-01
4.500000000000000000e+00 -2.252181680000000241e-01 3.414880148333333532e-01
4.600000019999999523e+00 -2.551846349999999930e-01 2.708496031666666748e-01
4.699999980000000299e+00 -2.793880890000000061e-01 2.340306645000000130e-01
4.800000000000000711e+00 -3.019907680000000205e-01 2.179443581666666574e-01
4.900000020000000234e+00 -3.229769610000000069e-01 1.866635843333333544e-01
4.999999980000000122e+00 -3.393234849999999803e-01 1.357412230000000219e-01
5.099999999999999645e+00 -3.501252050000000504e-01 8.961856916666666173e-02
5.200000020000000056e+00 -3.572471990000000153e-01 5.858627133333332848e-02
5.299999979999999944e+00 -3.618424600000000324e-01 3.280674783333333705e-02
5.400000000000000355e+00 -3.638085480000000094e-01 7.718538833333333377e-03
5.500000019999999878e+00 -3.633861670000000377e-01 -1.112117016666666625e-02
5.599999979999999766e+00 -3.615843140000000178e-01 -2.410832933333333442e-02
5.699999999999999289e+00 -3.585645010000000354e-01 -3.936996883333333114e-02
5.800000019999999701e+00 -3.537103200000000225e-01 -5.907803616666666702e-02
5.899999980000000477e+00 -3.467488940000000297e-01 -7.671920266666665267e-02
6.000000000000000000e+00 -3.383664800000000250e-01 -8.900741233333332725e-02
6.100000019999999523e+00 -3.289474119999999946e-01 -1.005328383333333325e-01
6.199999980000000299e+00 -3.182599120000000337e-01 -1.119204199999999927e-01
6.300000000000000711e+00 -3.065633280000000238e-01 -1.147895963333333408e-01
6.400000020000000234e+00 -2.953019929999999849e-01 -1.068544003333333353e-01
6.499999980000000122e+00 -2.851924480000000428e-01 -9.985096916666666433e-02
6.600000000000000533e+00 -2.753317990000000437e-01 -1.047163220000000006e-01
6.700000020000000944e+00 -2.642491829999999986e-01 -1.188453933333333268e-01
6.799999979999999056e+00 -2.515627200000000174e-01 -1.294464516666666565e-01
6.899999999999999467e+00 -2.383598929999999894e-01 -1.287504485000000032e-01
7.000000019999999878e+00 -2.258126310000000414e-01 -1.233667836666666601e-01
7.099999979999999766e+00 -2.136865359999999825e-01 -1.230450526666666683e-01
7.199999999999999289e+00 -2.012036199999999997e-01 -1.258059021666666499e-01
7.300000019999999701e+00 -1.885253560000000050e-01 -1.216669941666666671e-01
7.399999980000000477e+00 -1.768702210000000219e-01 -1.098076439999999959e-01
7.500000000000000000e+00 -1.665638270000000254e-01 -1.041070008333333380e-01
7.600000019999999523e+00 -1.560488210000000042e-01 -1.123855801666666654e-01
7.699999980000000299e+00 -1.440867110000000062e-01 -1.237819701666666716e-01
7.800000000000000711e+00 -1.312924269999999893e-01 -1.254985543333333176e-01
7.900000020000000234e+00 -1.189870000000000094e-01 -1.167196696666666644e-01
7.999999980000000122e+00 -1.079484930000000065e-01 -1.037811543333333336e-01
8.100000000000001421e+00 -9.823076899999999556e-02 -9.274715216666666595e-02
8.200000020000000944e+00 -8.939906300000000083e-02 -8.622705699999999585e-02
8.299999979999999056e+00 -8.098535800000000728e-02 -8.347887283333332853e-02
8.399999999999998579e+00 -7.270328800000000480e-02 -8.104396666666666138e-02
8.500000019999999878e+00 -6.477656499999999429e-02 -7.455902383333333494e-02
8.599999979999999766e+00 -5.779148300000000460e-02 -6.393439783333332294e-02
8.699999999999999289e+00 -5.198968500000000076e-02 -5.385103499999999849e-02
8.800000019999998813e+00 -4.702127600000000074e-02 -4.811366216666666806e-02
8.899999980000000477e+00 -4.236695300000000580e-02 -4.611939016666666974e-02
9.000000000000000000e+00 -3.779739800000000288e-02 -4.414419616666666324e-02
9.100000019999999523e+00 -3.353811300000000134e-02 -3.929327233333333724e-02
9.199999980000001187e+00 -2.993874400000000324e-02 -3.189702500000000246e-02
9.300000000000000711e+00 -2.715870800000000015e-02 -2.365045350000000157e-02
9.400000020000000234e+00 -2.520865299999999753e-02 -1.562952583333333464e-02
9.499999980000000122e+00 -2.403280300000000189e-02 -9.553201000000000748e-03
9.600000000000001421e+00 -2.329801300000000283e-02 -7.059310333333333222e-03
9.700000020000000944e+00 -2.262094100000000205e-02 -6.896008333333332636e-03
9.799999979999999056e+00 -2.191881099999999985e-02 -7.140460166666666962e-03
9.899999999999998579e+00 -2.119284899999999972e-02 -7.436921499999999720e-03
1.000000001999999988e+01 -2.043142700000000200e-02 -6.825390166666666335e-03
1.009999997999999977e+01 -1.982777100000000098e-02 -4.613617999999999886e-03
1.019999999999999929e+01 -1.950870300000000224e-02 -2.696287333333333060e-03
1.030000001999999881e+01 -1.928851400000000313e-02 -3.024660499999999932e-03
1.039999998000000048e+01 -1.890377099999999977e-02 -5.174062333333333263e-03
1.050000000000000000e+01 -1.825370100000000065e-02 -7.341666000000000164e-03
1.060000001999999952e+01 -1.743543800000000102e-02 -8.519846666666665638e-03
1.069999998000000119e+01 -1.654973200000000103e-02 -9.226696833333332404e-03
1.080000000000000071e+01 -1.559009899999999962e-02 -1.007299700000000020e-02
1.090000002000000023e+01 -1.453513200000000095e-02 -1.092251733333333280e-02
1.099999998000000012e+01 -1.340559500000000105e-02 -1.141320866666666739e-02
1.110000000000000142e+01 -1.225249100000000077e-02 -1.141646266666666507e-02
1.120000002000000094e+01 -1.112230300000000005e-02 -1.140146766666666651e-02
1.129999997999999906e+01 -9.972197000000000353e-03 -1.201828983333333260e-02
1.139999999999999858e+01 -8.718645000000000561e-03 -1.303445166666666703e-02
1.150000001999999988e+01 -7.365307000000000624e-03 -1.385316100000000099e-02
1.159999997999999977e+01 -5.948013000000000258e-03 -3.176741533333333339e-02
1.169999999999999929e+01 -1.011824000000000143e-03 -2.898910000000000028e-02
1.180000001999999881e+01 -1.501930000000000170e-04 -4.942501333333333344e-03
1.189999998000000048e+01 -2.332300000000000014e-05 -7.509628333333333121e-04
1.200000000000000000e+01 0.000000000000000000e+00 2.844943333333333109e-04
