0.000000000000000000e+00 1.065594489250062793e+02 2.806052574130058019e+01
1.000000000000000056e-01 1.037533963508762156e+02 2.806052574130058019e+01
2.000000000000000111e-01 1.009473437767461519e+02 2.806052574130069388e+01
3.000000000000000444e-01 9.814129120261607397e+01 2.806052574130069388e+01
4.000000000000000222e-01 9.533523862848602448e+01 2.806052574130069388e+01
5.000000000000000000e-01 9.252918605435593236e+01 2.806052574130069388e+01
6.000000000000000888e-01 8.972313348022588286e+01 2.806052574130069388e+01
6.999999999999999556e-01 8.691708090609580495e+01 2.806052574130069388e+01
8.000000000000000444e-01 8.411102833196574124e+01 2.806052574130063704e+01
8.999999999999999112e-01 8.130497575783567754e+01 2.806052574130069388e+01
1.000000000000000000e+00 7.849892318370559963e+01 2.806052574130069388e+01
1.099999999999999867e+00 7.569287060957553592e+01 2.806052574130069388e+01
1.200000000000000178e+00 7.288681803544545801e+01 2.806052574130069388e+01
1.300000000000000044e+00 7.008076546131539430e+01 2.806052574130069388e+01
1.399999999999999911e+00 6.727471288718531639e+01 2.806052574130069388e+01
1.500000000000000000e+00 6.446866031305525269e+01 2.806052574130069388e+01
1.600000000000000089e+00 6.166260773892518188e+01 2.806052574130063704e+01
1.699999999999999956e+00 5.885655516479512528e+01 2.806052574130069388e+01
1.799999999999999822e+00 5.605050259066504736e+01 2.806052574130069388e+01
1.899999999999999911e+00 5.324445001653498366e+01 2.806052574130063704e+01
2.000000000000000000e+00 5.043839744240491996e+01 2.806052574130069388e+01
2.099999999999999645e+00 4.763234486827484915e+01 2.806052574130069388e+01
2.199999999999999734e+00 4.482629229414477834e+01 2.806052574130069388e+01
2.299999999999999822e+00 4.202023972001470753e+01 2.806052574130075072e+01
2.400000000000000355e+00 3.921418714588462962e+01 2.806052574130075072e+01
2.500000000000000000e+00 3.640813457175455881e+01 2.806052574130063704e+01
2.600000000000000089e+00 3.360208199762450221e+01 2.806052574130063704e+01
2.700000000000000178e+00 3.079602942349443140e+01 2.806052574130069388e+01
2.799999999999999822e+00 2.798997684936436059e+01 2.806052574130069388e+01
2.899999999999999911e+00 2.518392427523428978e+01 2.806052574130069388e+01
3.000000000000000000e+00 2.237787170110422252e+01 2.806052574130063704e+01
3.099999999999999645e+00 1.957181912697416237e+01 2.806052574130067967e+01
3.200000000000000178e+00 1.676576655284408446e+01 2.806052574130077915e+01
3.300000000000000266e+00 1.395971397871400654e+01 2.806052574130067967e+01
3.399999999999999911e+00 1.115366140458394995e+01 2.806052574130067967e+01
3.500000000000000000e+00 8.347608830453870254e+00 2.806052574130067967e+01
3.599999999999999645e+00 5.541556256323812768e+00 2.759666003826382052e+01
3.700000000000000178e+00 2.828276822801106594e+00 1.559364271071196306e+01
3.799999999999999822e+00 2.422827714181420067e+00 5.105228731550637278e+00
3.900000000000000355e+00 1.807231076490979138e+00 5.748102833503422993e+00
4.000000000000000000e+00 1.273207147480735379e+00 4.825160721441334566e+00
4.099999999999999645e+00 8.421989322027121361e-01 3.837496736681636822e+00
4.199999999999999289e+00 5.057078001444080817e-01 3.012018671273851034e+00
4.299999999999999822e+00 2.397951979479419071e-01 2.341022358503983991e+00
4.399999999999999467e+00 3.750332844361121964e-02 1.761132346888072187e+00
4.500000000000000000e+00 -1.124312714296725607e-01 1.270191273705902013e+00
4.599999999999999645e+00 -2.165349262975692080e-01 9.014049420420835457e-01
4.700000000000000178e+00 -2.927122598380892948e-01 6.838455417326665398e-01
4.800000000000000711e+00 -3.533040346441025381e-01 5.814927150263378142e-01
4.900000000000000355e+00 -4.090108028433568355e-01 5.274859749882825355e-01
5.000000000000000000e+00 -4.588012296417590119e-01 4.554939543087574982e-01
5.099999999999999645e+00 -5.001095937051083240e-01 3.415755100683397494e-01
5.200000000000000178e+00 -5.271163316554269285e-01 1.895162378579269280e-01
5.299999999999999822e+00 -5.380128412766936874e-01 2.175828175726568503e-02
5.400000000000000355e+00 -5.314679880068801099e-01 -1.380304181595097823e-01
5.500000000000000000e+00 -5.104067576447918198e-01 -2.545184288338258050e-01
5.599999999999999645e+00 -4.805643022401149267e-01 -2.917736247721753884e-01
5.699999999999999289e+00 -4.520520326903567088e-01 -2.572791970689354280e-01
5.799999999999999822e+00 -4.291084628263278633e-01 -2.279339166954090778e-01
5.899999999999999467e+00 -4.064652493512748710e-01 -2.027956898256944029e-01
6.000000000000000000e+00 -3.885493248611889827e-01 -2.403138532756545764e-01
6.099999999999999645e+00 -3.584024786961439446e-01 -3.714944820536862924e-01
6.199999999999999289e+00 -3.142504284504517020e-01 -5.177579017450706367e-01
6.300000000000000711e+00 -2.548508983471298173e-01 -5.287136395696332425e-01
6.400000000000000355e+00 -2.085077005365250646e-01 -4.134877861874106664e-01
6.500000000000000000e+00 -1.721533411096476951e-01 -2.884126059283671495e-01
6.600000000000000533e+00 -1.508251793508516292e-01 -1.712413939834992460e-01
6.700000000000000178e+00 -1.379050623129478292e-01 -1.162802362155318514e-01
6.799999999999999822e+00 -1.275691321077452589e-01 -1.091213958973996645e-01
6.899999999999999467e+00 -1.160807831334679102e-01 -1.231493651622659335e-01
7.000000000000000000e+00 -1.029392590752920694e-01 -1.325747753170350984e-01
7.099999999999999645e+00 -8.956582807006088776e-02 -1.246489806938241851e-01
7.199999999999999289e+00 -7.800946293652723240e-02 -9.057845517125784340e-02
7.299999999999998934e+00 -7.145013703580931075e-02 -2.794433441212107461e-02
7.400000000000000355e+00 -7.242059605410301748e-02 4.428464225651534969e-02
7.500000000000000000e+00 -8.030706548711238901e-02 8.795482606957233385e-02
7.599999999999999645e+00 -9.001156126801748703e-02 8.258939617422994539e-02
7.699999999999999289e+00 -9.682494472195837809e-02 5.060386730500721075e-02
7.800000000000000711e+00 -1.001323347290189320e-01 2.527817879019378378e-02
7.900000000000000355e+00 -1.018805804799971376e-01 6.894701221826005089e-03
8.000000000000000000e+00 -1.015112749733841357e-01 -2.050963832751206972e-02
8.100000000000001421e+00 -9.777865281449471535e-02 -5.334873559637259843e-02
8.199999999999999289e+00 -9.084152785410960773e-02 -7.127576328165802222e-02
8.300000000000000711e+00 -8.352350015816312201e-02 -6.302779244825651439e-02
8.399999999999998579e+00 -7.823596936445831318e-02 -3.735967870707912475e-02
8.500000000000000000e+00 -7.605156441674729151e-02 -1.505490345494725490e-02
8.599999999999999645e+00 -7.522498867346885665e-02 -6.220449209651202072e-03
8.699999999999999289e+00 -7.480747457481705387e-02 -6.769298427716563538e-03
8.799999999999998934e+00 -7.387112898792554117e-02 -1.830928338953063950e-02
8.900000000000000355e+00 -7.114561789691091487e-02 -4.018342494507026741e-02
9.000000000000000000e+00 -6.583444399891148768e-02 -6.638046969267547004e-02
9.099999999999999645e+00 -5.786952395837582919e-02 -8.729323487779908075e-02
9.199999999999999289e+00 -4.837579702335167292e-02 -9.973615442425351474e-02
9.300000000000000711e+00 -3.792229307352512624e-02 -9.551166428657867358e-02
9.400000000000000355e+00 -2.927346416603593404e-02 -6.703862846216676608e-02
9.500000000000000000e+00 -2.451456738109177025e-02 -3.047064941146579442e-02
9.600000000000001421e+00 -2.317933428374277516e-02 8.334814897310832693e-03
9.699999999999999289e+00 -2.618153036055393540e-02 7.152161857362934749e-03
9.800000000000000711e+00 -2.460976665521536280e-02 -4.286927337016550876e-02
9.899999999999998579e+00 -1.760767568652083295e-02 -8.875578946766046751e-02
1.000000000000000000e+01 -6.858608761683270688e-03 -9.428887459993472164e-02
1.009999999999999964e+01 1.250099233466112937e-03 -8.116274883704173437e-02
1.019999999999999929e+01 9.373941005725076880e-03 -7.757626410074666690e-02
1.029999999999999893e+01 1.676535205361544614e-02 -6.579003262256438722e-02
1.040000000000000036e+01 2.253194753023795779e-02 -4.601681604035889883e-02
1.050000000000000000e+01 2.596871526168722730e-02 -2.310748597628098366e-02
1.059999999999999964e+01 2.715344472549415314e-02 -6.505244590100711655e-03
1.069999999999999929e+01 2.726976417970736893e-02 -1.276612114725406144e-03
1.080000000000000071e+01 2.740876714843923367e-02 -1.317282244876677444e-03
1.090000000000000036e+01 2.753322062868270373e-02 4.945834629024981055e-03
1.100000000000000000e+01 2.641960022263423885e-02 2.388425960861217945e-02
1.109999999999999964e+01 2.275636870696026715e-02 5.036423222783659170e-02
1.119999999999999929e+01 1.634675377706691982e-02 7.472801288381988871e-02
1.130000000000000071e+01 7.810766130196291485e-03 8.560100271191814492e-02
1.139999999999999858e+01 -7.734467653167109453e-04 6.728922422478787746e-02
1.150000000000000000e+01 -5.647078714761284701e-03 2.422818488266889614e-02
1.159999999999999964e+01 -5.619083741850491170e-03 -2.326458750618020863e-02
1.169999999999999929e+01 -9.941612135252423255e-04 -2.755265356980575453e-02
1.179999999999999893e+01 -1.085530278893396031e-04 -4.907360473618602170e-03
1.190000000000000036e+01 -1.268911880152183593e-05 -5.427651394466979614e-04
1.200000000000000000e+01 0.000000000000000000e+00 -1.268911880152183457e-04
