0.000000000000000000e+00 2.046519999999999939e+01 5.682500000000000107e+00
1.000000000000000056e-01 1.989690000000000225e+01 5.682500000000000107e+00
2.000000000000000111e-01 1.932870000000000132e+01 5.682500000000000107e+00
3.000000000000000444e-01 1.876040000000000063e+01 5.682500000000000107e+00
4.000000000000000222e-01 1.819219999999999970e+01 5.682500000000000107e+00
5.000000000000000000e-01 1.762390000000000256e+01 5.682500000000000107e+00
6.000000000000000888e-01 1.705569999999999808e+01 5.682500000000000107e+00
6.999999999999999556e-01 1.648740000000000094e+01 5.682500000000000107e+00
8.000000000000000444e-01 1.591920000000000179e+01 5.682500000000000107e+00
8.999999999999999112e-01 1.535089999999999932e+01 5.682500000000000107e+00
1.000000000000000000e+00 1.478270000000000017e+01 5.682500000000000107e+00
1.099999999999999867e+00 1.421440000000000126e+01 5.682500000000000107e+00
1.200000000000000178e+00 1.364620000000000033e+01 5.682500000000000107e+00
1.300000000000000044e+00 1.307789999999999964e+01 5.682500000000000107e+00
1.399999999999999911e+00 1.250970000000000049e+01 5.682500000000000107e+00
1.500000000000000000e+00 1.194140000000000157e+01 5.682500000000000107e+00
1.600000000000000089e+00 1.137320000000000064e+01 5.682500000000000107e+00
1.699999999999999956e+00 1.080490000000000173e+01 5.682500000000000107e+00
1.799999999999999822e+00 1.023670000000000080e+01 5.682500000000000107e+00
1.899999999999999911e+00 9.668430000000000746e+00 5.682500000000000107e+00
2.000000000000000000e+00 9.100179999999999936e+00 5.682500000000000107e+00
2.099999999999999645e+00 8.531930000000000902e+00 5.682500000000000107e+00
2.199999999999999734e+00 7.963680000000000092e+00 5.682500000000000107e+00
2.299999999999999822e+00 7.395430000000001058e+00 5.682500000000000107e+00
2.400000000000000355e+00 6.827169999999999739e+00 5.682500000000000107e+00
2.500000000000000000e+00 6.258919999999999817e+00 5.682500000000000107e+00
2.600000000000000089e+00 5.690670000000000783e+00 5.682500000000000107e+00
2.700000000000000178e+00 5.122420000000000861e+00 5.682500000000000107e+00
2.799999999999999822e+00 4.554170000000000051e+00 5.682500000000000107e+00
2.899999999999999911e+00 3.985920000000000130e+00 5.682500000000000107e+00
3.000000000000000000e+00 3.417669999999999764e+00 5.682500000000000107e+00
3.099999999999999645e+00 2.849420000000000286e+00 5.682500000000000107e+00
3.200000000000000178e+00 2.281169999999999920e+00 5.682500000000000107e+00
3.300000000000000266e+00 1.712920000000000220e+00 4.762016666666666787e+00
3.399999999999999911e+00 1.328770000000000007e+00 3.400766666666666271e+00
3.500000000000000000e+00 1.032769999999999966e+00 2.678766666666666740e+00
3.599999999999999645e+00 7.930150000000000254e-01 2.174016666666666708e+00
3.700000000000000178e+00 5.979670000000000263e-01 1.770516666666666517e+00
3.799999999999999822e+00 4.389129999999999976e-01 1.436188333333333400e+00
3.900000000000000355e+00 3.107290000000000330e-01 1.153579999999999828e+00
4.000000000000000000e+00 2.081970000000000209e-01 9.170649999999999080e-01
4.099999999999999645e+00 1.273160000000000125e-01 7.222983333333332645e-01
4.199999999999999289e+00 6.373710000000000486e-02 5.654249999999999554e-01
4.299999999999999822e+00 1.423160000000000050e-02 4.406049999999999689e-01
4.399999999999999467e+00 -2.438390000000000002e-02 3.413016666666666699e-01
4.500000000000000000e+00 -5.402860000000000995e-02 2.597383333333333488e-01
4.599999999999999645e+00 -7.633149999999999658e-02 1.896666666666666778e-01
4.700000000000000178e+00 -9.196189999999999920e-02 1.271638333333333371e-01
4.800000000000000711e+00 -1.017640000000000211e-01 7.225100000000000966e-02
4.900000000000000355e+00 -1.064120000000000066e-01 2.659349999999999908e-02
5.000000000000000000e+00 -1.070829999999999976e-01 -7.794133333333333122e-03
5.099999999999999645e+00 -1.048530000000000018e-01 -2.991650000000000212e-02
5.200000000000000178e+00 -1.010999999999999954e-01 -4.099583333333333551e-02
5.299999999999999822e+00 -9.665410000000000668e-02 -4.487649999999999972e-02
5.400000000000000355e+00 -9.212439999999999518e-02 -4.458616666666666978e-02
5.500000000000000000e+00 -8.773680000000000367e-02 -4.210266666666666324e-02
5.599999999999999645e+00 -8.370379999999999487e-02 -3.842416666666666897e-02
5.699999999999999289e+00 -8.005200000000001204e-02 -3.476983333333333315e-02
5.799999999999999822e+00 -7.674990000000000978e-02 -3.229533333333333561e-02
5.899999999999999467e+00 -7.359290000000000276e-02 -3.220216666666666366e-02
6.000000000000000000e+00 -7.030940000000000800e-02 -3.472900000000000292e-02
6.099999999999999645e+00 -6.664710000000000079e-02 -3.969249999999999862e-02
6.199999999999999289e+00 -6.237089999999999995e-02 -4.574133333333332829e-02
6.300000000000000711e+00 -5.749880000000000962e-02 -5.093183333333332896e-02
6.400000000000000355e+00 -5.218460000000000459e-02 -5.395983333333333187e-02
6.500000000000000000e+00 -4.670690000000000258e-02 -5.447000000000000453e-02
6.600000000000000533e+00 -4.129060000000000369e-02 -5.226483333333332981e-02
6.700000000000000178e+00 -3.625389999999999863e-02 -4.787116666666666603e-02
6.799999999999999822e+00 -3.171639999999999876e-02 -4.205899999999999916e-02
6.899999999999999467e+00 -2.784209999999999810e-02 -3.576133333333333247e-02
7.000000000000000000e+00 -2.456410000000000191e-02 -3.015366666666666542e-02
7.099999999999999645e+00 -2.181140000000000162e-02 -2.561149999999999885e-02
7.199999999999999289e+00 -1.944180000000000214e-02 -2.174033333333333026e-02
7.299999999999998934e+00 -1.746330000000000104e-02 -1.803216666666666856e-02
7.400000000000000355e+00 -1.583539999999999948e-02 -1.411726666666666616e-02
7.500000000000000000e+00 -1.463990000000000083e-02 -9.834383333333333518e-03
7.599999999999999645e+00 -1.386850000000000062e-02 -5.490300000000000041e-03
7.699999999999999289e+00 -1.354180000000000141e-02 -1.678166666666666565e-03
7.800000000000000711e+00 -1.353290000000000048e-02 7.613366666666665766e-04
7.900000000000000355e+00 -1.369410000000000072e-02 1.722149999999999983e-03
8.000000000000000000e+00 -1.387730000000000213e-02 1.730133333333333176e-03
8.100000000000001421e+00 -1.404009999999999980e-02 1.203063333333333467e-03
8.199999999999999289e+00 -1.411790000000000093e-02 2.984566666666666444e-04
8.300000000000000711e+00 -1.409980000000000261e-02 -9.218916666666666275e-04
8.399999999999998579e+00 -1.393349999999999971e-02 -2.513250000000000293e-03
8.500000000000000000e+00 -1.359710000000000085e-02 -4.125516666666666395e-03
8.599999999999999645e+00 -1.310840000000000095e-02 -5.362033333333333582e-03
8.699999999999999289e+00 -1.252469999999999972e-02 -6.335966666666666483e-03
8.799999999999998934e+00 -1.184120000000000138e-02 -7.247933333333332964e-03
8.900000000000000355e+00 -1.107510000000000092e-02 -8.011499999999999524e-03
9.000000000000000000e+00 -1.023890000000000043e-02 -8.798049999999999968e-03
9.099999999999999645e+00 -9.315540000000000626e-03 -9.894816666666667038e-03
9.199999999999999289e+00 -8.259980000000000100e-03 -1.110588333333333358e-02
9.300000000000000711e+00 -7.094360000000000076e-03 -1.192718333333333408e-02
9.400000000000000355e+00 -5.874540000000001011e-03 -1.211726666666666612e-02
9.500000000000000000e+00 -4.670910000000000339e-03 -1.179358333333333300e-02
9.600000000000001421e+00 -3.515830000000000604e-03 -1.116554999999999978e-02
9.699999999999999289e+00 -2.437800000000000383e-03 -1.035956666666666519e-02
9.800000000000000711e+00 -1.443910000000000072e-03 -9.337833333333333402e-03
9.899999999999998579e+00 -5.702360000000000068e-04 -7.938566666666667382e-03
1.000000000000000000e+01 1.438010000000000145e-04 -6.162516666666666143e-03
1.009999999999999964e+01 6.622670000000000206e-04 -4.198349999999999999e-03
1.019999999999999929e+01 9.834699999999999605e-04 -2.192366666666666596e-03
1.029999999999999893e+01 1.100740000000000008e-03 -2.501133333333333160e-04
1.040000000000000036e+01 1.033489999999999973e-03 1.277456666666666697e-03
1.050000000000000000e+01 8.452500000000000811e-04 2.084066666666666619e-03
1.059999999999999964e+01 6.166810000000000000e-04 2.174533333333333353e-03
1.069999999999999929e+01 4.103430000000000250e-04 1.792033333333333325e-03
1.080000000000000071e+01 2.582759999999999917e-04 1.173053333333333448e-03
1.090000000000000036e+01 1.757320000000000041e-04 5.419883333333333497e-04
1.100000000000000000e+01 1.498779999999999904e-04 8.213683333333332939e-05
1.109999999999999964e+01 1.593049999999999935e-04 -1.657066666666666703e-04
1.119999999999999929e+01 1.830190000000000039e-04 -2.732016666666666838e-04
1.130000000000000071e+01 2.139450000000000260e-04 -3.157650000000000235e-04
1.139999999999999858e+01 2.461720000000000141e-04 -3.029566666666666454e-04
1.150000000000000000e+01 2.745360000000000291e-04 -1.872183333333333295e-04
1.159999999999999964e+01 2.836159999999999896e-04 1.468628333333333192e-03
1.169999999999999929e+01 -1.918920000000000255e-05 1.446256666666666680e-03
1.179999999999999893e+01 -5.635420000000000841e-06 -9.359483333333332709e-05
1.190000000000000036e+01 -4.702239999999999892e-07 -2.817716666666666847e-05
1.200000000000000000e+01 0.000000000000000000e+00 -4.702233333333333888e-06
