0.000000000000000000e+00 1.337432653923203816e+02 3.362029416226278045e+01
1.000000000000000056e-01 1.303812359760941035e+02 3.362029416226278045e+01
2.000000000000000111e-01 1.270192065598678255e+02 3.362029416226289413e+01
3.000000000000000444e-01 1.236571771436415332e+02 3.362029416226278045e+01
4.000000000000000222e-01 1.202951477274152694e+02 3.362029416226278045e+01
5.000000000000000000e-01 1.169331183111889771e+02 3.362029416226289413e+01
6.000000000000000888e-01 1.135710888949626991e+02 3.362029416226278045e+01
6.999999999999999556e-01 1.102090594787364211e+02 3.362029416226278045e+01
8.000000000000000444e-01 1.068470300625101430e+02 3.362029416226278045e+01
8.999999999999999112e-01 1.034850006462838650e+02 3.362029416226278045e+01
1.000000000000000000e+00 1.001229712300575869e+02 3.362029416226283729e+01
1.099999999999999867e+00 9.676094181383129467e+01 3.362029416226283729e+01
1.200000000000000178e+00 9.339891239760501662e+01 3.362029416226283729e+01
1.300000000000000044e+00 9.003688298137872437e+01 3.362029416226283729e+01
1.399999999999999911e+00 8.667485356515244632e+01 3.362029416226278045e+01
1.500000000000000000e+00 8.331282414892616828e+01 3.362029416226283729e+01
1.600000000000000089e+00 7.995079473269987602e+01 3.362029416226283729e+01
1.699999999999999956e+00 7.658876531647359798e+01 3.362029416226278045e+01
1.799999999999999822e+00 7.322673590024731993e+01 3.362029416226283729e+01
1.899999999999999911e+00 6.986470648402102768e+01 3.362029416226283729e+01
2.000000000000000000e+00 6.650267706779474963e+01 3.362029416226278045e+01
2.099999999999999645e+00 6.314064765156847869e+01 3.362029416226283729e+01
2.199999999999999734e+00 5.977861823534218644e+01 3.362029416226283729e+01
2.299999999999999822e+00 5.641658881911590839e+01 3.362029416226289413e+01
2.400000000000000355e+00 5.305455940288960903e+01 3.362029416226286571e+01
2.500000000000000000e+00 4.969252998666333809e+01 3.362029416226278045e+01
2.600000000000000089e+00 4.633050057043705294e+01 3.362029416226283729e+01
2.700000000000000178e+00 4.296847115421076779e+01 3.362029416226280887e+01
2.799999999999999822e+00 3.960644173798448975e+01 3.362029416226280887e+01
2.899999999999999911e+00 3.624441232175820460e+01 3.362029416226283729e+01
3.000000000000000000e+00 3.288238290553191945e+01 3.362029416226278045e+01
3.099999999999999645e+00 2.952035348930564851e+01 3.362029416226280887e+01
3.200000000000000178e+00 2.615832407307935981e+01 3.362029416226290834e+01
3.300000000000000266e+00 2.279629465685306755e+01 3.362029416226282308e+01
3.399999999999999911e+00 1.943426524062679661e+01 3.362029416226282308e+01
3.500000000000000000e+00 1.607223582440050436e+01 3.362029416226282308e+01
3.599999999999999645e+00 1.271020640817422986e+01 3.362029416226282308e+01
3.700000000000000178e+00 9.348176991947937609e+00 3.362029416226280887e+01
3.799999999999999822e+00 5.986147575721667558e+00 3.362029416226281597e+01
3.900000000000000355e+00 2.624118159495374414e+00 2.017791517925842726e+01
4.000000000000000000e+00 1.950564539869982017e+00 5.860349660852009812e+00
4.099999999999999645e+00 1.452048227324972629e+00 4.669398974895414334e+00
4.199999999999999289e+00 1.016684744890899106e+00 3.936203618038915053e+00
4.299999999999999822e+00 6.648075037171894408e-01 3.203343726661161739e+00
4.399999999999999467e+00 3.760159995586667692e-01 2.582798738058535992e+00
4.500000000000000000e+00 1.482477561054822146e-01 2.032115304851406457e+00
4.599999999999999645e+00 -3.040706141161450202e-02 1.594698358213588740e+00
4.700000000000000178e+00 -1.706919155372355335e-01 1.213857642776463575e+00
4.800000000000000711e+00 -2.731785899669071926e-01 8.923887246425773467e-01
4.900000000000000355e+00 -3.491696604657510417e-01 6.512309223621093324e-01
5.000000000000000000e+00 -4.034247744393291146e-01 4.476426444666472548e-01
5.099999999999999645e+00 -4.386981893590804482e-01 2.798896663862153744e-01
5.200000000000000178e+00 -4.594027077165721562e-01 1.353415428702553491e-01
5.299999999999999822e+00 -4.657664979331315180e-01 1.977554428947359000e-02
5.400000000000000355e+00 -4.633578165744668964e-01 -7.630213555558729155e-02
5.500000000000000000e+00 -4.505060708220141041e-01 -1.576332083257430128e-01
5.599999999999999645e+00 -4.318311749093182716e-01 -2.117239644512056707e-01
5.699999999999999289e+00 -4.081612779317729256e-01 -2.633691428826914205e-01
5.799999999999999822e+00 -3.791573463327799764e-01 -2.950477309866312847e-01
5.899999999999999467e+00 -3.491517317344466909e-01 -2.974520485375169443e-01
6.000000000000000000e+00 -3.196669366252766209e-01 -2.863433941279267536e-01
6.099999999999999645e+00 -2.918830529088613512e-01 -2.664402671929191335e-01
6.199999999999999289e+00 -2.663788831866927831e-01 -2.414764223235561502e-01
6.300000000000000711e+00 -2.435877684441500879e-01 -2.091028981087197369e-01
6.400000000000000355e+00 -2.245583035649488246e-01 -1.694510017073369568e-01
6.500000000000000000e+00 -2.096975681026826965e-01 -1.231030284117177187e-01
6.600000000000000533e+00 -1.999376978826052920e-01 -8.607828581738308227e-02
6.700000000000000178e+00 -1.924819109392060801e-01 -8.040496610056013793e-02
6.799999999999999822e+00 -1.838567046624932644e-01 -7.443010101374614162e-02
6.899999999999999467e+00 -1.775958907364568740e-01 -6.526499056454448944e-02
7.000000000000000000e+00 -1.708037065495843498e-01 -7.388706906612840797e-02
7.099999999999999645e+00 -1.628184769232311757e-01 -7.020889321264556227e-02
7.199999999999999289e+00 -1.567619279070552318e-01 -7.801958977620593316e-02
7.299999999999998934e+00 -1.472145589679899891e-01 -9.235327629774525704e-02
7.400000000000000355e+00 -1.382912726475061804e-01 -9.028200076590364720e-02
7.500000000000000000e+00 -1.291581588148092707e-01 -8.507567887185507605e-02
7.599999999999999645e+00 -1.212761368731351680e-01 -1.006031523168700037e-01
7.699999999999999289e+00 -1.090375283514352645e-01 -1.276794509384477361e-01
7.800000000000000711e+00 -9.574024668544561800e-02 -1.260830371257262161e-01
7.900000000000000355e+00 -8.382092092629001012e-02 -1.240816455841966537e-01
8.000000000000000000e+00 -7.092391756860629004e-02 -1.141372025461513950e-01
8.100000000000001421e+00 -6.099348041705973666e-02 -8.824882655847610113e-02
8.199999999999999289e+00 -5.327415225691106704e-02 -7.694174562347796953e-02
8.300000000000000711e+00 -4.560513129236413998e-02 -6.408810473775233829e-02
8.399999999999998579e+00 -4.045653130936060354e-02 -4.626205846009895373e-02
8.500000000000000000e+00 -3.635271960034434924e-02 -3.199642885819434235e-02
8.599999999999999645e+00 -3.405724553772173507e-02 -2.853338447289580082e-02
8.699999999999999289e+00 -3.064604270576518769e-02 -3.087334371127503641e-02
8.799999999999998934e+00 -2.788257679546672640e-02 -3.196571273054076012e-02
8.900000000000000355e+00 -2.425290015965703497e-02 -3.224464816980671111e-02
9.000000000000000000e+00 -2.143364716150538210e-02 -2.208755885229521376e-02
9.099999999999999645e+00 -1.983538838919799221e-02 -2.098666751215182147e-02
9.199999999999999289e+00 -1.723631365907501642e-02 -2.607430926892609357e-02
9.300000000000000711e+00 -1.462052653541277315e-02 -3.376900184254076620e-02
9.400000000000000355e+00 -1.048251329056686457e-02 -3.171185773149842735e-02
9.500000000000000000e+00 -8.278154989113087683e-03 -2.282970834269484536e-02
9.600000000000001421e+00 -5.916571622027895147e-03 -1.584874527977362529e-02
9.699999999999999289e+00 -5.108405933158362972e-03 -1.084130294069392264e-02
9.800000000000000711e+00 -3.748311033889110532e-03 -9.284594469689728263e-03
9.899999999999998579e+00 -3.251487039220416798e-03 -1.549199169609688509e-04
1.000000000000000000e+01 -3.717327050496916849e-03 5.925830198103092944e-03
1.009999999999999964e+01 -4.436653078841035734e-03 9.633472796598228916e-03
1.019999999999999929e+01 -5.644021609816562632e-03 1.610040349603781423e-02
1.029999999999999893e+01 -7.656733778048598407e-03 2.207324459885512749e-02
1.040000000000000036e+01 -1.005867052958758778e-02 3.476235028546153377e-02
1.050000000000000000e+01 -1.460920383514090551e-02 3.570706985992842808e-02
1.059999999999999964e+01 -1.720008450157327340e-02 2.061945373959561678e-02
1.069999999999999929e+01 -1.873309458306002956e-02 1.312882296725162434e-02
1.080000000000000071e+01 -1.982584909502359966e-02 9.615347047287198246e-04
1.090000000000000036e+01 -1.892540152400577422e-02 -1.341811385801365553e-02
1.100000000000000000e+01 -1.714222632342086647e-02 -1.733673162032205173e-02
1.109999999999999964e+01 -1.545805519994136214e-02 -1.651301295111294587e-02
1.119999999999999929e+01 -1.383962373319827868e-02 -2.036136207296784101e-02
1.130000000000000071e+01 -1.138578278534779428e-02 -2.489898635632297602e-02
1.139999999999999858e+01 -8.859826461933683478e-03 -2.481125835893951276e-02
1.150000000000000000e+01 -6.423531113559891211e-03 -2.580255248353724093e-02
1.159999999999999964e+01 -3.699315965226234772e-03 -3.255830477337846168e-02
1.169999999999999929e+01 8.812984111580120467e-05 -1.892157115376823587e-02
1.179999999999999893e+01 8.499826552741257264e-05 4.022179062212140788e-04
1.190000000000000036e+01 7.686259871558383827e-06 4.249913276370628225e-04
1.200000000000000000e+01 0.000000000000000000e+00 7.686259871558383488e-05
