0.000000000000000000e+00 1.853310000000000102e+01 5.666933333333333600e+00
1.000000000000000056e-01 1.796640000000000015e+01 5.666933333333333600e+00
2.000000000000000111e-01 1.739970000000000283e+01 5.666933333333333600e+00
3.000000000000000444e-01 1.683300000000000196e+01 5.666933333333333600e+00
4.000000000000000222e-01 1.626630000000000109e+01 5.666933333333333600e+00
5.000000000000000000e-01 1.569960000000000200e+01 5.666933333333333600e+00
6.000000000000000888e-01 1.513300000000000267e+01 5.666933333333333600e+00
6.999999999999999556e-01 1.456630000000000180e+01 5.666933333333333600e+00
8.000000000000000444e-01 1.399960000000000093e+01 5.666933333333333600e+00
8.999999999999999112e-01 1.343290000000000184e+01 5.666933333333333600e+00
1.000000000000000000e+00 1.286620000000000097e+01 5.666933333333333600e+00
1.099999999999999867e+00 1.229950000000000188e+01 5.666933333333333600e+00
1.200000000000000178e+00 1.173280000000000101e+01 5.666933333333333600e+00
1.300000000000000044e+00 1.116610000000000014e+01 5.666933333333333600e+00
1.399999999999999911e+00 1.059940000000000104e+01 5.666933333333333600e+00
1.500000000000000000e+00 1.003270000000000017e+01 5.666933333333333600e+00
1.600000000000000089e+00 9.466020000000000323e+00 5.666933333333333600e+00
1.699999999999999956e+00 8.899330000000000851e+00 5.666933333333333600e+00
1.799999999999999822e+00 8.332629999999999981e+00 5.666933333333333600e+00
1.899999999999999911e+00 7.765940000000000509e+00 5.666933333333333600e+00
2.000000000000000000e+00 7.199250000000001037e+00 5.666933333333333600e+00
2.099999999999999645e+00 6.632550000000001056e+00 5.666933333333333600e+00
2.199999999999999734e+00 6.065860000000000696e+00 5.666933333333333600e+00
2.299999999999999822e+00 5.499170000000000336e+00 5.666933333333333600e+00
2.400000000000000355e+00 4.932480000000000864e+00 5.666933333333333600e+00
2.500000000000000000e+00 4.365779999999999994e+00 5.666933333333333600e+00
2.600000000000000089e+00 3.799090000000000522e+00 5.666933333333333600e+00
2.700000000000000178e+00 3.232400000000000162e+00 5.666933333333333600e+00
2.799999999999999822e+00 2.665700000000000180e+00 5.666933333333333600e+00
2.899999999999999911e+00 2.099010000000000264e+00 5.666933333333333600e+00
3.000000000000000000e+00 1.532320000000000126e+00 4.659149999999999459e+00
3.099999999999999645e+00 1.167179999999999884e+00 3.234450000000000269e+00
3.200000000000000178e+00 8.854290000000001326e-01 2.557150000000000034e+00
3.300000000000000266e+00 6.557490000000000263e-01 2.106466666666666931e+00
3.399999999999999911e+00 4.641339999999999910e-01 1.752616666666666490e+00
3.500000000000000000e+00 3.052259999999999973e-01 1.446098333333333263e+00
3.599999999999999645e+00 1.749150000000000149e-01 1.176781666666666615e+00
3.700000000000000178e+00 6.986940000000001205e-02 9.430433333333333445e-01
3.799999999999999822e+00 -1.369380000000000076e-02 7.455549999999999677e-01
3.900000000000000355e+00 -7.924170000000001213e-02 5.826066666666667171e-01
4.000000000000000000e+00 -1.302149999999999974e-01 4.495083333333333431e-01
4.099999999999999645e+00 -1.691430000000000156e-01 3.388816666666666366e-01
4.199999999999999289e+00 -1.979920000000000013e-01 2.436333333333333406e-01
4.299999999999999822e+00 -2.178700000000000081e-01 1.587721666666666587e-01
4.399999999999999467e+00 -2.297460000000000058e-01 8.410366666666665991e-02
4.500000000000000000e+00 -2.346909999999999830e-01 2.271216666666666523e-02
4.599999999999999645e+00 -2.342880000000000240e-01 -2.304033333333333280e-02
4.700000000000000178e+00 -2.300830000000000097e-01 -5.364483333333333603e-02
4.800000000000000711e+00 -2.235590000000000355e-01 -7.177433333333334275e-02
4.900000000000000355e+00 -2.157280000000000308e-01 -8.154999999999999749e-02
5.000000000000000000e+00 -2.072490000000000165e-01 -8.667433333333332546e-02
5.099999999999999645e+00 -1.983930000000000138e-01 -8.965616666666666179e-02
5.200000000000000178e+00 -1.893180000000000140e-01 -9.185116666666666430e-02
5.299999999999999822e+00 -1.800230000000000163e-01 -9.374733333333333529e-02
5.400000000000000355e+00 -1.705689999999999984e-01 -9.586833333333333318e-02
5.500000000000000000e+00 -1.608490000000000197e-01 -9.931050000000000988e-02
5.599999999999999645e+00 -1.507070000000000076e-01 -1.038250000000000006e-01
5.699999999999999289e+00 -1.400840000000000141e-01 -1.086316666666666680e-01
5.799999999999999822e+00 -1.289800000000000113e-01 -1.132973333333333332e-01
5.899999999999999467e+00 -1.174250000000000016e-01 -1.174394999999999883e-01
6.000000000000000000e+00 -1.054920000000000163e-01 -1.201556666666666606e-01
6.099999999999999645e+00 -9.339370000000001004e-02 -1.205190000000000011e-01
6.199999999999999289e+00 -8.138850000000000251e-02 -1.173251666666666609e-01
6.300000000000000711e+00 -6.992859999999999354e-02 -1.099196666666666655e-01
6.400000000000000355e+00 -5.940460000000000185e-02 -9.890716666666665713e-02
6.500000000000000000e+00 -5.014720000000000288e-02 -8.572849999999998527e-02
6.600000000000000533e+00 -4.225890000000000202e-02 -7.161433333333332152e-02
6.700000000000000178e+00 -3.582439999999999930e-02 -5.759166666666665907e-02
6.799999999999999822e+00 -3.074050000000000046e-02 -4.519899999999999612e-02
6.899999999999999467e+00 -2.678459999999999869e-02 -3.573899999999999993e-02
7.000000000000000000e+00 -2.359270000000000117e-02 -2.944783333333333281e-02
7.099999999999999645e+00 -2.089500000000000038e-02 -2.556116666666666606e-02
7.199999999999999289e+00 -1.848050000000000040e-02 -2.343733333333333085e-02
7.299999999999998934e+00 -1.620749999999999968e-02 -2.226399999999999907e-02
7.400000000000000355e+00 -1.402770000000000232e-02 -2.103300000000000308e-02
7.500000000000000000e+00 -1.200090000000000184e-02 -1.900150000000000103e-02
7.599999999999999645e+00 -1.022740000000000107e-02 -1.641196666666666637e-02
7.699999999999999289e+00 -8.718520000000000436e-03 -1.410678333333333263e-02
7.800000000000000711e+00 -7.406040000000000019e-03 -1.267188333333333326e-02
7.900000000000000355e+00 -6.184140000000000296e-03 -1.207408333333333250e-02
8.000000000000000000e+00 -4.991220000000000205e-03 -1.170365000000000121e-02
8.100000000000001421e+00 -3.843410000000000229e-03 -1.078760000000000135e-02
8.199999999999999289e+00 -2.833700000000000194e-03 -8.911000000000000518e-03
8.300000000000000711e+00 -2.061210000000000386e-03 -6.296983333333333079e-03
8.399999999999998579e+00 -1.574309999999999989e-03 -3.401883333333333235e-03
8.500000000000000000e+00 -1.380830000000000208e-03 -8.275733333333333335e-04
8.599999999999999645e+00 -1.408790000000000042e-03 9.612366666666667192e-04
8.699999999999999289e+00 -1.573080000000000138e-03 1.920333333333333354e-03
8.799999999999998934e+00 -1.792860000000000070e-03 2.472583333333333144e-03
8.900000000000000355e+00 -2.067590000000000226e-03 3.044983333333333396e-03
9.000000000000000000e+00 -2.401860000000000453e-03 3.686449999999999970e-03
9.099999999999999645e+00 -2.804880000000000047e-03 4.144516666666666314e-03
9.199999999999999289e+00 -3.230760000000000055e-03 4.104933333333333004e-03
9.300000000000000711e+00 -3.625869999999999788e-03 3.448649999999999719e-03
9.400000000000000355e+00 -3.920490000000000433e-03 2.385566666666666738e-03
9.500000000000000000e+00 -4.102979999999999995e-03 1.390356666666666676e-03
9.600000000000001421e+00 -4.198559999999999619e-03 6.832183333333332427e-04
9.699999999999999289e+00 -4.239630000000000308e-03 2.366416666666666408e-04
9.800000000000000711e+00 -4.245890000000000428e-03 -8.094066666666666228e-05
9.899999999999998579e+00 -4.223440000000000180e-03 -4.001916666666666860e-04
1.000000000000000000e+01 -4.165850000000000455e-03 -8.829483333333333107e-04
1.009999999999999964e+01 -4.046850000000000273e-03 -1.629268333333333280e-03
1.019999999999999929e+01 -3.839999999999999664e-03 -2.575666666666666643e-03
1.029999999999999893e+01 -3.531720000000000345e-03 -3.475716666666666538e-03
1.040000000000000036e+01 -3.144849999999999816e-03 -4.065466666666666534e-03
1.050000000000000000e+01 -2.718620000000000151e-03 -4.220916666666667087e-03
1.059999999999999964e+01 -2.300670000000000319e-03 -4.042683333333333198e-03
1.069999999999999929e+01 -1.910080000000000198e-03 -3.783583333333333243e-03
1.080000000000000071e+01 -1.543950000000000097e-03 -3.629550000000000051e-03
1.090000000000000036e+01 -1.184170000000000014e-03 -3.601550000000000237e-03
1.100000000000000000e+01 -8.236400000000000492e-04 -3.607216666666666210e-03
1.109999999999999964e+01 -4.627319999999999871e-04 -3.445666666666666756e-03
1.119999999999999929e+01 -1.345060000000000027e-04 -2.950149999999999908e-03
1.130000000000000071e+01 1.272960000000000226e-04 -2.196949999999999598e-03
1.139999999999999858e+01 3.048860000000000350e-04 -1.392553333333333308e-03
1.150000000000000000e+01 4.058070000000000535e-04 -6.833616666666667006e-04
1.159999999999999964e+01 4.415579999999999896e-04 1.889849999999999993e-03
1.169999999999999929e+01 2.783759999999999924e-05 2.194849999999999926e-03
1.179999999999999893e+01 2.587229999999999961e-06 1.368528333333333253e-04
1.190000000000000036e+01 4.670379999999999764e-07 1.293613333333333310e-05
1.200000000000000000e+01 0.000000000000000000e+00 4.670383333333333507e-06
