0.000000000000000000e+00 1.223808660959054251e+01 3.471731683922456568e+00
1.000000000000000056e-01 1.189091344119829685e+01 3.471731683922435252e+00
2.000000000000000111e-01 1.154374027280605475e+01 3.471731683922421041e+00
3.000000000000000444e-01 1.119656710441381264e+01 3.471731683922435252e+00
4.000000000000000222e-01 1.084939393602156876e+01 3.471731683922435252e+00
5.000000000000000000e-01 1.050222076762932488e+01 3.471731683922428147e+00
6.000000000000000888e-01 1.015504759923708278e+01 3.471731683922435252e+00
6.999999999999999556e-01 9.807874430844838898e+00 3.471731683922435252e+00
8.000000000000000444e-01 9.460701262452595017e+00 3.471731683922435252e+00
8.999999999999999112e-01 9.113528094060351137e+00 3.471731683922428147e+00
1.000000000000000000e+00 8.766354925668109033e+00 3.471731683922435252e+00
1.099999999999999867e+00 8.419181757275863376e+00 3.471731683922442357e+00
1.200000000000000178e+00 8.072008588883621272e+00 3.471731683922428147e+00
1.300000000000000044e+00 7.724835420491378279e+00 3.471731683922435252e+00
1.399999999999999911e+00 7.377662252099134399e+00 3.471731683922435252e+00
1.500000000000000000e+00 7.030489083706891407e+00 3.471731683922428147e+00
1.600000000000000089e+00 6.683315915314648414e+00 3.471731683922431699e+00
1.699999999999999956e+00 6.336142746922405422e+00 3.471731683922435252e+00
1.799999999999999822e+00 5.988969578530161542e+00 3.471731683922431699e+00
1.899999999999999911e+00 5.641796410137918549e+00 3.471731683922431699e+00
2.000000000000000000e+00 5.294623241745675557e+00 3.471731683922431699e+00
2.099999999999999645e+00 4.947450073353432565e+00 3.471731683922431699e+00
2.199999999999999734e+00 4.600276904961188684e+00 3.471731683922435252e+00
2.299999999999999822e+00 4.253103736568944804e+00 3.471731683922438805e+00
2.400000000000000355e+00 3.905930568176700923e+00 3.471731683922438805e+00
2.500000000000000000e+00 3.558757399784457487e+00 3.471731683922435252e+00
2.600000000000000089e+00 3.211584231392214051e+00 3.471731683922431699e+00
2.700000000000000178e+00 2.864411062999971058e+00 3.471731683922431699e+00
2.799999999999999822e+00 2.517237894607727622e+00 3.471731683922433476e+00
2.899999999999999911e+00 2.170064726215484185e+00 3.471731683922431699e+00
3.000000000000000000e+00 1.822891557823241193e+00 3.471731683922426370e+00
3.099999999999999645e+00 1.475718389430999089e+00 3.471731683922432143e+00
3.200000000000000178e+00 1.128545221038754542e+00 3.471731683922444134e+00
3.300000000000000266e+00 7.813720526465101068e-01 2.935354175212519845e+00
3.399999999999999911e+00 5.414743859962505290e-01 2.112709525577571856e+00
3.500000000000000000e+00 3.588301475309957356e-01 1.628985153173195366e+00
3.599999999999999645e+00 2.156773553616114780e-01 1.281240336153984583e+00
3.700000000000000178e+00 1.025820803001987747e-01 1.010660119078460983e+00
3.799999999999999822e+00 1.354533154591924110e-02 7.915440824224702077e-01
3.900000000000000355e+00 -5.572673618429527242e-02 6.109139768724183295e-01
4.000000000000000000e+00 -1.086374638285644290e-01 4.605834725215895986e-01
4.099999999999999645e+00 -1.478434306886131921e-01 3.332740886522941315e-01
4.199999999999999289e+00 -1.752922815590232664e-01 2.231277555647154243e-01
4.299999999999999822e+00 -1.924689818015562770e-01 1.275118600530102952e-01
4.399999999999999467e+00 -2.007946535696253365e-01 4.605861741391370501e-02
4.500000000000000000e+00 -2.016807052843390125e-01 -2.105311454336422639e-02
4.599999999999999645e+00 -1.965840306609524801e-01 -7.348321560174120304e-02
4.700000000000000178e+00 -1.869840621639907718e-01 -1.103217477703644089e-01
4.800000000000000711e+00 -1.745196811068795983e-01 -1.310734222326932485e-01
4.900000000000000355e+00 -1.607693777174521443e-01 -1.371752081921810973e-01
5.000000000000000000e+00 -1.470846394684433844e-01 -1.321769892659361290e-01
5.099999999999999645e+00 -1.343339798642649019e-01 -1.212843014709502620e-01
5.200000000000000178e+00 -1.228277791742533182e-01 -1.102516289714391418e-01
5.299999999999999822e+00 -1.122836540699770763e-01 -1.017804876231995781e-01
5.400000000000000355e+00 -1.024716816496133998e-01 -9.436378695260494442e-02
5.500000000000000000e+00 -9.341089667945608188e-02 -8.566540565855207401e-02
5.599999999999999645e+00 -8.533860051790298495e-02 -7.356095024462905307e-02
5.699999999999999289e+00 -7.869870663053027404e-02 -5.718517184964627686e-02
5.799999999999999822e+00 -7.390156614797373236e-02 -3.906130048346628802e-02
5.899999999999999467e+00 -7.088644653383700811e-02 -2.312786566914065700e-02
6.000000000000000000e+00 -6.927599301414559541e-02 -1.129358438124150599e-02
6.099999999999999645e+00 -6.862772965758871802e-02 -2.779183336048096642e-03
6.199999999999999289e+00 -6.872015634693598440e-02 4.459496341246205198e-03
6.300000000000000711e+00 -6.951962892583794795e-02 1.180485167023553883e-02
6.400000000000000355e+00 -7.108112668098308384e-02 1.854301988653916933e-02
6.500000000000000000e+00 -7.322823290314578459e-02 2.229020122242492130e-02
6.600000000000000533e+00 -7.553916692546808198e-02 2.130933063396783789e-02
6.700000000000000178e+00 -7.749009902993936327e-02 1.641957261094695308e-02
6.799999999999999822e+00 -7.882308144765746982e-02 9.879281879429935298e-03
6.899999999999999467e+00 -7.946595540582535033e-02 3.390767581862130786e-03
7.000000000000000000e+00 -7.950123496402988765e-02 -2.171422475309714439e-03
7.099999999999999645e+00 -7.903167091076340744e-02 -6.889831516862177097e-03
7.199999999999999289e+00 -7.812326866065745501e-02 -1.163903786245090721e-02
7.299999999999998934e+00 -7.670386333827322600e-02 -1.721592437710256496e-02
7.400000000000000355e+00 -7.468008378523693924e-02 -2.316213636491770700e-02
7.500000000000000000e+00 -7.207143606528967905e-02 -2.857203846445877105e-02
7.599999999999999645e+00 -6.896567609234519058e-02 -3.293791627125713939e-02
7.699999999999999289e+00 -6.548385281103824562e-02 -3.646910133979275326e-02
7.800000000000000711e+00 -6.167185582438663993e-02 -3.921935761396194708e-02
7.900000000000000355e+00 -5.763998128824585759e-02 -4.100218575672870402e-02
8.000000000000000000e+00 -5.347141867304089358e-02 -4.146955730605231261e-02
8.100000000000001421e+00 -4.934606982703539785e-02 -4.052420529053610276e-02
8.199999999999999289e+00 -4.536657761493367857e-02 -3.846780440294386705e-02
8.300000000000000711e+00 -4.165250894644662027e-02 -3.609404331375809516e-02
8.399999999999998579e+00 -3.814776895218205399e-02 -3.430030624249133520e-02
8.500000000000000000e+00 -3.479244769794835601e-02 -3.346379750641448325e-02
8.599999999999999645e+00 -3.145500945089915734e-02 -3.316826899616315272e-02
8.699999999999999289e+00 -2.815879389871572477e-02 -3.243415038876970580e-02
8.799999999999998934e+00 -2.496817937314521618e-02 -3.046242666101488250e-02
8.900000000000000355e+00 -2.206630856651274619e-02 -2.707363848893665215e-02
9.000000000000000000e+00 -1.955345167535788714e-02 -2.290307707129786430e-02
9.099999999999999645e+00 -1.748569315225317541e-02 -1.881939076424406221e-02
9.199999999999999289e+00 -1.578957352250907539e-02 -1.545904721621077504e-02
9.300000000000000711e+00 -1.439388370901101971e-02 -1.305001455740423255e-02
9.400000000000000355e+00 -1.317957061102822784e-02 -1.163229806092962865e-02
9.500000000000000000e+00 -1.206742409682509329e-02 -1.091833902799024120e-02
9.600000000000001421e+00 -1.099590280543017926e-02 -1.046495077319541805e-02
9.699999999999999289e+00 -9.974433942186009330e-03 -9.950226302287840108e-03
9.800000000000000711e+00 -9.005857544972611234e-03 -9.230178189961683877e-03
9.899999999999998579e+00 -8.128398304193672208e-03 -8.094652190755113885e-03
1.000000000000000000e+01 -7.386927106821587763e-03 -6.524757162934914645e-03
1.009999999999999964e+01 -6.823446871606689973e-03 -4.783001508228461318e-03
1.019999999999999929e+01 -6.430326805175895673e-03 -3.215417043933556374e-03
1.029999999999999893e+01 -6.180363462819978004e-03 -2.071142174481239995e-03
1.040000000000000036e+01 -6.016098370279648194e-03 -1.551308797815960372e-03
1.050000000000000000e+01 -5.870101703256786103e-03 -1.726163888534425900e-03
1.059999999999999964e+01 -5.670865592572762320e-03 -2.453298432048507671e-03
1.069999999999999929e+01 -5.379442016847084396e-03 -3.457656868449301979e-03
1.080000000000000071e+01 -4.979334218882902445e-03 -4.429693990437036377e-03
1.090000000000000036e+01 -4.493503218759677294e-03 -5.018582280828187692e-03
1.100000000000000000e+01 -3.975617762717264213e-03 -5.024552161852099269e-03
1.109999999999999964e+01 -3.488592786389257527e-03 -4.560044061907570292e-03
1.119999999999999929e+01 -3.063608950335750414e-03 -3.976650165914629234e-03
1.130000000000000071e+01 -2.693262753206331593e-03 -3.605010644094727712e-03
1.139999999999999858e+01 -2.342606821516804785e-03 -3.561855797328844497e-03
1.150000000000000000e+01 -1.980891593740562607e-03 -3.735808733451983360e-03
1.159999999999999964e+01 -1.595445074826408113e-03 -7.440606079096073223e-03
1.169999999999999929e+01 -4.927703779213477671e-04 -7.642287489971607770e-03
1.179999999999999893e+01 -6.698757683208665431e-05 -2.434302553089498847e-03
1.190000000000000036e+01 -5.909867303447942816e-06 -3.349378841604332309e-04
1.200000000000000000e+01 0.000000000000000000e+00 -5.909867303447942138e-05
