0.000000000000000000e+00 2.386038616723494954e+01 6.372776177448571389e+00
1.000000000000000056e-01 2.322310854949009240e+01 6.372776177448571389e+00
2.000000000000000111e-01 2.258583093174523526e+01 6.372776177448571389e+00
3.000000000000000444e-01 2.194855331400037812e+01 6.372776177448571389e+00
4.000000000000000222e-01 2.131127569625552098e+01 6.372776177448571389e+00
5.000000000000000000e-01 2.067399807851066385e+01 6.372776177448585599e+00
6.000000000000000888e-01 2.003672046076580671e+01 6.372776177448571389e+00
6.999999999999999556e-01 1.939944284302094957e+01 6.372776177448571389e+00
8.000000000000000444e-01 1.876216522527608888e+01 6.372776177448571389e+00
8.999999999999999112e-01 1.812488760753123529e+01 6.372776177448571389e+00
1.000000000000000000e+00 1.748760998978637460e+01 6.372776177448571389e+00
1.099999999999999867e+00 1.685033237204152101e+01 6.372776177448571389e+00
1.200000000000000178e+00 1.621305475429666032e+01 6.372776177448571389e+00
1.300000000000000044e+00 1.557577713655180673e+01 6.372776177448571389e+00
1.399999999999999911e+00 1.493849951880694782e+01 6.372776177448571389e+00
1.500000000000000000e+00 1.430122190106209246e+01 6.372776177448571389e+00
1.600000000000000089e+00 1.366394428331723354e+01 6.372776177448571389e+00
1.699999999999999956e+00 1.302666666557237818e+01 6.372776177448564283e+00
1.799999999999999822e+00 1.238938904782752104e+01 6.372776177448578494e+00
1.899999999999999911e+00 1.175211143008266390e+01 6.372776177448564283e+00
2.000000000000000000e+00 1.111483381233780676e+01 6.372776177448564283e+00
2.099999999999999645e+00 1.047755619459294962e+01 6.372776177448578494e+00
2.199999999999999734e+00 9.840278576848092484e+00 6.372776177448578494e+00
2.299999999999999822e+00 9.203000959103233569e+00 6.372776177448578494e+00
2.400000000000000355e+00 8.565723341358376430e+00 6.372776177448578494e+00
2.500000000000000000e+00 7.928445723613518403e+00 6.372776177448571389e+00
2.600000000000000089e+00 7.291168105868661264e+00 6.372776177448571389e+00
2.700000000000000178e+00 6.653890488123804126e+00 6.372776177448571389e+00
2.799999999999999822e+00 6.016612870378946987e+00 7.128924836995800263e+00
2.899999999999999911e+00 5.228105520724644073e+00 7.149962954399715187e+00
3.000000000000000000e+00 4.586620279499004305e+00 5.876091406663601191e+00
3.099999999999999645e+00 4.052887239391924190e+00 4.936683727957127843e+00
3.200000000000000178e+00 3.599283533907578381e+00 4.223576179134486352e+00
3.300000000000000266e+00 3.208172003565026742e+00 3.654094928083843286e+00
3.399999999999999911e+00 2.868464548290809546e+00 3.186810783559344884e+00
3.500000000000000000e+00 2.570809846853157499e+00 2.802519610559452090e+00
3.599999999999999645e+00 2.307960626178919394e+00 2.490177064758473335e+00
3.700000000000000178e+00 2.072774433901462654e+00 2.245396414239765548e+00
3.799999999999999822e+00 1.858881343330966107e+00 2.060761303143326728e+00
3.900000000000000355e+00 1.660622173272797486e+00 1.919677861484484716e+00
4.000000000000000000e+00 1.474945771034069208e+00 1.799319969164372424e+00
4.099999999999999645e+00 1.300758179439923001e+00 1.682459540530180320e+00
4.199999999999999289e+00 1.138453862928032967e+00 1.561941064964926795e+00
4.299999999999999822e+00 9.883699664469376422e-01 1.440365820435452804e+00
4.399999999999999467e+00 8.503806988409424727e-01 1.327371574129668996e+00
4.500000000000000000e+00 7.228956516210037764e-01 1.230889089138267334e+00
4.599999999999999645e+00 6.042028810132890060e-01 1.147795720402168929e+00
4.700000000000000178e+00 4.933365075405700129e-01 1.070333162053055842e+00
4.800000000000000711e+00 3.901362486026778154e-01 9.939029979059421649e-01
4.900000000000000355e+00 2.945559079593815244e-01 9.162169421487875720e-01
5.000000000000000000e+00 2.068928601729203010e-01 8.368704128634529837e-01
5.099999999999999645e+00 1.271818253866909554e-01 7.574588789985130521e-01
5.200000000000000178e+00 5.540108437321769608e-02 6.794609830877850198e-01
5.299999999999999822e+00 -8.710371230866056913e-03 6.038196155443800173e-01
5.400000000000000355e+00 -6.536283873565830460e-02 5.307665451158999348e-01
5.500000000000000000e+00 -1.148636802540460577e-01 4.614750564355097340e-01
5.599999999999999645e+00 -1.576578500227602542e-01 3.975212112676922427e-01
5.699999999999999289e+00 -1.943679225075845007e-01 3.389353594061186303e-01
5.799999999999999822e+00 -2.254449219039839913e-01 2.860437395171218089e-01
5.899999999999999467e+00 -2.515766704110088958e-01 2.380842136193879188e-01
6.000000000000000000e+00 -2.730617646278615807e-01 1.920118492073765726e-01
6.099999999999999645e+00 -2.899790402524841659e-01 1.467925255949045216e-01
6.199999999999999289e+00 -3.024202697468424961e-01 1.037028933530994568e-01
6.300000000000000711e+00 -3.107196189231040684e-01 6.305443822358958172e-02
6.400000000000000355e+00 -3.150311573915604013e-01 2.689969425215821275e-02
6.500000000000000000e+00 -3.160995577735357109e-01 -1.370676345879395797e-03
6.600000000000000533e+00 -3.147570221223845444e-01 -2.142885683298323407e-02
6.700000000000000178e+00 -3.118137864069390752e-01 -3.636539171970598616e-02
6.799999999999999822e+00 -3.074839437784433471e-01 -5.032719352627568199e-02
6.899999999999999467e+00 -3.017483477016839610e-01 -6.708667691339464945e-02
7.000000000000000000e+00 -2.940666083957643728e-01 -8.765698473337368846e-02
7.099999999999999645e+00 -2.842169507550091900e-01 -1.087090425802026417e-01
7.199999999999999289e+00 -2.723247998797238556e-01 -1.241309600688034198e-01
7.299999999999998934e+00 -2.593907587412485061e-01 -1.297747502565012034e-01
7.400000000000000355e+00 -2.463698498284236094e-01 -1.267033054937909409e-01
7.500000000000000000e+00 -2.340500976424903234e-01 -1.194671457269362858e-01
7.599999999999999645e+00 -2.224764206830363578e-01 -1.132898404143232174e-01
7.699999999999999289e+00 -2.113921295596256911e-01 -1.123415145170350016e-01
7.800000000000000711e+00 -2.000081177796293463e-01 -1.184404409346412335e-01
7.900000000000000355e+00 -1.877040413726974444e-01 -1.291839252380445613e-01
8.000000000000000000e+00 -1.741713327320204563e-01 -1.382063425891668640e-01
8.100000000000001421e+00 -1.600627728548640605e-01 -1.387526198814162948e-01
8.199999999999999289e+00 -1.464208087557371807e-01 -1.295144736594280310e-01
8.300000000000000711e+00 -1.341598781229784432e-01 -1.154893877131899504e-01
8.399999999999998579e+00 -1.233229312130991878e-01 -1.032321112217268189e-01
8.500000000000000000e+00 -1.135134558786330961e-01 -9.691556263459277787e-02
8.599999999999999645e+00 -1.039398186861806295e-01 -9.669131795930552276e-02
8.699999999999999289e+00 -9.417519228677198595e-02 -9.866627248464404643e-02
8.799999999999998934e+00 -8.420656418925182018e-02 -9.834528034404260710e-02
8.900000000000000355e+00 -7.450613621796346731e-02 -9.331569821312496460e-02
9.000000000000000000e+00 -6.554342454662683004e-02 -8.343045305795432354e-02
9.099999999999999645e+00 -5.782004560637259843e-02 -7.092694836475149645e-02
9.199999999999999289e+00 -5.135803487367653075e-02 -5.931453606765865749e-02
9.300000000000000711e+00 -4.595713839284086555e-02 -5.037847578800669357e-02
9.400000000000000355e+00 -4.128233971607519343e-02 -4.326596190223003235e-02
9.500000000000000000e+00 -3.730394601239486047e-02 -3.630153289282453399e-02
9.600000000000001421e+00 -3.402203313751028108e-02 -2.898117574924469197e-02
9.699999999999999289e+00 -3.150771086254591791e-02 -2.131575830707424513e-02
9.800000000000000711e+00 -2.975888147609543483e-02 -1.354998048210137584e-02
9.899999999999998579e+00 -2.879771476612564413e-02 -6.585015613097322529e-03
1.000000000000000000e+01 -2.844187835347597101e-02 -1.769477897532623079e-03
1.009999999999999964e+01 -2.844381918661911812e-02 3.506516485010102713e-04
1.019999999999999929e+01 -2.851200868317617376e-02 -2.324639749745893713e-04
1.029999999999999893e+01 -2.839732639162420233e-02 -2.908468715162620954e-03
1.040000000000000036e+01 -2.793031494014364818e-02 -6.252915114563939447e-03
1.050000000000000000e+01 -2.714674336871141305e-02 -8.661996490184314945e-03
1.059999999999999964e+01 -2.619791564210678658e-02 -9.397652476579421155e-03
1.069999999999999929e+01 -2.526721287339553021e-02 -8.352056994900672326e-03
1.080000000000000071e+01 -2.452750424312664934e-02 -6.354092666428751146e-03
1.090000000000000036e+01 -2.399639434010977790e-02 -5.102172907665472601e-03
1.100000000000000000e+01 -2.350706966159355621e-02 -5.991983564877678692e-03
1.109999999999999964e+01 -2.279799762713424424e-02 -9.037036158703742883e-03
1.119999999999999929e+01 -2.169966242985280763e-02 -1.328905861401505351e-02
1.130000000000000071e+01 -2.014018590433123285e-02 -1.774144288633627831e-02
1.139999999999999858e+01 -1.815137385258555267e-02 -2.179434953815898024e-02
1.150000000000000000e+01 -1.578131599669943541e-02 -2.532246946528132758e-02
1.159999999999999964e+01 -1.308687995952928507e-02 -6.781794474675524598e-02
1.169999999999999929e+01 -2.217727047348385262e-03 -6.429628636178730261e-02
1.179999999999999893e+01 -2.276226871718257320e-04 -1.098876887110381353e-02
1.190000000000000036e+01 -1.997327312762249498e-05 -1.138113435859128579e-03
1.200000000000000000e+01 0.000000000000000000e+00 -1.997327312762249227e-04
