0.000000000000000000e+00 3.450524515472691434e+01 8.555085227743802534e+00
1.000000000000000056e-01 3.364973663195253550e+01 8.555085227743745691e+00
2.000000000000000111e-01 3.279422810917816378e+01 8.555085227743717269e+00
3.000000000000000444e-01 3.193871958640379205e+01 8.555085227743717269e+00
4.000000000000000222e-01 3.108321106362942032e+01 8.555085227743745691e+00
5.000000000000000000e-01 3.022770254085504149e+01 8.555085227743745691e+00
6.000000000000000888e-01 2.937219401808067332e+01 8.555085227743717269e+00
6.999999999999999556e-01 2.851668549530629804e+01 8.555085227743717269e+00
8.000000000000000444e-01 2.766117697253192986e+01 8.555085227743745691e+00
8.999999999999999112e-01 2.680566844975754748e+01 8.555085227743745691e+00
1.000000000000000000e+00 2.595015992698317930e+01 8.555085227743731480e+00
1.099999999999999867e+00 2.509465140420880402e+01 8.555085227743759901e+00
1.200000000000000178e+00 2.423914288143442874e+01 8.555085227743731480e+00
1.300000000000000044e+00 2.338363435866005702e+01 8.555085227743731480e+00
1.399999999999999911e+00 2.252812583588568174e+01 8.555085227743731480e+00
1.500000000000000000e+00 2.167261731311131001e+01 8.555085227743731480e+00
1.600000000000000089e+00 2.081710879033693473e+01 8.555085227743745691e+00
1.699999999999999956e+00 1.996160026756255945e+01 8.555085227743731480e+00
1.799999999999999822e+00 1.910609174478818773e+01 8.555085227743731480e+00
1.899999999999999911e+00 1.825058322201381245e+01 8.555085227743731480e+00
2.000000000000000000e+00 1.739507469923944072e+01 8.555085227743731480e+00
2.099999999999999645e+00 1.653956617646506899e+01 8.555085227743731480e+00
2.199999999999999734e+00 1.568405765369069549e+01 8.555085227743731480e+00
2.299999999999999822e+00 1.482854913091632199e+01 8.555085227743759901e+00
2.400000000000000355e+00 1.397304060814194315e+01 8.555085227743745691e+00
2.500000000000000000e+00 1.311753208536757143e+01 8.555085227743731480e+00
2.600000000000000089e+00 1.226202356259319792e+01 8.555085227743738585e+00
2.700000000000000178e+00 1.140651503981882442e+01 8.555085227743731480e+00
2.799999999999999822e+00 1.055100651704445092e+01 8.555085227743738585e+00
2.899999999999999911e+00 9.695497994270077413e+00 8.555085227743738585e+00
3.000000000000000000e+00 8.839989471495703910e+00 8.555085227743717269e+00
3.099999999999999645e+00 7.984480948721333071e+00 8.555085227743731480e+00
3.200000000000000178e+00 7.128972425946956903e+00 8.555085227743763454e+00
3.300000000000000266e+00 6.273463903172579847e+00 8.555085227743735032e+00
3.399999999999999911e+00 5.417955380398209897e+00 8.555085227743735032e+00
3.500000000000000000e+00 4.562446857623832841e+00 8.555085227743735032e+00
3.599999999999999645e+00 3.706938334849462890e+00 8.555085227743735032e+00
3.700000000000000178e+00 2.851429812075086279e+00 7.497895440895943509e+00
3.799999999999999822e+00 2.207359246670273834e+00 5.807833547462022850e+00
3.900000000000000355e+00 1.689863102582681798e+00 4.692614715356536514e+00
4.000000000000000000e+00 1.268836303598966708e+00 3.821850876640589867e+00
4.099999999999999645e+00 9.254929272545636687e-01 3.113536757651450326e+00
4.199999999999999289e+00 6.461289520686764876e-01 2.526695172628905528e+00
4.299999999999999822e+00 4.201538927287825631e-01 2.036401787465838886e+00
4.399999999999999467e+00 2.388485945755086937e-01 1.626442504988899751e+00
4.500000000000000000e+00 9.486539173100259903e-02 1.285382877664129619e+00
4.599999999999999645e+00 -1.822798095731725451e-02 1.004181437792276865e+00
4.700000000000000178e+00 -1.059708958274527824e-01 7.748446403604469790e-01
4.800000000000000711e+00 -1.731969090294066538e-01 5.904408870750559313e-01
4.900000000000000355e+00 -2.240590732424639908e-01 4.443654668742449965e-01
5.000000000000000000e+00 -2.620700024042556531e-01 3.295551988478215844e-01
5.099999999999999645e+00 -2.899701130120282966e-01 2.389545987447965203e-01
5.200000000000000178e+00 -3.098609221532149793e-01 1.661361404794923224e-01
5.299999999999999822e+00 -3.231973411079267500e-01 1.053680322851751061e-01
5.400000000000000355e+00 -3.309345286102500228e-01 5.201099297316802428e-02
5.500000000000000000e+00 -3.335995397025603992e-01 3.625507204961575525e-03
5.599999999999999645e+00 -3.316596300512423268e-01 -3.941036538425479741e-02
5.699999999999999289e+00 -3.257174666257094398e-01 -7.496205427284796663e-02
5.799999999999999822e+00 -3.166672191966727334e-01 -1.018657186442102347e-01
5.899999999999999467e+00 -3.053443228968673595e-01 -1.209982831923543944e-01
6.000000000000000000e+00 -2.924675625582018323e-01 -1.351280619349304324e-01
6.099999999999999645e+00 -2.783187105098812730e-01 -1.471229763431829429e-01
6.199999999999999289e+00 -2.630429672895652771e-01 -1.578899078583930748e-01
6.300000000000000711e+00 -2.467407289382026470e-01 -1.661907957626871379e-01
6.400000000000000355e+00 -2.298048081370278328e-01 -1.704861079011781300e-01
6.500000000000000000e+00 -2.126435073579670265e-01 -1.699553716524143665e-01
6.600000000000000533e+00 -1.958137338065449595e-01 -1.651042756078311413e-01
6.700000000000000178e+00 -1.796226522364008094e-01 -1.578797845041721715e-01
6.799999999999999822e+00 -1.642377769057105086e-01 -1.501969918118090108e-01
6.899999999999999467e+00 -1.495832538740390072e-01 -1.426998883105109472e-01
7.000000000000000000e+00 -1.356977992436083358e-01 -1.351553517783529168e-01
7.099999999999999645e+00 -1.225521835183684127e-01 -1.277205626827249141e-01
7.199999999999999289e+00 -1.101536867070633391e-01 -1.206088889487509364e-01
7.299999999999998934e+00 -9.843040572861821991e-02 -1.136282085625712757e-01
7.400000000000000355e+00 -8.742804499454909228e-02 -1.060797086429321467e-01
7.500000000000000000e+00 -7.721446400003179056e-02 -9.741346400434042208e-02
7.599999999999999645e+00 -6.794535219368100232e-02 -8.701929735594260418e-02
7.699999999999999289e+00 -5.981060452884327111e-02 -7.486050051354659063e-02
7.800000000000000711e+00 -5.297325209097168003e-02 -6.160131562788229154e-02
7.900000000000000355e+00 -4.749034140326681419e-02 -4.864833595044931736e-02
8.000000000000000000e+00 -4.324358490088181517e-02 -3.779483904133279504e-02
8.100000000000001421e+00 -3.993137359500025657e-02 -3.034856395081150793e-02
8.199999999999999289e+00 -3.717387211071951358e-02 -2.618901678023302648e-02
8.300000000000000711e+00 -3.469357023895364850e-02 -2.396068020191843839e-02
8.399999999999998579e+00 -3.238173607033582868e-02 -2.217125330979805020e-02
8.500000000000000000e+00 -3.025931957699403915e-02 -1.995807295292123529e-02
8.599999999999999645e+00 -2.839012147975157954e-02 -1.730088082428551943e-02
8.699999999999999289e+00 -2.679914341213693318e-02 -1.482805488727334531e-02
8.799999999999998934e+00 -2.542451050229690979e-02 -1.336211905156596547e-02
8.900000000000000355e+00 -2.412671960182374148e-02 -1.325276784218719361e-02
9.000000000000000000e+00 -2.277395693385947384e-02 -1.439568817019547253e-02
9.099999999999999645e+00 -2.124758196778464558e-02 -1.630425020793782598e-02
9.199999999999999289e+00 -1.951310689227190795e-02 -1.817517508443297625e-02
9.300000000000000711e+00 -1.761254695089805103e-02 -1.918601759581640975e-02
9.400000000000000355e+00 -1.567590337310862530e-02 -1.876088699147693273e-02
9.500000000000000000e+00 -1.386036955260266414e-02 -1.705993317495110156e-02
9.600000000000001421e+00 -1.226391673811840465e-02 -1.495261650033168077e-02
9.699999999999999289e+00 -1.086984625253632764e-02 -1.320239150775623371e-02
9.800000000000000711e+00 -9.623438436567157209e-03 -1.192380593077209394e-02
9.899999999999998579e+00 -8.485085066381908500e-03 -1.096191292944691253e-02
1.000000000000000000e+01 -7.431055850677774528e-03 -1.005102135435655825e-02
1.009999999999999964e+01 -6.474880795510597198e-03 -9.007747588473176414e-03
1.019999999999999929e+01 -5.629506332983139592e-03 -7.880810346577782344e-03
1.029999999999999893e+01 -4.898718726195041423e-03 -6.893374240122655122e-03
1.040000000000000036e+01 -4.250831484958608047e-03 -6.098601233855114462e-03
1.050000000000000000e+01 -3.678998479424018010e-03 -5.346096108403544656e-03
1.059999999999999964e+01 -3.181612263277899377e-03 -4.481544233141832728e-03
1.069999999999999929e+01 -2.782689632795651465e-03 -3.531851720426098032e-03
1.080000000000000071e+01 -2.475241919192679857e-03 -2.760546199062265810e-03
1.090000000000000036e+01 -2.230580392983198303e-03 -2.470224421099878956e-03
1.100000000000000000e+01 -1.981197034972703632e-03 -2.715601417513603330e-03
1.109999999999999964e+01 -1.687460109480477637e-03 -3.153482139933262013e-03
1.119999999999999929e+01 -1.350500606986051403e-03 -3.286303965251417825e-03
1.130000000000000071e+01 -1.030199316430193985e-03 -2.909534430061308692e-03
1.139999999999999858e+01 -7.685937209737897079e-04 -2.237795681647671356e-03
1.150000000000000000e+01 -5.826401801006596921e-04 -1.575965618300398646e-03
1.159999999999999964e+01 -4.534005973137099571e-04 -3.101303348124655104e-03
1.169999999999999929e+01 3.762048952427142213e-05 -2.367337187510770106e-03
1.179999999999999893e+01 2.006684018844410062e-05 1.812555687587451910e-04
1.190000000000000036e+01 1.369375772522386354e-06 1.003342009422204963e-04
1.200000000000000000e+01 0.000000000000000000e+00 1.369375772522386312e-05
