39 1 0 2
3 1 0 4
3 1 0 16
41 2 0 4
41 2 0 16
42 4 0 16
6 0 2 3
7 0 4 5
7 0 4 6
43 0 4 7
9 5 4 6
10 5 4 7
10 6 4 7
10 4 7 8
10 4 7 9
43 4 7 10
9 8 7 9
7 8 7 10
7 9 7 10
44 7 10 11
45 7 10 15
15 7 10 26
46 11 10 15
47 11 10 26
34 15 10 26
48 10 11 12
48 10 11 13
48 10 11 14
20 12 11 13
20 12 11 14
20 13 11 14
49 10 15 16
35 10 15 19
37 16 15 19
50 0 16 15
7 0 16 17
7 0 16 18
38 15 16 17
38 15 16 18
9 17 16 18
36 15 19 20
37 15 19 21
51 20 19 21
38 19 21 22
38 19 21 23
50 19 21 24
9 22 21 23
7 22 21 24
7 23 21 24
3 21 24 25
15 21 24 26
15 21 24 39
29 25 24 26
29 25 24 39
33 26 24 39
33 10 26 24
29 10 26 27
15 10 26 28
29 24 26 27
15 24 26 28
3 27 26 28
7 26 28 29
7 26 28 30
40 26 28 31
9 29 28 30
10 29 28 31
10 30 28 31
10 28 31 32
10 28 31 33
40 28 31 34
9 32 31 33
7 32 31 34
7 33 31 34
44 31 34 35
15 31 34 39
15 31 34 47
47 35 34 39
47 35 34 47
33 39 34 47
48 34 35 36
48 34 35 37
48 34 35 38
20 36 35 37
20 36 35 38
20 37 35 38
33 24 39 34
29 24 39 40
15 24 39 41
29 34 39 40
15 34 39 41
3 40 39 41
7 39 41 42
7 39 41 43
40 39 41 44
9 42 41 43
10 42 41 44
10 43 41 44
10 41 44 45
10 41 44 46
40 41 44 47
9 45 44 46
7 45 44 47
7 46 44 47
15 34 47 44
29 34 47 48
33 34 47 49
3 44 47 48
15 44 47 49
29 48 47 49
29 47 49 50
47 47 49 51
15 47 49 55
52 50 49 51
3 50 49 55
44 51 49 55
48 49 51 52
48 49 51 53
48 49 51 54
20 52 51 53
20 52 51 54
20 53 51 54
7 49 55 56
7 49 55 57
40 49 55 58
9 56 55 57
10 56 55 58
10 57 55 58
10 55 58 59
10 55 58 60
32 55 58 61
9 59 58 60
10 59 58 61
10 60 58 61
10 58 61 62
10 58 61 63
40 58 61 64
9 62 61 63
7 62 61 64
7 63 61 64
3 61 64 65
44 61 64 66
44 61 64 70
52 65 64 66
52 65 64 70
53 66 64 70
48 64 66 67
48 64 66 68
48 64 66 69
20 67 66 68
20 67 66 69
20 68 66 69
48 64 70 71
48 64 70 72
48 64 70 73
20 71 70 72
20 71 70 73
20 72 70 73
