4 -34.95890808 -18.09387779 -18.28296280
9 -35.96690750 -18.38187790 -17.90496254
14 -34.99390793 -18.00187874 -19.71096230
8 -35.63490677 -17.36387825 -19.99996185
5 -33.94390869 -19.10687828 -17.82296181
10 -32.93290710 -18.88087845 -18.23396111
10 -34.25490952 -20.09787750 -18.22996140
5 -33.91190720 -19.22687721 -16.30496216
10 -33.15390778 -19.97887802 -15.98696327
10 -34.90890884 -19.60787773 -15.98596287
4 -33.68290710 -17.85887718 -15.57396317
6 -32.19690704 -17.40787888 -15.76496315
11 -31.92490768 -17.28387833 -16.83996201
11 -31.49690819 -18.10687828 -15.24996281
11 -32.08691025 -16.40987778 -15.28096294
15 -34.53890991 -16.78987885 -16.20196152
5 -34.58691025 -16.73487854 -17.73696136
10 -35.26290894 -15.93187809 -18.10996246
10 -33.55590820 -16.49987793 -18.09796143
15 -35.22190857 -15.89187813 -15.51096153
16 -35.80190659 -15.13587761 -16.06396103
5 -35.24290848 -15.84487820 -14.00096321
10 -35.18290710 -14.79287815 -13.63996315
10 -36.22690964 -16.25187874 -13.67496300
4 -34.17390823 -16.69087791 -13.34896278
9 -33.19590759 -16.15487862 -13.40096283
4 -34.05990982 -18.02787781 -14.08096313
9 -35.08590698 -18.46787834 -14.07496262
5 -33.17290878 -19.03187752 -13.31696320
10 -32.09990692 -18.74587822 -13.40896320
10 -33.29190826 -20.02187729 -13.81396294
5 -33.54590988 -19.22187805 -11.84996319
10 -32.87490845 -19.95087814 -11.34096241
10 -34.57991028 -19.63587761 -11.81896305
4 -33.56690979 -17.85087776 -11.12396240
6 -32.10390854 -17.24087715 -11.06696320
11 -31.65590858 -17.26187706 -12.08796310
11 -31.46290779 -17.75187874 -10.31296253
11 -32.19590759 -16.17187881 -10.76196289
4 -34.53790665 -16.93487740 -11.88396263
9 -35.51890945 -17.46087837 -11.89396286
5 -34.71490860 -15.71087837 -10.96996307
10 -33.98790741 -14.88887787 -11.16096306
10 -35.74190903 -15.30787754 -11.12796307
5 -34.64690781 -16.30187798 -9.54496288
10 -33.99790955 -15.71487808 -8.85296154
10 -35.68090820 -16.29787827 -9.12496281
4 -34.18990707 -17.82287788 -9.70096302
9 -35.12490845 -18.42387772 -9.76196289
4 -33.43290710 -18.33587837 -8.47296238
9 -32.51290894 -17.71487808 -8.36696243
6 -32.97990799 -19.79387856 -8.65196323
11 -32.42990875 -20.16787720 -7.75596189
11 -32.37891006 -19.92287827 -9.58096313
11 -33.89890671 -20.41587830 -8.75896263
5 -34.28790665 -18.10387802 -7.21296215
10 -34.74990845 -17.08787727 -7.22096300
10 -35.11890793 -18.84487724 -7.23496199
5 -33.50890732 -18.34187698 -5.93196201
10 -33.10590744 -19.37787819 -5.86396217
10 -32.63790894 -17.64187813 -5.92996216
5 -34.47490692 -17.94387817 -4.63896179
10 -35.52390671 -18.29687881 -4.77896214
10 -34.49790955 -16.83187866 -4.56396198
4 -33.91590881 -18.42787743 -3.46696210
9 -33.46891022 -19.44787788 -3.53796196
6 -32.89890671 -17.26687813 -3.03596210
11 -32.44890976 -17.65687752 -2.09396195
11 -33.35990906 -16.25587845 -2.94796205
11 -32.09290695 -17.21187782 -3.80596209
6 -34.98690796 -18.27587700 -2.42996192
11 -34.53790665 -18.66287804 -1.48496199
11 -35.95190811 -18.75987816 -2.70396209
11 -35.17790985 -17.18387794 -2.29396200
