-0.30
-0.18
-0.18
-0.18
-0.18
-0.18
-0.18
-0.18
-0.18
-0.18
-0.18
-0.18
-0.18
-0.09
-0.09
0.03
-0.56
0.34
0.15
0.06
-0.54
0.34
-0.54
0.26
0.58
-0.53
-0.26
-0.18
-0.18
-0.18
-0.18
-0.18
-0.18
-0.18
-0.18
-0.18
-0.18
-0.18
-0.18
-0.18
-0.18
-0.18
-0.18
-0.18
-0.18
-0.18
-0.18
-0.18
-0.18
-0.18
-0.18
-0.18
-0.18
-0.18
0.08
-0.49
0.90
-0.63
-0.22
-0.18
-0.18
-0.18
-0.18
-0.18
-0.18
-0.09
-0.09
-0.18
-0.09
-0.09
-0.18
-0.18
-0.18
-0.18
-0.30
0.1
0.1
0.1
0.09
0.09
0.09
0.09
0.09
0.09
0.09
0.09
0.09
0.09
0.09
0.09
0.09
0.09
0.09
0.09
0.09
0.09
0.09
0.09
0.09
0.09
0.09
0.09
0.09
0.09
0.08
0.12
0.105
0.105
0.13
0.13
0.09
0.09
0.09
0.09
0.09
0.09
0.09
0.09
0.09
0.09
0.09
0.09
0.09
0.09
0.09
0.09
0.09
0.09
0.09
0.09
0.09
0.09
0.09
0.09
0.09
0.09
0.09
0.09
0.09
0.09
0.09
0.09
0.09
0.09
0.09
0.09
0.09
0.09
0.09
0.09
0.09
0.09
0.09
0.09
0.09
0.09
0.09
0.09
0.09
0.09
0.09
0.09
0.09
0.09
0.09
0.09
0.09
0.09
0.09
0.09
0.09
0.09
0.09
0.09
0.09
0.09
0.09
0.09
0.09
0.09
0.09
0.09
0.09
0.09
0.09
0.09
0.09
0.09
0.09
0.09
0.09
0.09
0.09
0.09
0.1
0.1
0.1
