6 3.66283 0.302874 3.7528
5 3.16275 -0.199133 2.3919
5 3.81555 0.486825 1.17843
5 3.20571 0.0571837 -0.16532
5 4.00347 0.537674 -1.38342
5 3.35095 0.164044 -2.72754
5 4.32305 0.309536 -3.91316
5 3.68432 0.00905381 -5.27218
5 4.71916 -0.0816824 -6.40108
5 4.08829 -0.285634 -7.78227
5 5.11453 -0.429304 -8.91485
5 4.41813 -0.530217 -10.2768
5 5.36107 -0.64209 -11.5096
15 4.62673 -0.531495 -12.8291
15 3.31496 -0.803037 -13.0021
4 2.5462 -0.766467 -14.3086
14 1.67831 -1.8986 -14.3302
8 2.24968 -2.67023 -14.3303
4 1.77233 0.548095 -14.5088
5 0.967399 0.70214 -15.8407
14 1.84702 0.777128 -16.9704
8 1.30923 0.695808 -17.7657
12 0.907808 0.867518 -13.3294
7 0.650688 1.83258 -13.4468
3 -0.218474 0.196286 -12.9611
13 -1.26386 0.732418 -13.2586
5 -0.154226 -0.618513 -11.6459
5 0.0619847 0.179866 -10.3003
5 -0.3977 -0.575123 -9.00078
5 -0.0651425 0.0933595 -7.61753
5 -0.79833 -0.501981 -6.36179
5 -0.29949 -0.0224958 -4.91353
5 -1.09835 -0.423777 -3.58454
5 -0.413267 -0.119013 -2.19279
5 -1.26509 -0.391837 -0.884119
5 -0.545522 -0.169773 0.513644
5 -1.39221 -0.34991 1.84622
5 -0.627759 -0.198249 3.22938
5 -1.45487 -0.325765 4.58405
5 -0.662715 -0.194586 5.96101
5 -1.48013 -0.291204 7.32552
5 -0.681681 -0.173856 8.70486
5 -1.50052 -0.23878 10.0745
5 -0.698744 -0.181181 11.4571
5 -1.52376 -0.186247 12.8283
5 -0.720738 -0.194974 14.2134
5 -1.54129 -0.123187 15.5849
5 -0.748714 -0.208264 16.9726
5 -1.56547 -0.0619944 18.3406
5 -0.789726 -0.225078 19.7316
5 -1.60206 -0.00865845 21.0917
5 -0.856278 -0.217497 22.4896
5 -1.68194 0.0450277 23.8303
5 -0.975867 -0.174979 25.2514
5 -1.84611 0.101476 26.5521
20 -1.14393 -0.0848131 27.8389
17 -1.91787 0.0343016 29.0496
13 -3.10566 0.250875 29.0788
5 -1.04155 -0.0983151 30.3736
5 -1.83715 -0.113638 31.7686
5 -1.00469 0.00228006 33.1093
5 -1.78856 -0.202118 34.4755
5 -1.03811 0.212473 35.8013
5 -1.63995 -0.254311 37.1885
5 -1.09631 0.495249 38.4633
15 -0.924377 -0.232156 39.7943
15 -1.22975 0.23024 41.0439
5 -0.768273 -0.422126 42.3406
15 -1.6352 -0.496669 43.6011
15 -1.1469 -0.381604 44.8556
5 -1.86768 -0.705904 46.1636
5 -1.81826 0.339167 47.3156
5 -1.86191 -0.2678 48.7405
5 -2.00089 0.739533 49.907
6 -1.84959 0.125066 51.3178
11 3.42386 1.3798 3.89798
11 3.17879 -0.270502 4.57404
11 4.76499 0.17961 3.84417
10 3.33209 -1.29858 2.31067
10 2.06468 -0.0459795 2.33827
10 3.70542 1.59045 1.27386
10 4.90451 0.249854 1.18119
10 2.16512 0.449721 -0.236548
10 3.1613 -1.05291 -0.203222
10 5.01104 0.0729112 -1.31911
10 4.14211 1.64064 -1.33646
10 3.0048 -0.895252 -2.69399
10 2.45822 0.809925 -2.88921
10 4.73794 1.33977 -3.94982
10 5.17951 -0.379898 -3.7517
10 3.1429 -0.96566 -5.21779
10 2.93152 0.799733 -5.49948
10 5.32861 0.848647 -6.42267
10 5.40274 -0.936923 -6.19043
10 3.44344 0.591811 -8.00403
10 3.42641 -1.18001 -7.7576
10 5.7309 -1.33994 -8.75094
10 5.79719 0.453569 -8.90351
10 3.77738 0.376845 -10.3841
10 3.73275 -1.40517 -10.2592
10 5.96037 -1.57608 -11.4534
10 6.09215 0.19047 -11.4445
16 5.23831 -0.236289 -13.694
16 2.79447 -1.38158 -12.2241
9 3.29255 -0.853675 -15.1384
9 2.54086 1.34913 -14.5288
10 0.359845 1.64752 -15.8171
10 0.290984 -0.173522 -15.9444
10 0.612814 -1.41307 -11.744
10 -1.15352 -1.09176 -11.6288
10 1.13817 0.455489 -10.2109
10 -0.507008 1.13888 -10.3666
10 0.0227923 -1.60747 -9.00284
10 -1.50675 -0.665105 -9.07066
10 1.03421 0.00900667 -7.47373
10 -0.321069 1.17189 -7.66995
10 -0.710729 -1.61133 -6.4086
10 -1.8742 -0.244644 -6.443
10 -0.228388 1.09064 -4.93128
10 0.72765 -0.429787 -4.79753
10 -2.08179 0.0887154 -3.65485
10 -1.28888 -1.51892 -3.61447
10 0.538811 -0.698526 -2.12766
10 -0.125639 0.953788 -2.1998
10 -1.64334 -1.44089 -0.928787
10 -2.15913 0.271345 -0.905223
10 0.304191 -0.88337 0.532785
10 -0.119122 0.857208 0.538838
10 -2.2221 0.392802 1.82433
10 -1.84541 -1.36329 1.81504
10 0.163348 -0.976118 3.26408
10 -0.118826 0.791146 3.22035
10 -2.24826 0.454735 4.55453
10 -1.97183 -1.31355 4.58295
10 -0.147537 0.790783 5.95336
10 0.125371 -0.981912 5.97587
10 -2.02082 -1.26195 7.31811
10 -2.25061 0.509227 7.31722
10 0.0644165 -0.997439 8.71554
10 -0.12309 0.788999 8.69863
10 -2.23403 0.598745 10.0636
10 -2.0893 -1.18333 10.0732
10 -0.000449686 -1.04606 11.4793
10 -0.0750425 0.73729 11.4401
10 -2.18983 -1.07883 12.8231
10 -2.18312 0.710903 12.8221
10 -0.0182617 0.667237 14.2086
10 -0.103627 -1.12008 14.2366
10 -2.10752 0.831884 15.5811
10 -2.28332 -0.948857 15.5727
10 0.0344754 0.583117 16.9654
10 -0.231446 -1.19388 16.9951
10 -2.38771 -0.810212 18.3276
10 -2.04975 0.939673 18.3338
10 -0.353066 -1.24788 19.7604
10 0.0574455 0.495139 19.7344
10 -2.47466 -0.698898 21.0749
10 -2.00001 1.03087 21.0789
10 -0.483747 -1.26353 22.5193
10 0.0337958 0.447657 22.5064
10 -2.03942 1.09785 23.7925
10 -2.58085 -0.61001 23.7969
10 -0.0768729 0.476847 25.3068
10 -0.618826 -1.22675 25.3131
10 -2.21869 1.14958 26.4941
10 -2.73784 -0.567529 26.5156
10 -0.433988 -1.02447 30.2845
10 -0.343974 0.764316 30.3625
10 -2.56509 0.731121 31.7705
10 -2.44246 -1.04626 31.811
10 -0.53219 1.01127 33.1301
10 -0.178489 -0.740551 33.0941
10 -2.07305 -1.27543 34.5473
10 -2.73045 0.384768 34.4429
10 0.00292343 -0.179449 35.7606
10 -0.970822 1.32352 35.8028
10 -2.74585 -0.13265 37.1775
10 -1.43416 -1.34406 37.2837
10 -1.69883 1.42306 38.5919
10 -0.0767572 0.845657 38.1861
16 -0.335925 -1.16051 39.7233
16 -1.68062 1.22959 41.1517
10 0.194919 0.072029 42.606
10 -0.466585 -1.46703 42.1107
16 -2.67168 -0.841651 43.4672
16 -0.0703304 -0.178931 44.9689
10 -2.95374 -0.902141 46.0246
10 -1.41881 -1.64979 46.5488
10 -0.858491 0.87695 47.2135
10 -2.65151 1.08201 47.2097
10 -0.912599 -0.812234 48.9096
10 -2.69756 -1.01542 48.7715
10 -1.2446 1.54806 49.8604
10 -3.00579 1.20331 49.7806
11 -0.836207 -0.301921 51.498
11 -2.55445 -0.719078 51.4486
11 -2.05501 0.904383 52.0894
