12	75	0	1	2
12	75	0	1	78
12	75	0	1	79
12	77	0	1	2
12	77	0	1	78
12	77	0	1	79
12	76	0	1	2
12	76	0	1	78
12	76	0	1	79
4	0	1	2	80
11	0	1	2	3
4	0	1	2	81
4	78	1	2	80
4	78	1	2	3
4	78	1	2	81
4	79	1	2	80
4	79	1	2	3
4	79	1	2	81
10	1	2	3	4
4	1	2	3	82
4	1	2	3	83
4	80	2	3	4
4	80	2	3	82
4	80	2	3	83
4	81	2	3	4
4	81	2	3	82
4	81	2	3	83
4	2	3	4	84
4	2	3	4	85
10	2	3	4	5
4	82	3	4	84
4	82	3	4	85
4	82	3	4	5
4	83	3	4	84
4	83	3	4	85
4	83	3	4	5
4	3	4	5	86
4	3	4	5	87
10	3	4	5	6
4	84	4	5	86
4	84	4	5	87
4	84	4	5	6
4	85	4	5	86
4	85	4	5	87
4	85	4	5	6
4	4	5	6	88
4	4	5	6	89
10	4	5	6	7
4	86	5	6	88
4	86	5	6	89
4	86	5	6	7
4	87	5	6	88
4	87	5	6	89
4	87	5	6	7
10	5	6	7	8
4	5	6	7	91
4	5	6	7	90
4	88	6	7	8
4	88	6	7	91
4	88	6	7	90
4	89	6	7	8
4	89	6	7	91
4	89	6	7	90
4	6	7	8	92
10	6	7	8	9
4	6	7	8	93
4	91	7	8	92
4	91	7	8	9
4	91	7	8	93
4	90	7	8	92
4	90	7	8	9
4	90	7	8	93
10	7	8	9	10
4	7	8	9	95
4	7	8	9	94
4	92	8	9	10
4	92	8	9	95
4	92	8	9	94
4	93	8	9	10
4	93	8	9	95
4	93	8	9	94
10	8	9	10	11
4	8	9	10	97
4	8	9	10	96
4	95	9	10	11
4	95	9	10	97
4	95	9	10	96
4	94	9	10	11
4	94	9	10	97
4	94	9	10	96
10	9	10	11	12
4	9	10	11	99
4	9	10	11	98
4	97	10	11	12
4	97	10	11	99
4	97	10	11	98
4	96	10	11	12
4	96	10	11	99
4	96	10	11	98
4	10	11	12	13
4	10	11	12	100
4	10	11	12	101
4	99	11	12	13
4	99	11	12	100
4	99	11	12	101
4	98	11	12	13
4	98	11	12	100
4	98	11	12	101
28	11	12	13	14
29	11	12	13	102
26	100	12	13	14
27	100	12	13	102
26	101	12	13	14
27	101	12	13	102
30	12	13	14	15
31	12	13	14	103
17	102	13	14	15
18	102	13	14	103
32	13	14	15	16
33	13	14	15	18
15	13	14	15	104
16	103	14	15	16
34	103	14	15	18
18	103	14	15	104
14	14	15	16	17
14	18	15	16	17
14	104	15	16	17
3	14	15	18	22
3	14	15	18	105
3	14	15	18	19
3	16	15	18	22
3	16	15	18	105
3	16	15	18	19
3	104	15	18	22
3	104	15	18	105
3	104	15	18	19
2	15	18	22	23
5	15	18	22	24
2	105	18	22	23
2	105	18	22	24
2	19	18	22	23
5	19	18	22	24
3	15	18	19	107
3	15	18	19	106
3	15	18	19	20
3	22	18	19	107
3	22	18	19	106
3	22	18	19	20
3	105	18	19	107
3	105	18	19	106
3	105	18	19	20
13	18	19	20	21
13	107	19	20	21
13	106	19	20	21
1	18	22	24	25
1	18	22	24	26
1	23	22	24	25
1	23	22	24	26
6	22	24	26	108
6	22	24	26	109
7	22	24	26	27
8	25	24	26	108
8	25	24	26	109
9	25	24	26	27
4	24	26	27	111
4	24	26	27	110
4	24	26	27	28
4	108	26	27	111
4	108	26	27	110
4	108	26	27	28
4	109	26	27	111
4	109	26	27	110
4	109	26	27	28
10	26	27	28	29
4	26	27	28	112
4	26	27	28	113
4	111	27	28	29
4	111	27	28	112
4	111	27	28	113
4	110	27	28	29
4	110	27	28	112
4	110	27	28	113
10	27	28	29	30
4	27	28	29	114
4	27	28	29	115
4	112	28	29	30
4	112	28	29	114
4	112	28	29	115
4	113	28	29	30
4	113	28	29	114
4	113	28	29	115
10	28	29	30	31
4	28	29	30	117
4	28	29	30	116
4	114	29	30	31
4	114	29	30	117
4	114	29	30	116
4	115	29	30	31
4	115	29	30	117
4	115	29	30	116
10	29	30	31	32
4	29	30	31	119
4	29	30	31	118
4	117	30	31	32
4	117	30	31	119
4	117	30	31	118
4	116	30	31	32
4	116	30	31	119
4	116	30	31	118
4	30	31	32	120
4	30	31	32	121
10	30	31	32	33
4	119	31	32	120
4	119	31	32	121
4	119	31	32	33
4	118	31	32	120
4	118	31	32	121
4	118	31	32	33
10	31	32	33	34
4	31	32	33	123
4	31	32	33	122
4	120	32	33	34
4	120	32	33	123
4	120	32	33	122
4	121	32	33	34
4	121	32	33	123
4	121	32	33	122
4	32	33	34	124
4	32	33	34	125
10	32	33	34	35
4	123	33	34	124
4	123	33	34	125
4	123	33	34	35
4	122	33	34	124
4	122	33	34	125
4	122	33	34	35
10	33	34	35	36
4	33	34	35	126
4	33	34	35	127
4	124	34	35	36
4	124	34	35	126
4	124	34	35	127
4	125	34	35	36
4	125	34	35	126
4	125	34	35	127
4	34	35	36	128
10	34	35	36	37
4	34	35	36	129
4	126	35	36	128
4	126	35	36	37
4	126	35	36	129
4	127	35	36	128
4	127	35	36	37
4	127	35	36	129
4	35	36	37	131
4	35	36	37	130
10	35	36	37	38
4	128	36	37	131
4	128	36	37	130
4	128	36	37	38
4	129	36	37	131
4	129	36	37	130
4	129	36	37	38
10	36	37	38	39
4	36	37	38	132
4	36	37	38	133
4	131	37	38	39
4	131	37	38	132
4	131	37	38	133
4	130	37	38	39
4	130	37	38	132
4	130	37	38	133
10	37	38	39	40
4	37	38	39	134
4	37	38	39	135
4	132	38	39	40
4	132	38	39	134
4	132	38	39	135
4	133	38	39	40
4	133	38	39	134
4	133	38	39	135
10	38	39	40	41
4	38	39	40	136
4	38	39	40	137
4	134	39	40	41
4	134	39	40	136
4	134	39	40	137
4	135	39	40	41
4	135	39	40	136
4	135	39	40	137
10	39	40	41	42
4	39	40	41	138
4	39	40	41	139
4	136	40	41	42
4	136	40	41	138
4	136	40	41	139
4	137	40	41	42
4	137	40	41	138
4	137	40	41	139
4	40	41	42	140
10	40	41	42	43
4	40	41	42	141
4	138	41	42	140
4	138	41	42	43
4	138	41	42	141
4	139	41	42	140
4	139	41	42	43
4	139	41	42	141
10	41	42	43	44
4	41	42	43	142
4	41	42	43	143
4	140	42	43	44
4	140	42	43	142
4	140	42	43	143
4	141	42	43	44
4	141	42	43	142
4	141	42	43	143
4	42	43	44	144
10	42	43	44	45
4	42	43	44	145
4	142	43	44	144
4	142	43	44	45
4	142	43	44	145
4	143	43	44	144
4	143	43	44	45
4	143	43	44	145
4	43	44	45	147
4	43	44	45	146
10	43	44	45	46
4	144	44	45	147
4	144	44	45	146
4	144	44	45	46
4	145	44	45	147
4	145	44	45	146
4	145	44	45	46
10	44	45	46	47
4	44	45	46	148
4	44	45	46	149
4	147	45	46	47
4	147	45	46	148
4	147	45	46	149
4	146	45	46	47
4	146	45	46	148
4	146	45	46	149
10	45	46	47	48
4	45	46	47	150
4	45	46	47	151
4	148	46	47	48
4	148	46	47	150
4	148	46	47	151
4	149	46	47	48
4	149	46	47	150
4	149	46	47	151
4	46	47	48	152
4	46	47	48	153
10	46	47	48	49
4	150	47	48	152
4	150	47	48	153
4	150	47	48	49
4	151	47	48	152
4	151	47	48	153
4	151	47	48	49
4	47	48	49	155
10	47	48	49	50
4	47	48	49	154
4	152	48	49	155
4	152	48	49	50
4	152	48	49	154
4	153	48	49	155
4	153	48	49	50
4	153	48	49	154
4	48	49	50	156
4	48	49	50	157
10	48	49	50	51
4	155	49	50	156
4	155	49	50	157
4	155	49	50	51
4	154	49	50	156
4	154	49	50	157
4	154	49	50	51
4	49	50	51	158
10	49	50	51	52
4	49	50	51	159
4	156	50	51	158
4	156	50	51	52
4	156	50	51	159
4	157	50	51	158
4	157	50	51	52
4	157	50	51	159
10	50	51	52	53
4	50	51	52	160
4	50	51	52	161
4	158	51	52	53
4	158	51	52	160
4	158	51	52	161
4	159	51	52	53
4	159	51	52	160
4	159	51	52	161
10	51	52	53	54
4	51	52	53	162
4	51	52	53	163
4	160	52	53	54
4	160	52	53	162
4	160	52	53	163
4	161	52	53	54
4	161	52	53	162
4	161	52	53	163
4	52	53	54	164
4	52	53	54	165
35	52	53	54	55
4	162	53	54	164
4	162	53	54	165
4	162	53	54	55
4	163	53	54	164
4	163	53	54	165
4	163	53	54	55
36	53	54	55	56
37	164	54	55	56
37	165	54	55	56
38	54	55	56	57
39	54	55	56	58
40	55	56	58	167
40	55	56	58	166
41	55	56	58	59
42	57	56	58	167
42	57	56	58	166
43	57	56	58	59
44	56	58	59	168
44	56	58	59	169
45	56	58	59	60
4	167	58	59	168
4	167	58	59	169
4	167	58	59	60
4	166	58	59	168
4	166	58	59	169
4	166	58	59	60
4	58	59	60	171
4	58	59	60	170
10	58	59	60	61
4	168	59	60	171
4	168	59	60	170
4	168	59	60	61
4	169	59	60	171
4	169	59	60	170
4	169	59	60	61
10	59	60	61	62
4	59	60	61	172
4	59	60	61	173
4	171	60	61	62
4	171	60	61	172
4	171	60	61	173
4	170	60	61	62
4	170	60	61	172
4	170	60	61	173
4	60	61	62	175
4	60	61	62	174
10	60	61	62	63
4	172	61	62	175
4	172	61	62	174
4	172	61	62	63
4	173	61	62	175
4	173	61	62	174
4	173	61	62	63
4	61	62	63	176
10	61	62	63	64
4	61	62	63	177
4	175	62	63	176
4	175	62	63	64
4	175	62	63	177
4	174	62	63	176
4	174	62	63	64
4	174	62	63	177
4	62	63	64	65
4	62	63	64	178
4	62	63	64	179
4	176	63	64	65
4	176	63	64	178
4	176	63	64	179
4	177	63	64	65
4	177	63	64	178
4	177	63	64	179
28	63	64	65	66
29	63	64	65	180
26	178	64	65	66
27	178	64	65	180
26	179	64	65	66
27	179	64	65	180
31	64	65	66	181
46	64	65	66	67
18	180	65	66	181
31	180	65	66	67
26	65	66	67	183
26	65	66	67	182
47	65	66	67	68
27	181	66	67	183
27	181	66	67	182
48	181	66	67	68
48	66	67	68	184
47	66	67	68	69
27	183	67	68	184
26	183	67	68	69
27	182	67	68	184
26	182	67	68	69
46	67	68	69	70
31	67	68	69	185
31	184	68	69	70
18	184	68	69	185
26	68	69	70	187
26	68	69	70	186
28	68	69	70	71
27	185	69	70	187
27	185	69	70	186
29	185	69	70	71
4	69	70	71	72
4	69	70	71	188
4	69	70	71	189
4	187	70	71	72
4	187	70	71	188
4	187	70	71	189
4	186	70	71	72
4	186	70	71	188
4	186	70	71	189
10	70	71	72	73
4	70	71	72	191
4	70	71	72	190
4	188	71	72	73
4	188	71	72	191
4	188	71	72	190
4	189	71	72	73
4	189	71	72	191
4	189	71	72	190
4	71	72	73	192
4	71	72	73	193
11	71	72	73	74
4	191	72	73	192
4	191	72	73	193
4	191	72	73	74
4	190	72	73	192
4	190	72	73	193
4	190	72	73	74
12	72	73	74	196
12	72	73	74	194
12	72	73	74	195
12	192	73	74	196
12	192	73	74	194
12	192	73	74	195
12	193	73	74	196
12	193	73	74	194
12	193	73	74	195
22 0 1 2 3
23 0 1 2 3
23 0 1 2 3
19 1 2 3 4
20 1 2 3 4
21 1 2 3 4
19 2 3 4 5
20 2 3 4 5
21 2 3 4 5 
19 3 4 5 6
20 3 4 5 6
21 3 4 5 6
19 4 5 6 7
20 4 5 6 7
21 4 5 6 7
19 5 6 7 8
20 5 6 7 8
21 5 6 7 8
19 6 7 8 9
20 6 7 8 9
21 6 7 8 9
19 7 8 9 10
20 7 8 9 10
21 7 8 9 10
19 8 9 10 11
20 8 9 10 11
21 8 9 10 11
19 9 10 11 12
20 9 10 11 12
21 9 10 11 12
19 26 27 28 29
20 26 27 28 29
21 26 27 28 29
19 27 28 29 30
20 27 28 29 30
21 27 28 29 30
19 28 29 30 31
20 28 29 30 31
21 28 29 30 31
19 29 30 31 32
20 29 30 31 32
21 29 30 31 32
19 30 31 32 32
20 30 31 32 32
21 30 31 32 32
19 31 32 33 34
20 31 32 33 34
21 31 32 33 34
19 32 33 34 35
20 32 33 34 35
21 32 33 34 35
19 33 34 35 36
20 33 34 35 36
21 33 34 35 36
19 34 35 36 37
20 34 35 36 37
21 34 35 36 37
19 35 36 37 38
20 35 36 37 38
21 35 36 37 38
19 36 37 38 39
20 36 37 38 39
21 36 37 38 39
19 37 38 39 40
20 37 38 39 40
21 37 38 39 40
19 38 39 40 41
20 38 39 40 41
21 38 39 40 41
19 39 40 41 42
20 39 40 41 42
21 39 40 41 42
19 40 41 42 43
20 40 41 42 43
21 40 41 42 43
19 41 42 43 44
20 41 42 43 44
21 41 42 43 44
19 42 43 44 45
20 42 43 44 45
21 42 43 44 45
19 43 44 45 46
20 43 44 45 46 
21 43 44 45 46
19 44 45 46 47
20 44 45 46 47
21 44 45 46 47
19 45 46 47 48
20 45 46 47 48
21 45 46 47 48
19 46 47 48 49
20 46 47 48 49
21 46 47 48 49
19 47 48 49 50
20 47 48 49 50
21 47 48 49 50
19 48 49 50 51
20 48 49 50 51
21 48 49 50 51
19 49 50 51 52
20 49 50 51 52
21 49 50 51 52
19 50 51 52 53
20 50 51 52 53
21 50 51 52 53
19 51 52 53 54
20 51 52 53 54
21 51 52 53 54
19 58 59 60 61
20 58 59 60 61
21 58 59 60 61
19 59 60 61 62
20 59 60 61 62
21 59 60 61 62
19 60 61 62 63
20 60 61 62 63
21 60 61 62 63
19 61 62 63 64
20 61 62 63 64
21 61 62 63 64
19 70 71 72 73
20 70 71 72 73
21 70 71 72 73
22 71 72 73 74
23 71 72 73 74
24 71 72 73 74
49 10 11 12 13
50 10 11 12 13
49 69 70 71 72
50 69 70 71 72
51 11 12 13 14
52 11 12 13 14
51 63 64 65 66
51 68 69 70 71
52 63 64 65 66
52 68 69 70 71
53 69 68 67 66
54 69 68 67 66
55 69 68 67 66
53 65 66 67 68
54 65 66 67 68
55 65 66 67 68
56 12 13 14 15
56 64 65 66 67
56 67 68 69 70
57 11 12 13 14
58 11 12 13 14
59 54 55 56 57
60 55 56 58 59
61 55 56 58 59
62 55 56 58 59

