0.000000000000000000e+00 4.632528758959454649e+02 9.907104902654305079e+02
1.666666666666666644e-02 4.467410343915216231e+02 9.907104902654288026e+02
3.333333333333333287e-02 4.302291928870978381e+02 9.907104902654270973e+02
5.000000000000000278e-02 4.137173513826740532e+02 9.907104902654270973e+02
6.666666666666666574e-02 3.972055098782502682e+02 9.907104902654288026e+02
8.333333333333332871e-02 3.806936683738264264e+02 9.907104902654288026e+02
1.000000000000000056e-01 3.641818268694026415e+02 9.907104902654288026e+02
1.166666666666666685e-01 3.476699853649787997e+02 9.907104902654288026e+02
1.333333333333333315e-01 3.311581438605550147e+02 9.907104902654288026e+02
1.499999999999999944e-01 3.146463023561311729e+02 9.907104902654270973e+02
1.666666666666666574e-01 2.981344608517074448e+02 9.907104902654270973e+02
1.833333333333333204e-01 2.816226193472836030e+02 9.907104902654305079e+02
2.000000000000000111e-01 2.651107778428597612e+02 9.907104902654288026e+02
2.166666666666666741e-01 2.485989363384359763e+02 9.907104902654280068e+02
2.333333333333333370e-01 2.320870948340121629e+02 9.907104902654280068e+02
2.500000000000000000e-01 2.155752533295883779e+02 9.907104902654280068e+02
2.666666666666666630e-01 1.990634118251645646e+02 9.907104902654288026e+02
2.833333333333333259e-01 1.825515703207407512e+02 9.907104902654280068e+02
2.999999999999999889e-01 1.660397288163169662e+02 9.907104902654280068e+02
3.166666666666666519e-01 1.495278873118931529e+02 9.907104902654280068e+02
3.333333333333333148e-01 1.330160458074693679e+02 9.907104902654280068e+02
3.499999999999999778e-01 1.165042043030455545e+02 9.907104902654280068e+02
3.666666666666666408e-01 9.999236279862176957e+01 9.907104902654280068e+02
3.833333333333333037e-01 8.348052129419795619e+01 9.907104902654300531e+02
4.000000000000000222e-01 6.696867978977410019e+01 9.907104902654297121e+02
4.166666666666666852e-01 5.045683828535030102e+01 9.907104902654281204e+02
4.333333333333333481e-01 3.394499678092649475e+01 9.907104902654283478e+02
4.500000000000000111e-01 1.743315527650269203e+01 7.279690607037351811e+02
4.666666666666666741e-01 9.679361424135324299e+00 3.746201430688912524e+02
4.833333333333333370e-01 4.945817174206316835e+00 2.332265312391358805e+02
5.000000000000000000e-01 1.905143716164128476e+00 1.486829667130660937e+02
5.166666666666666075e-01 -1.028171622922016692e-02 9.382495734510241903e+01
5.333333333333333259e-01 -1.222354862005952336e+00 6.356448833893806949e+01
5.500000000000000444e-01 -2.129097994193822618e+00 5.348289254434169493e+01
5.666666666666666519e-01 -3.005117946817342123e+00 5.336714063724559765e+01
5.833333333333333703e-01 -3.908002682102009295e+00 5.113320768856114995e+01
5.999999999999999778e-01 -4.709558203102713669e+00 3.971974809337872614e+01
6.166666666666666963e-01 -5.231994285214633500e+00 1.912794447259620512e+01
6.333333333333333037e-01 -5.347156352189253781e+00 -6.400465321971102739e+00
6.500000000000000222e-01 -5.018645441148930075e+00 -3.104807036863920189e+01
6.666666666666666297e-01 -4.312220673234613777e+00 -4.826188583144381994e+01
6.833333333333333481e-01 -3.409915913434136137e+00 -5.223556275867903764e+01
6.999999999999999556e-01 -2.571035247945312463e+00 -4.244026352833162719e+01
7.166666666666666741e-01 -1.995240462489748623e+00 -2.645514976221921088e+01
7.333333333333332815e-01 -1.689196922538005463e+00 -1.435603229399690761e+01
7.500000000000000000e-01 -1.516706052689851703e+00 -9.320430612160608419e+00
7.666666666666666075e-01 -1.378515902132651849e+00 -6.642717454021534351e+00
7.833333333333333259e-01 -1.295282137555800572e+00 -1.898020627310617048e+00
8.000000000000000444e-01 -1.315248547888964614e+00 3.799372176456354833e+00
8.166666666666666519e-01 -1.421927876771012400e+00 7.610699971315884049e+00
8.333333333333333703e-01 -1.568938546932827416e+00 8.577979497534855113e+00
8.499999999999999778e-01 -1.707860526688840919e+00 6.938790451155059102e+00
8.666666666666666963e-01 -1.800231561971329386e+00 3.493524064536455143e+00
8.833333333333333037e-01 -1.824311328840056090e+00 -7.470048562412268112e-01
9.000000000000000222e-01 -1.775331400096621826e+00 -4.908281728619305895e+00
9.166666666666666297e-01 -1.660701937886079227e+00 -8.396665257960194140e+00
9.333333333333333481e-01 -1.495442558164615354e+00 -1.089780959478802203e+01
9.499999999999999556e-01 -1.297441618059811841e+00 -1.217692951063511231e+01
9.666666666666666741e-01 -1.089544907810111596e+00 -1.231684716127295154e+01
9.833333333333332815e-01 -8.868800460173801303e-01 -1.182211527833332632e+01
1.000000000000000000e+00 -6.954743985323340594e-01 -1.108603258486708576e+01
1.016666666666666607e+00 -5.173456265218105976e-01 -1.014444445411071527e+01
1.033333333333333215e+00 -3.573262500619768800e-01 -9.147591728908924580e+00
1.050000000000000044e+00 -2.124259022248464746e-01 -8.267634790556172675e+00
1.066666666666666652e+00 -8.173842371010447971e-02 -7.487872412329540595e+00
1.083333333333333259e+00 3.716984485280488970e-02 -6.796444782582525157e+00
1.100000000000000089e+00 1.448097357093130200e-01 -6.103504607464769194e+00
1.116666666666666696e+00 2.406199984349638721e-01 -5.218064436879408241e+00
1.133333333333333304e+00 3.187452169386266188e-01 -4.101097670578028875e+00
1.149999999999999911e+00 3.773232541208981772e-01 -2.690259863046526423e+00
1.166666666666666741e+00 4.084205457068441625e-01 -1.026900071463193287e+00
1.183333333333333348e+00 4.115532565030046164e-01 6.281872575545266457e-01
1.199999999999999956e+00 3.874809704550266076e-01 2.086950465944579225e+00
1.216666666666666563e+00 3.419882409715186422e-01 3.133492440720210936e+00
1.233333333333333393e+00 2.830312224310195801e-01 3.648983095408659505e+00
1.250000000000000000e+00 2.203554711245633291e-01 3.700112402879271567e+00
1.266666666666666607e+00 1.596941423350438649e-01 3.472403645076651113e+00
1.283333333333333215e+00 1.046086829553416198e-01 3.192467377055618893e+00
1.300000000000000044e+00 5.327856309985656152e-02 3.081008299931768946e+00
1.316666666666666652e+00 1.908406290949328510e-03 3.167096308690099615e+00
1.333333333333333259e+00 -5.229131385648008723e-02 3.244682369442191572e+00
1.350000000000000089e+00 -1.062476726904570679e-01 3.104480731468809651e+00
1.366666666666666696e+00 -1.557740049054404108e-01 2.713162517160976339e+00
1.383333333333333304e+00 -1.966864232624896125e-01 2.103703587764101268e+00
1.399999999999999911e+00 -2.258974578309104475e-01 1.241026672477470782e+00
1.416666666666666741e+00 -2.380539790117386367e-01 2.167705137232278645e-01
1.433333333333333348e+00 -2.331231416216847097e-01 -7.164350725218471272e-01
1.449999999999999956e+00 -2.141728099276770658e-01 -1.323415776199118987e+00
1.466666666666666563e+00 -1.890092824150474138e-01 -1.582070036508873789e+00
1.483333333333333393e+00 -1.614371420440479377e-01 -1.528842467949965922e+00
1.500000000000000000e+00 -1.380478668167152145e-01 -1.140796063557481865e+00
1.516666666666666607e+00 -1.234106065921318773e-01 -5.402565618131516256e-01
1.533333333333333215e+00 -1.200393147562768270e-01 -1.244587723962062298e-02
1.550000000000000044e+00 -1.229957440174778566e-01 2.310498775969138663e-01
1.566666666666666652e+00 -1.277409773428406226e-01 1.920344723187770997e-01
1.583333333333333259e+00 -1.293968930947704266e-01 8.606541270768847118e-02
1.600000000000000089e+00 -1.306098244330969049e-01 1.882922701788797282e-01
1.616666666666666696e+00 -1.356733021007330842e-01 4.813336299453216394e-01
1.633333333333333304e+00 -1.466542787646076262e-01 7.076880827489923087e-01
1.649999999999999911e+00 -1.592629048590328278e-01 6.728185456230700856e-01
1.666666666666666741e+00 -1.690815636187099624e-01 3.471655828246875131e-01
1.683333333333333348e+00 -1.708350909531890782e-01 -2.292409427096295249e-01
1.699999999999999956e+00 -1.614401988617223116e-01 -9.308382906057555140e-01
1.716666666666666563e+00 -1.398071479329972278e-01 -1.571531188914605304e+00
1.733333333333333393e+00 -1.090558258979021367e-01 -1.982850973612925838e+00
1.750000000000000000e+00 -7.371211547923303686e-02 -2.096990763325977447e+00
1.766666666666666607e+00 -3.915613378703622360e-02 -1.945139123021377925e+00
1.783333333333333215e+00 -8.874144711853767381e-03 -1.605265652741150406e+00
1.800000000000000044e+00 1.435272130433546019e-02 -1.169248362751579284e+00
1.816666666666666652e+00 3.010080071319887543e-02 -7.282316722908425133e-01
1.833333333333333259e+00 3.862711038069687602e-02 -3.507256151952085621e-01
1.849999999999999867e+00 4.179165455303916060e-02 -1.031087888556735804e-01
1.866666666666666696e+00 4.206407000921932871e-02 1.217767490696242128e-02
1.883333333333333304e+00 4.138573205614041323e-02 7.448880688171018172e-02
1.899999999999999911e+00 3.958110977982898931e-02 1.664000714288386418e-01
1.916666666666666741e+00 3.583906300851245896e-02 3.015514640917144606e-01
1.933333333333333348e+00 2.952939431010517465e-02 9.564908582950844007e-01
1.949999999999999956e+00 3.956034398676314817e-03 8.755422247240518541e-01
1.966666666666666563e+00 3.446534859701113154e-04 1.179660180051273766e-01
1.983333333333333393e+00 2.383379850540253331e-05 1.033960457910334044e-02
2.000000000000000000e+00 0.000000000000000000e+00 1.430027910324151944e-03
