0.000000000000000000e+00 2.864738622622354887e+04 2.675866306897511822e+05
1.666666666666666644e-02 2.418760904806102917e+04 2.468984684460810677e+05
3.333333333333333287e-02 2.041743727802084686e+04 2.087100238085822784e+05
5.000000000000000278e-02 1.723060825444162037e+04 1.764069920727511344e+05
6.666666666666666574e-02 1.453720420892914262e+04 1.490840327136257256e+05
8.333333333333332871e-02 1.226114049732076273e+04 1.259749372081356414e+05
1.000000000000000056e-01 1.033803963532462149e+04 1.064312580817396520e+05
1.166666666666666685e-01 8.713431894596107668e+03 8.990421971831869450e+04
1.333333333333333315e-01 7.341232311380665124e+03 7.592940704822004773e+04
1.499999999999999944e-01 6.182451659655439471e+03 6.411380559087989968e+04
1.666666666666666574e-01 5.204105458351335074e+03 5.412483181308767962e+04
1.833333333333333204e-01 4.378290599219183605e+03 4.568104819507461798e+04
2.000000000000000111e-01 3.681403851848847808e+03 3.854430431762826629e+04
2.166666666666666741e-01 3.093480455298241395e+03 3.251308500085495325e+04
2.333333333333333370e-01 2.597634351820349366e+03 2.741688014493259470e+04
2.500000000000000000e-01 2.179584450467154966e+03 2.311141938137563557e+04
2.666666666666666630e-01 1.827253705774494847e+03 1.947463873235924984e+04
2.833333333333333259e-01 1.530429826055180001e+03 1.640326686631302437e+04
2.999999999999999889e-01 1.280478143564060701e+03 1.380993579806925300e+04
3.166666666666666519e-01 1.070098632786204917e+03 1.162073549196764543e+04
3.333333333333333148e-01 8.931202938318058386e+02 9.773144193305715817e+03
3.499999999999999778e-01 7.443271596760143893e+02 8.214276781761982420e+03
3.666666666666666408e-01 6.193110677730730913e+02 6.899402301418015668e+03
3.833333333333333037e-01 5.143470829620805489e+02 5.790689322517439905e+03
4.000000000000000222e-01 4.262880903558250907e+02 4.856144138997066875e+03
4.166666666666666852e-01 3.524756116621783235e+02 4.068712179915039997e+03
4.333333333333333481e-01 2.906643510253237537e+02 3.405517561844529155e+03
4.500000000000000111e-01 2.389583596006940240e+02 2.847219559782570741e+03
4.666666666666666741e-01 1.957570323659047347e+02 2.377468033380426277e+03
4.833333333333333370e-01 1.597094251546798205e+02 1.982442604104694283e+03
5.000000000000000000e-01 1.296756122290815938e+02 1.650462714125002776e+03
5.166666666666666075e-01 1.046940013505130622e+02 1.889217223652117127e+03
5.333333333333333259e-01 6.670170477401102005e+01 2.039851720599666351e+03
5.500000000000000444e-01 3.669894399719085243e+01 1.464745072214757784e+03
5.666666666666666519e-01 1.787686903351909251e+01 6.139154327003794833e+02
5.833333333333333703e-01 1.623509624051153821e+01 2.004916057197312966e+02
5.999999999999999778e-01 1.119381550952804893e+01 1.631920527279195028e+02
6.166666666666666963e-01 1.079536114958088788e+01 4.800835909872887441e+01
6.333333333333333037e-01 9.593536872903753121e+00 7.701219397215174922e+01
6.500000000000000222e-01 8.228288017175829694e+00 8.069344656900763368e+01
6.666666666666666297e-01 6.903755320603498724e+00 7.680079412822497886e+01
6.833333333333333481e-01 5.668261546234997006e+00 7.083499036065636290e+01
6.999999999999999556e-01 4.542588975248286864e+00 6.456422310190892233e+01
7.166666666666666741e-01 3.516120776171366202e+00 5.956167436107810431e+01
7.333333333333332815e-01 2.557199829879016839e+00 5.552521360631133973e+01
7.500000000000000000e-01 1.665280322627654908e+00 5.095626354343539077e+01
7.666666666666666075e-01 8.586577117645036727e-01 4.567911381358164391e+01
7.833333333333333259e-01 1.426431955082667902e-01 4.053461109991848588e+01
8.000000000000000444e-01 -4.924959915661126231e-01 3.616513391649253606e+01
8.166666666666666519e-01 -1.062861268374817758e+00 3.230738579665019472e+01
8.333333333333333703e-01 -1.569408851454452414e+00 2.812453163223706554e+01
8.499999999999999778e-01 -2.000345656116053306e+00 2.388606661281905374e+01
8.666666666666666963e-01 -2.365611071881754235e+00 2.068643682976422937e+01
8.833333333333333037e-01 -2.689893550441527559e+00 1.833844400503828709e+01
9.000000000000000222e-01 -2.976892538716363834e+00 1.568065574954308516e+01
9.166666666666666297e-01 -3.212582075426297035e+00 1.244173524866012492e+01
9.333333333333333481e-01 -3.391617047005034635e+00 9.324893478998813379e+00
9.499999999999999556e-01 -3.523411858059590784e+00 6.810252105577756510e+00
9.666666666666666741e-01 -3.618625450524293186e+00 4.808031519820783473e+00
9.833333333333332815e-01 -3.683679575386950233e+00 3.206671713587105899e+00
1.000000000000000000e+00 -3.725514507643863382e+00 1.834579795600275176e+00
1.016666666666666607e+00 -3.744832235240292739e+00 2.086132891904091125e-01
1.033333333333333215e+00 -3.732468283950210353e+00 -1.742576738222321175e+00
1.050000000000000044e+00 -3.686746343966215367e+00 -3.319126463062289645e+00
1.066666666666666652e+00 -3.621830735181467364e+00 -4.107349848921866275e+00
1.083333333333333259e+00 -3.549834682335486491e+00 -4.593336391408961994e+00
1.100000000000000089e+00 -3.468719522134501965e+00 -5.444728305613191210e+00
1.116666666666666696e+00 -3.368343738815046784e+00 -6.697467947132205168e+00
1.133333333333333304e+00 -3.245470590563428459e+00 -7.958026006027787425e+00
1.149999999999999911e+00 -3.103076205280787203e+00 -9.050741210519577251e+00
1.166666666666666741e+00 -2.943779216879442551e+00 -9.915891028999030965e+00
1.183333333333333348e+00 -2.772546504314152838e+00 -1.035965072803897158e+01
1.199999999999999956e+00 -2.598457525944810165e+00 -1.045840197395823346e+01
1.216666666666666563e+00 -2.423933105182211722e+00 -1.060920381527674650e+01
1.233333333333333393e+00 -2.244817398768918615e+00 -1.086879310719939795e+01
1.250000000000000000e+00 -2.061640001608898487e+00 -1.086089555228760339e+01
1.266666666666666607e+00 -1.882787547025998487e+00 -1.041207319573653045e+01
1.283333333333333215e+00 -1.714570895084347457e+00 -9.724099474964626566e+00
1.300000000000000044e+00 -1.558650897860510920e+00 -8.966888627628227582e+00
1.316666666666666652e+00 -1.415674607496739901e+00 -8.268547378495119560e+00
1.333333333333333259e+00 -1.283032651910673616e+00 -7.853522272388944181e+00
1.350000000000000089e+00 -1.153890531750441761e+00 -7.636743697531569453e+00
1.366666666666666696e+00 -1.028474528659621301e+00 -7.178232139765039932e+00
1.383333333333333304e+00 -9.146161270916071118e-01 -6.354260807630974561e+00
1.399999999999999911e+00 -8.166658350719221415e-01 -5.497966068945524754e+00
1.416666666666666741e+00 -7.313505914600896274e-01 -4.901992269416189707e+00
1.433333333333333348e+00 -6.532660927580491439e-01 -4.585977497140341974e+00
1.449999999999999956e+00 -5.784846748887448875e-01 -4.445663039583640952e+00
1.466666666666666563e+00 -5.050773247719277936e-01 -4.380724694228225857e+00
1.483333333333333393e+00 -4.324605184144706960e-01 -4.322831297774683890e+00
1.500000000000000000e+00 -3.609829481794383232e-01 -4.118004236075040403e+00
1.516666666666666607e+00 -2.951937105453026899e-01 -3.584032716248653383e+00
1.533333333333333215e+00 -2.415151909711498734e-01 -2.853509276575568965e+00
1.550000000000000044e+00 -2.000767346594503893e-01 -2.259787676106769450e+00
1.566666666666666652e+00 -1.661889351009242233e-01 -1.850028358209449220e+00
1.583333333333333259e+00 -1.384091227191354134e-01 -1.472916797570390290e+00
1.600000000000000089e+00 -1.170917085152445442e-01 -1.182121873220566055e+00
1.616666666666666696e+00 -9.900506027844988011e-02 -1.039700987648394470e+00
1.633333333333333304e+00 -8.243500892696473126e-02 -8.406486338543833758e-01
1.649999999999999911e+00 -7.098343914997043425e-02 -4.798227613540106962e-01
1.666666666666666741e+00 -6.644091688183104139e-02 -1.553296821100547120e-01
1.683333333333333348e+00 -6.580578307963527718e-02 2.288052916640845313e-02
1.699999999999999956e+00 -6.720360118737798982e-02 1.196764341240691421e-01
1.716666666666666563e+00 -6.979499755043758191e-02 1.384338727106496081e-01
1.733333333333333393e+00 -7.181806361106631009e-02 7.887784961800370365e-02
1.750000000000000000e+00 -7.242425920437103870e-02 2.203984594871061242e-02
1.766666666666666607e+00 -7.255272514268999717e-02 1.737160968452222676e-02
1.783333333333333215e+00 -7.300331286052177959e-02 2.095447615955578491e-02
1.800000000000000044e+00 -7.325120768134185667e-02 -2.337294276694310002e-02
1.816666666666666652e+00 -7.222421476829034293e-02 -1.129606601454952175e-01
1.833333333333333259e+00 -6.948585234315868275e-02 -1.970333057236248187e-01
1.849999999999999867e+00 -6.565643791083618230e-02 -2.423117855806964649e-01
1.866666666666666696e+00 -6.140879282380213439e-02 -2.731478852734364193e-01
1.883333333333333304e+00 -5.655150840172163546e-02 -3.233921906669930402e-01
1.899999999999999911e+00 -5.062905313490236731e-02 -3.862131643647837009e-01
1.916666666666666741e+00 -4.367773625622884542e-02 -4.472773648731525609e-01
1.933333333333333348e+00 -3.571980763913061574e-02 -1.209708381931510868e+00
1.949999999999999956e+00 -3.354123525178486290e-03 -1.051082076993289594e+00
1.966666666666666563e+00 -6.837384060209599412e-04 -9.575205187868028600e-02
1.983333333333333393e+00 -1.623884625558097265e-04 -2.051215218062879889e-02
2.000000000000000000e+00 0.000000000000000000e+00 -9.743307753348584566e-03
