0.0000 578.1452 1048.7193
0.0167 560.6665 1048.7193
0.0333 543.1879 1048.7193
0.0500 525.7092 1048.7193
0.0667 508.2305 1048.7193
0.0833 490.7519 1048.7193
0.1000 473.2732 1048.7193
0.1167 455.7946 1048.7193
0.1333 438.3159 1048.7193
0.1500 420.8373 1048.7193
0.1667 403.3586 1048.7193
0.1833 385.8800 1048.7193
0.2000 368.4013 1048.7193
0.2167 350.9226 1048.7193
0.2333 333.4440 1048.7193
0.2500 315.9653 1048.7193
0.2667 298.4867 1048.7193
0.2833 281.0080 1048.7193
0.3000 263.5294 1048.7193
0.3167 246.0507 1048.7193
0.3333 228.5721 1048.7193
0.3500 211.0934 1048.7193
0.3667 193.6147 1048.7193
0.3833 176.1361 1048.7193
0.4000 158.6574 1048.7193
0.4167 141.1788 1048.7193
0.4333 123.7001 1048.7193
0.4500 106.2215 1048.7193
0.4667 88.7428 1048.7193
0.4833 71.2642 1048.7193
0.5000 53.7855 1048.7193
0.5167 36.3068 1048.7193
0.5333 18.8282 836.4125
0.5500 8.4264 544.6998
0.5667 0.6715 393.7186
0.5833 -4.6975 278.4374
0.6000 -8.6097 204.0630
0.6167 -11.4996 141.0247
0.6333 -13.3105 95.3575
0.6500 -14.6782 64.2315
0.6667 -15.4516 40.8239
0.6833 -16.0390 26.1405
0.7000 -16.3229 6.7020
0.7167 -16.2624 -6.6539
0.7333 -16.1012 -20.8419
0.7500 -15.5677 -39.5835
0.7667 -14.7817 -53.9255
0.7833 -13.7702 -67.3964
0.8000 -12.5352 -72.5953
0.8167 -11.3503 -71.1352
0.8333 -10.1640 -64.2022
0.8500 -9.2102 -52.5018
0.8667 -8.4139 -44.9961
0.8833 -7.7104 -31.1646
0.9000 -7.3751 -20.0655
0.9167 -7.0415 -14.1573
0.9333 -6.9032 -8.4399
0.9500 -6.7602 -5.3140
0.9667 -6.7261 -6.5596
0.9833 -6.5415 -8.9614
1.0000 -6.4273 -8.5749
1.0167 -6.2557 -13.7744
1.0333 -5.9682 -14.9441
1.0500 -5.7576 -12.3924
1.0667 -5.5551 -15.5167
1.0833 -5.2404 -12.6776
1.1000 -5.1325 -8.9716
1.1167 -4.9413 -3.3765
1.1333 -5.0200 -1.3955
1.1500 -4.8948 -2.9582
1.1667 -4.9214 -0.4084
1.1833 -4.8812 -3.4002
1.2000 -4.8080 -3.8078
1.2167 -4.7542 -5.5422
1.2333 -4.6233 -7.9469
1.2500 -4.4893 -7.0140
1.2667 -4.3895 -7.1012
1.2833 -4.2526 -4.1424
1.3000 -4.2514 -3.4371
1.3167 -4.1381 -4.0418
1.3333 -4.1167 -3.8414
1.3500 -4.0100 -5.2890
1.3667 -3.9404 -5.4926
1.3833 -3.8269 -3.7620
1.4000 -3.8150 0.1105
1.4167 -3.8306 -2.6614
1.4333 -3.7263 -8.5496
1.4500 -3.5456 -8.9914
1.4667 -3.4266 -8.8369
1.4833 -3.2511 -11.5180
1.5000 -3.0426 -12.6033
1.5167 -2.8310 -13.0269
1.5333 -2.6084 -14.2457
1.5500 -2.3561 -13.2282
1.5667 -2.1675 -13.0248
1.5833 -1.9219 -14.9215
1.6000 -1.6701 -16.5437
1.6167 -1.3705 -15.0785
1.6333 -1.1675 -13.8664
1.6500 -0.9083 -12.9379
1.6667 -0.7362 -11.3195
1.6833 -0.5310 -12.1382
1.7000 -0.3316 -12.1124
1.7167 -0.1272 -10.4735
1.7333 0.0175 -7.7939
1.7500 0.1326 -4.1564
1.7667 0.1561 -0.9236
1.7833 0.1634 -0.0258
1.8000 0.1569 2.4838
1.8167 0.0806 3.0243
1.8333 0.0561 -0.0210
1.8500 0.0813 -2.4575
1.8667 0.1380 -1.3164
1.8833 0.1252 0.5686
1.9000 0.1191 -0.2687
1.9167 0.1341 0.2857
1.9333 0.1096 2.7068
1.9500 0.0439 3.1021
1.9667 0.0062 1.3009
1.9833 0.0005 0.1847
2.0000 0.0000 0.0318
