0.000000000000000000e+00 3.580194016688870420e+02 7.044632984853546986e+02
1.666666666666666644e-02 3.462783466941311303e+02 7.044632984853564039e+02
3.333333333333333287e-02 3.345372917193751618e+02 7.044632984853564039e+02
5.000000000000000278e-02 3.227962367446192502e+02 7.044632984853564039e+02
6.666666666666666574e-02 3.110551817698632817e+02 7.044632984853564039e+02
8.333333333333332871e-02 2.993141267951073701e+02 7.044632984853564039e+02
1.000000000000000056e-01 2.875730718203514016e+02 7.044632984853581092e+02
1.166666666666666685e-01 2.758320168455954331e+02 7.044632984853564039e+02
1.333333333333333315e-01 2.640909618708395215e+02 7.044632984853564039e+02
1.499999999999999944e-01 2.523499068960835530e+02 7.044632984853564039e+02
1.666666666666666574e-01 2.406088519213276413e+02 7.044632984853564039e+02
1.833333333333333204e-01 2.288677969465716728e+02 7.044632984853573134e+02
2.000000000000000111e-01 2.171267419718157328e+02 7.044632984853564039e+02
2.166666666666666741e-01 2.053856869970597927e+02 7.044632984853564039e+02
2.333333333333333370e-01 1.936446320223038526e+02 7.044632984853564039e+02
2.500000000000000000e-01 1.819035770475479126e+02 7.044632984853564039e+02
2.666666666666666630e-01 1.701625220727919725e+02 7.044632984853564039e+02
2.833333333333333259e-01 1.584214670980360324e+02 7.044632984853564039e+02
2.999999999999999889e-01 1.466804121232800924e+02 7.044632984853564039e+02
3.166666666666666519e-01 1.349393571485241523e+02 7.044632984853564039e+02
3.333333333333333148e-01 1.231983021737682122e+02 7.044632984853564039e+02
3.499999999999999778e-01 1.114572471990122722e+02 7.044632984853564039e+02
3.666666666666666408e-01 9.971619222425633211e+01 7.044632984853559492e+02
3.833333333333333037e-01 8.797513724950040626e+01 7.044632984853573134e+02
4.000000000000000222e-01 7.623408227474442356e+01 7.044632984853576545e+02
4.166666666666666852e-01 6.449302729998848349e+01 7.044632984853564039e+02
4.333333333333333481e-01 5.275197232523254343e+01 7.044632984853564039e+02
4.500000000000000111e-01 4.101091735047660336e+01 7.044632984853562903e+02
4.666666666666666741e-01 2.926986237572066685e+01 7.044632984853562903e+02
4.833333333333333370e-01 1.752880740096472678e+01 5.367246788127022228e+02
5.000000000000000000e-01 1.137903974863059453e+01 2.989637221947675698e+02
5.166666666666666075e-01 7.563349994472475579e+00 1.871115150838166414e+02
5.333333333333333259e-01 5.141989245836706246e+00 1.165513325255965356e+02
5.500000000000000444e-01 3.678305576952590972e+00 6.785590238124167684e+01
5.666666666666666519e-01 2.880125833128650559e+00 3.609633610648403845e+01
5.833333333333333703e-01 2.475094373403122994e+00 2.066020788576715006e+01
5.999999999999999778e-01 2.191452236936412223e+00 1.946155726292555954e+01
6.166666666666666963e-01 1.826375797972271009e+00 2.629025678433118784e+01
6.333333333333333037e-01 1.315110344125372643e+00 3.360028075271750225e+01
6.500000000000000222e-01 7.063664395483542080e-01 3.714042158888619127e+01
6.666666666666666297e-01 7.709629116249960834e-02 3.626551808691939272e+01
6.833333333333333481e-01 -5.024841633489589565e-01 3.143753507900888167e+01
6.999999999999999556e-01 -9.708215448044630325e-01 2.378493387361610445e+01
7.166666666666666741e-01 -1.295315292469495727e+00 1.525108478311696025e+01
7.333333333333332815e-01 -1.479191037575028345e+00 7.857409296828817169e+00
7.500000000000000000e-01 -1.557228935697122951e+00 3.445792914889487246e+00
7.666666666666666075e-01 -1.594050801404677919e+00 3.049200339762370149e+00
7.833333333333333259e-01 -1.658868947022535290e+00 6.328658550150421114e+00
8.000000000000000444e-01 -1.805006086409691957e+00 1.155680569273759239e+01
8.166666666666666519e-01 -2.044095803447121718e+00 1.628621680957018114e+01
8.333333333333333703e-01 -2.347879980062031358e+00 1.797635933512430029e+01
8.499999999999999778e-01 -2.643307781284598423e+00 1.523927058430129300e+01
8.666666666666666963e-01 -2.855855666205407761e+00 8.352602840388874128e+00
8.833333333333333037e-01 -2.921727875964227561e+00 -1.579677195493087716e+00
9.000000000000000222e-01 -2.803199759688971504e+00 -1.307342148533306769e+01
9.166666666666666297e-01 -2.485947159786458638e+00 -2.410716872325093263e+01
9.333333333333333481e-01 -1.999627468913940387e+00 -3.216896108365550333e+01
9.499999999999999556e-01 -1.413648456997941949e+00 -3.485272234835878180e+01
9.666666666666666741e-01 -8.378700573019810527e-01 -3.129678292331929867e+01
9.833333333333332815e-01 -3.704223595539652969e-01 -2.341454319505740145e+01
1.000000000000000000e+00 -5.738528413340107659e-02 -1.491767423410576932e+01
1.016666666666666607e+00 1.268334482495603321e-01 -8.746156903274378891e+00
1.033333333333333215e+00 2.341532793090782549e-01 -5.268666485806673627e+00
1.050000000000000044e+00 3.024556644431161123e-01 -3.494358559565966527e+00
1.066666666666666652e+00 3.506318979612771392e-01 -2.524236005007691741e+00
1.083333333333333259e+00 3.865968646100391704e-01 -1.745299673710091204e+00
1.100000000000000089e+00 4.088085537516135126e-01 -7.162680880910776704e-01
1.116666666666666696e+00 4.104724675464084260e-01 5.990735187633211556e-01
1.133333333333333304e+00 3.888394364595028074e-01 2.003296986600981100e+00
1.149999999999999911e+00 3.436959013263757301e-01 3.319590310900825347e+00
1.166666666666666741e+00 2.781864260961419699e-01 4.507262881290813539e+00
1.183333333333333348e+00 1.934538052833486010e-01 5.543635710459594357e+00
1.199999999999999956e+00 9.339856908082216913e-02 6.333742570920846582e+00
1.216666666666666563e+00 -1.767094708067961165e-02 6.632706749057974527e+00
1.233333333333333393e+00 -1.276916558877769781e-01 6.163797028374788489e+00
1.250000000000000000e+00 -2.231308480265059013e-01 4.868184805114164959e+00
1.266666666666666607e+00 -2.899644827249158174e-01 2.955570740717303302e+00
1.283333333333333215e+00 -3.216498727170826744e-01 7.425993254223883788e-01
1.300000000000000044e+00 -3.147177935723287634e-01 -1.493616335467744527e+00
1.316666666666666652e+00 -2.718626615348245235e-01 -3.479656952998348096e+00
1.333333333333333259e+00 -1.987292284723838343e-01 -4.891819988546770581e+00
1.350000000000000089e+00 -1.088019952499321708e-01 -5.567461801495418250e+00
1.366666666666666696e+00 -1.314716842253656377e-02 -5.638923739068047780e+00
1.383333333333333304e+00 7.916212938566939694e-02 -5.298583475171101398e+00
1.399999999999999911e+00 1.634722807498334707e-01 -4.582851333920688219e+00
1.416666666666666741e+00 2.319238405163589756e-01 -3.511408215851575587e+00
1.433333333333333348e+00 2.805192212782193217e-01 -2.230556221418002583e+00
1.449999999999999956e+00 3.062757145636257339e-01 -9.000868351217589103e-01
1.466666666666666563e+00 3.105221157822779521e-01 2.694800122392854158e-01
1.483333333333333393e+00 2.972930474889828867e-01 1.067529632986681909e+00
1.500000000000000000e+00 2.749377946827218921e-01 1.467904773719060918e+00
1.516666666666666607e+00 2.483628883650141894e-01 1.656934873467332370e+00
1.533333333333333215e+00 2.197066322338108169e-01 1.739197988086796931e+00
1.550000000000000044e+00 1.903896220954542917e-01 1.716701169927112414e+00
1.566666666666666652e+00 1.624832599029070734e-01 1.572023090437914217e+00
1.583333333333333259e+00 1.379888524141904826e-01 1.286602889470895184e+00
1.600000000000000089e+00 1.195964969205439016e-01 8.472841201000652633e-01
1.616666666666666696e+00 1.097460484108549739e-01 3.375502936393709463e-01
1.633333333333333304e+00 1.083448204658982034e-01 -1.078363795325469610e-01
1.649999999999999911e+00 1.133405943952732059e-01 -4.150433967139158242e-01
1.666666666666666741e+00 1.221796003563620642e-01 -6.008412047336837425e-01
1.683333333333333348e+00 1.333686345530626649e-01 -7.054766442640215685e-01
1.699999999999999956e+00 1.456954884984961174e-01 -7.588272309477850364e-01
1.716666666666666563e+00 1.586628755846554995e-01 -7.566145546788427545e-01
1.733333333333333393e+00 1.709159736544575425e-01 -6.099332091601314954e-01
1.750000000000000000e+00 1.789939825566598808e-01 -2.494639053989444744e-01
1.766666666666666607e+00 1.792314371677556917e-01 2.684788364371823444e-01
1.783333333333333215e+00 1.700446880087538026e-01 8.103332449750098032e-01
1.800000000000000044e+00 1.522203290019220334e-01 1.284841446975001578e+00
1.816666666666666652e+00 1.272166397762537482e-01 1.638897050875884664e+00
1.833333333333333259e+00 9.759042730605921312e-02 1.827153367566747955e+00
1.849999999999999867e+00 6.631152752402881545e-02 1.831736812670945236e+00
1.866666666666666696e+00 3.653253355036104044e-02 1.672289004543275892e+00
1.883333333333333304e+00 1.056856070591962252e-02 1.385910672387420162e+00
1.899999999999999911e+00 -9.664488862552963674e-03 1.005742780404379921e+00
1.916666666666666741e+00 -2.295619864089304407e-02 5.696167930047860706e-01
1.933333333333333348e+00 -2.865171529604583489e-02 -2.124820283925200337e-01
1.949999999999999956e+00 -1.587346436114237674e-02 -7.615465718946665685e-01
1.966666666666666563e+00 -3.266829566223614176e-03 -4.671771370786547695e-01
1.983333333333333393e+00 -3.008931251872182244e-04 -9.800488698670842269e-02
2.000000000000000000e+00 0.000000000000000000e+00 -1.805358751123309347e-02
