0.000000000000000000e+00 2.472771283498539674e+02 3.870583277305001957e+02
1.666666666666666644e-02 2.408261562210122975e+02 3.870583277304984904e+02
3.333333333333333287e-02 2.343751840921706844e+02 3.870583277304967851e+02
5.000000000000000278e-02 2.279242119633290713e+02 3.870583277304967851e+02
6.666666666666666574e-02 2.214732398344874582e+02 3.870583277304967851e+02
8.333333333333332871e-02 2.150222677056458451e+02 3.870583277304967851e+02
1.000000000000000056e-01 2.085712955768042320e+02 3.870583277304984904e+02
1.166666666666666685e-01 2.021203234479625621e+02 3.870583277304967851e+02
1.333333333333333315e-01 1.956693513191210059e+02 3.870583277304967851e+02
1.499999999999999944e-01 1.892183791902793359e+02 3.870583277304967851e+02
1.666666666666666574e-01 1.827674070614377797e+02 3.870583277304967851e+02
1.833333333333333204e-01 1.763164349325961098e+02 3.870583277304984904e+02
2.000000000000000111e-01 1.698654628037544967e+02 3.870583277304967851e+02
2.166666666666666741e-01 1.634144906749128836e+02 3.870583277304967851e+02
2.333333333333333370e-01 1.569635185460712705e+02 3.870583277304976377e+02
2.500000000000000000e-01 1.505125464172296290e+02 3.870583277304984904e+02
2.666666666666666630e-01 1.440615742883879875e+02 3.870583277304976377e+02
2.833333333333333259e-01 1.376106021595463744e+02 3.870583277304967851e+02
2.999999999999999889e-01 1.311596300307047613e+02 3.870583277304967851e+02
3.166666666666666519e-01 1.247086579018631483e+02 3.870583277304967851e+02
3.333333333333333148e-01 1.182576857730215352e+02 3.870583277304972398e+02
3.499999999999999778e-01 1.118067136441799079e+02 3.870583277304972398e+02
3.666666666666666408e-01 1.053557415153382948e+02 3.870583277304972398e+02
3.833333333333333037e-01 9.890476938649666749e+01 3.870583277304980925e+02
4.000000000000000222e-01 9.245379725765502599e+01 3.870583277304976377e+02
4.166666666666666852e-01 8.600282512881341290e+01 3.870583277304972398e+02
4.333333333333333481e-01 7.955185299997178561e+01 3.870583277304976377e+02
4.500000000000000111e-01 7.310088087113015831e+01 3.870583277304972398e+02
4.666666666666666741e-01 6.664990874228854523e+01 3.870583277304970125e+02
4.833333333333333370e-01 6.019893661344692504e+01 3.870583277304972398e+02
5.000000000000000000e-01 5.374796448460530485e+01 3.870583277304965577e+02
5.166666666666666075e-01 4.729699235576370597e+01 3.870583277304972398e+02
5.333333333333333259e-01 4.084602022692206447e+01 3.870583277304984904e+02
5.500000000000000444e-01 3.439504809808042296e+01 3.870583277304972398e+02
5.666666666666666519e-01 2.794407596923882409e+01 3.870583277304972398e+02
5.833333333333333703e-01 2.149310384039718258e+01 3.330205441397308732e+02
5.999999999999999778e-01 1.684339116458112784e+01 2.494760138577908606e+02
6.166666666666666963e-01 1.317723671180415401e+01 2.001695106352804601e+02
6.333333333333333037e-01 1.017107414340511262e+01 1.653009713131996534e+02
6.500000000000000222e-01 7.667204334697498957e+00 1.375975675456185172e+02
6.666666666666666297e-01 5.584488558551162107e+00 1.143871866664566852e+02
6.833333333333333481e-01 3.854298112482276384e+00 9.498848919277691039e+01
6.999999999999999556e-01 2.418205585458598428e+00 7.900581844912659335e+01
7.166666666666666741e-01 1.220770830844723154e+00 6.577789773150348651e+01
7.333333333333332815e-01 2.256089944084821997e-01 5.457633537534113799e+01
7.500000000000000000e-01 -5.984403483333147200e-01 4.488188549075935896e+01
7.666666666666666075e-01 -1.270453855283496303e+00 3.647785937275705948e+01
7.833333333333333259e-01 -1.814368994091883236e+00 2.919080694020210842e+01
8.000000000000000444e-01 -2.243480753290233221e+00 2.265294516248190959e+01
8.166666666666666519e-01 -2.569467166174613570e+00 1.662041689726847693e+01
8.333333333333333703e-01 -2.797494649865849059e+00 1.121468923667559103e+01
8.499999999999999778e-01 -2.943290140730466575e+00 6.695461262322912610e+00
8.666666666666666963e-01 -3.020676691943279479e+00 2.976948358876261302e+00
8.833333333333333037e-01 -3.042521752693008619e+00 -7.763737541695014954e-02
9.000000000000000222e-01 -3.018088779429381141e+00 -2.500712183544235856e+00
9.166666666666666297e-01 -2.959164679908200757e+00 -4.300546419092712291e+00
9.333333333333333481e-01 -2.874737232126290731e+00 -5.654821356089492213e+00
9.499999999999999556e-01 -2.770670634705217683e+00 -6.756630468560000935e+00
9.666666666666666741e-01 -2.649516216507624033e+00 -7.650632544606676966e+00
9.833333333333332815e-01 -2.515649549884995118e+00 -8.189051832732531011e+00
1.000000000000000000e+00 -2.376547822083206363e+00 -8.237991543812462680e+00
1.016666666666666607e+00 -2.241049831757913058e+00 -7.830579726296598153e+00
1.033333333333333215e+00 -2.115528497873319758e+00 -7.306307000973424337e+00
1.050000000000000044e+00 -1.997506265058798913e+00 -6.910957164677489217e+00
1.066666666666666652e+00 -1.885163259050736784e+00 -6.693462211540137652e+00
1.083333333333333259e+00 -1.774390858007460992e+00 -6.574829374570256846e+00
1.100000000000000089e+00 -1.666002279898394889e+00 -6.426822029160792482e+00
1.116666666666666696e+00 -1.560163457035434575e+00 -6.110797412898572034e+00
1.133333333333333304e+00 -1.462309032801775821e+00 -5.536781824846313427e+00
1.149999999999999911e+00 -1.375604062873890809e+00 -4.755655129269229953e+00
1.166666666666666741e+00 -1.303787195159468171e+00 -3.954986946880305609e+00
1.183333333333333348e+00 -1.243771164644547289e+00 -3.364699673451119200e+00
1.199999999999999956e+00 -1.191630539377764197e+00 -3.084640700076399789e+00
1.216666666666666563e+00 -1.140949807975333963e+00 -2.967473081010838509e+00
1.233333333333333393e+00 -1.092714770010736247e+00 -2.800023488260581228e+00
1.250000000000000000e+00 -1.047615691699981255e+00 -2.529873237030160205e+00
1.266666666666666607e+00 -1.008385662109730907e+00 -2.176448096976721036e+00
1.283333333333333215e+00 -9.750674218007572280e-01 -1.754451255089342077e+00
1.300000000000000044e+00 -9.499039536067528378e-01 -1.320173021979481609e+00
1.316666666666666652e+00 -9.310616544014411744e-01 -1.051467184487157036e+00
1.333333333333333259e+00 -9.148550474571809366e-01 -1.037985233049243394e+00
1.350000000000000089e+00 -8.964621466331330613e-01 -1.192877927467133059e+00
1.366666666666666696e+00 -8.750924498749431679e-01 -1.404425571012308804e+00
1.383333333333333304e+00 -8.496479609327227678e-01 -1.615806475786787377e+00
1.399999999999999911e+00 -8.212322340153835887e-01 -1.781493572388364033e+00
1.416666666666666741e+00 -7.902648418531106334e-01 -1.914730433601296022e+00
1.433333333333333348e+00 -7.574078862286737213e-01 -2.013829327721887719e+00
1.449999999999999956e+00 -7.231371975957143761e-01 -2.061470124916635616e+00
1.466666666666666563e+00 -6.886922153981192007e-01 -2.044583322276153581e+00
1.483333333333333393e+00 -6.549844201865092641e-01 -1.972254603070985324e+00
1.500000000000000000e+00 -6.229503952957530233e-01 -1.870165195428670213e+00
1.516666666666666607e+00 -5.926455803388869237e-01 -1.762199944108935323e+00
1.533333333333333215e+00 -5.642103971587885125e-01 -1.696598972389050664e+00
1.550000000000000044e+00 -5.360922812592519016e-01 -1.695276619467475099e+00
1.566666666666666652e+00 -5.077011765098726759e-01 -1.728783125463076997e+00
1.583333333333333259e+00 -4.784661770771493350e-01 -1.753844042582516360e+00
1.600000000000000089e+00 -4.492397084237887972e-01 -1.732747851938658545e+00
1.616666666666666696e+00 -4.207079153458607168e-01 -1.661050105603198546e+00
1.633333333333333304e+00 -3.938713715703488494e-01 -1.555012084573139219e+00
1.649999999999999911e+00 -3.688741791934227465e-01 -1.446344512052288422e+00
1.666666666666666741e+00 -3.456598878352725723e-01 -1.361391564575343827e+00
1.683333333333333348e+00 -3.234944603742446190e-01 -1.310118957672333329e+00
1.699999999999999956e+00 -3.019892559128614651e-01 -1.298773288688884309e+00
1.716666666666666563e+00 -2.802020174179484790e-01 -1.313919123556293034e+00
1.733333333333333393e+00 -2.581919517943183640e-01 -1.329671232211269372e+00
1.750000000000000000e+00 -2.358796430109061648e-01 -1.325053298566380988e+00
1.766666666666666607e+00 -2.140235085087723310e-01 -1.283776068846961271e+00
1.783333333333333215e+00 -1.930871073826741224e-01 -1.210391517296917741e+00
1.800000000000000044e+00 -1.736771245988750767e-01 -1.130634964319881197e+00
1.816666666666666652e+00 -1.553992752386780807e-01 -1.069282360405681365e+00
1.833333333333333259e+00 -1.380343792520190294e-01 -1.020668874209763155e+00
1.849999999999999867e+00 -1.213769794316859746e-01 -9.794141215635698838e-01
1.866666666666666696e+00 -1.053872418665666999e-01 -9.469190170226274850e-01
1.883333333333333304e+00 -8.981301219759839360e-02 -9.203787362875895939e-01
1.899999999999999911e+00 -7.470795065698038195e-02 -8.853894344160858632e-01
1.916666666666666741e+00 -6.030003105039553196e-02 -8.369491191582959511e-01
1.933333333333333348e+00 -4.680964668503718312e-02 -1.427129805818755148e+00
1.949999999999999956e+00 -1.272903752310368744e-02 -1.370857500065756129e+00
1.966666666666666563e+00 -1.114396682845311898e-03 -3.792853240160488637e-01
1.983333333333333393e+00 -8.619338923539193026e-05 -3.343190048535935738e-02
2.000000000000000000e+00 0.000000000000000000e+00 -5.171603354123515545e-03
