0.00000000 12857.5 117550
0.01666667 11027.3 102083
0.03333333 9454.79 87699.1
0.05000000 8103.97 75330.8
0.06666667 6943.76 64696.4
0.08333333 5947.43 55553.5
0.10000000 5091.98 47693.6
0.11666667 4357.64 40937.3
0.13333333 3727.4 35130.3
0.15000000 3186.63 30139.7
0.16666667 2722.74 25851.3
0.18333333 2324.92 22166.7
0.20000000 1983.85 19001.4
0.21666667 1691.54 16282.7
0.23333333 1441.1 13947.8
0.25000000 1226.61 11943
0.26666667 1043 10221.9
0.28333333 885.881 8744.75
0.30000000 751.506 7477.18
0.31666667 636.642 6389.75
0.33333333 538.515 5457.1
0.35000000 454.739 4657.45
0.36666667 383.266 3972.03
0.38333333 322.338 3384.74
0.40000000 270.442 2881.71
0.41666667 226.281 2451.03
0.43333333 188.741 2082.46
0.45000000 156.865 2263.2
0.46666667 113.301 3047.87
0.48333333 55.2698 2141.67
0.50000000 41.9117 481.333
0.51666667 39.2253 307.022
0.53333333 31.6776 452.862
0.55000000 24.13 307.85
0.56666667 21.416 174.652
0.58333333 18.3082 180.146
0.60000000 15.4111 163.195
0.61666667 12.8684 143.053
0.63333333 10.6427 127.509
0.65000000 8.61809 117.54
0.66666667 6.72469 109.812
0.68333333 4.9577 101.659
0.70000000 3.33606 92.9744
0.71666667 1.85856 84.6072
0.73333333 0.515824 76.9044
0.75000000 -0.704925 69.9091
0.76666667 -1.81448 63.5324
0.78333333 -2.82267 57.5967
0.80000000 -3.73437 51.7997
0.81666667 -4.54933 45.9224
0.83333333 -5.26512 40.0275
0.85000000 -5.88358 34.2817
0.86666667 -6.40784 28.9047
0.88333333 -6.84707 23.9851
0.90000000 -7.20734 19.4318
0.91666667 -7.49479 15.2455
0.93333333 -7.71552 11.568
0.95000000 -7.88039 8.40061
0.96666667 -7.99555 5.55599
0.98333333 -8.06559 2.94113
1.00000000 -8.09358 0.691119
1.01666667 -8.08863 -1.11858
1.03333333 -8.0563 -2.7674
1.05000000 -7.99638 -4.52881
1.06666667 -7.90534 -6.36767
1.08333333 -7.78413 -8.15532
1.10000000 -7.63349 -9.81603
1.11666667 -7.45693 -11.2018
1.13333333 -7.2601 -12.2204
1.15000000 -7.04958 -12.8829
1.16666667 -6.83067 -13.2726
1.18333333 -6.60716 -13.6421
1.20000000 -6.37593 -14.2112
1.21666667 -6.13345 -14.8993
1.23333333 -5.87929 -15.4748
1.25000000 -5.61763 -15.882
1.26666667 -5.34989 -16.1821
1.28333333 -5.07822 -16.4167
1.30000000 -4.80266 -16.5617
1.31666667 -4.52617 -16.6078
1.33333333 -4.24907 -16.5456
1.35000000 -3.97465 -16.3214
1.36666667 -3.70502 -15.8807
1.38333333 -3.44529 -15.262
1.40000000 -3.19629 -14.5906
1.41666667 -2.95894 -13.9694
1.43333333 -2.73064 -13.44
1.45000000 -2.51094 -12.9062
1.46666667 -2.30044 -12.2072
1.48333333 -2.10403 -11.3314
1.50000000 -1.92272 -10.4097
1.51666667 -1.75704 -9.52964
1.53333333 -1.60507 -8.72499
1.55000000 -1.46621 -8.02468
1.56666667 -1.33758 -7.41769
1.58333333 -1.21895 -6.82889
1.60000000 -1.10995 -6.19722
1.61666667 -1.01238 -5.49933
1.63333333 -0.926639 -4.76063
1.65000000 -0.853689 -4.03914
1.66666667 -0.792001 -3.42229
1.68333333 -0.739613 -2.9506
1.70000000 -0.693648 -2.60195
1.71666667 -0.652881 -2.34282
1.73333333 -0.615554 -2.16396
1.75000000 -0.580749 -2.03129
1.76666667 -0.547844 -1.9308
1.78333333 -0.516389 -1.87009
1.80000000 -0.485507 -1.85695
1.81666667 -0.454491 -1.88587
1.83333333 -0.422645 -1.94587
1.85000000 -0.389629 -2.0011
1.86666667 -0.355941 -2.02906
1.88333333 -0.321994 -2.06077
1.90000000 -0.287249 -2.15696
1.91666667 -0.250095 -2.35442
1.93333333 -0.208769 -6.52767
1.95000000 -0.0325058 -6.16504
1.96666667 -0.00326741 -0.966284
1.98333333 -0.00029632 -0.0980223
2.00000000 0 0.0624632
