0.000000000000000000e+00 7.761519879814105707e+02 1.208209221288591380e+03
1.666666666666666644e-02 7.560151676266007144e+02 1.208209221288587969e+03
3.333333333333333287e-02 7.358783472717909717e+02 1.208209221288591380e+03
5.000000000000000278e-02 7.157415269169810017e+02 1.208209221288591380e+03
6.666666666666666574e-02 6.956047065621712591e+02 1.208209221288587969e+03
8.333333333333332871e-02 6.754678862073614027e+02 1.208209221288587969e+03
1.000000000000000056e-01 6.553310658525516601e+02 1.208209221288587969e+03
1.166666666666666685e-01 6.351942454977418038e+02 1.208209221288591380e+03
1.333333333333333315e-01 6.150574251429319474e+02 1.208209221288591380e+03
1.499999999999999944e-01 5.949206047881220911e+02 1.208209221288587969e+03
1.666666666666666574e-01 5.747837844333123485e+02 1.208209221288591380e+03
1.833333333333333204e-01 5.546469640785023785e+02 1.208209221288591380e+03
2.000000000000000111e-01 5.345101437236926358e+02 1.208209221288587969e+03
2.166666666666666741e-01 5.143733233688827795e+02 1.208209221288591380e+03
2.333333333333333370e-01 4.942365030140729232e+02 1.208209221288591380e+03
2.500000000000000000e-01 4.740996826592630669e+02 1.208209221288589788e+03
2.666666666666666630e-01 4.539628623044532674e+02 1.208209221288587969e+03
2.833333333333333259e-01 4.338260419496434679e+02 1.208209221288589788e+03
2.999999999999999889e-01 4.136892215948336116e+02 1.208209221288589788e+03
3.166666666666666519e-01 3.935524012400238121e+02 1.208209221288589788e+03
3.333333333333333148e-01 3.734155808852139558e+02 1.208209221288589788e+03
3.499999999999999778e-01 3.532787605304041563e+02 1.208209221288589788e+03
3.666666666666666408e-01 3.331419401755942999e+02 1.208209221288589788e+03
3.833333333333333037e-01 3.130051198207845005e+02 1.208209221288591380e+03
4.000000000000000222e-01 2.928682994659745873e+02 1.208209221288591380e+03
4.166666666666666852e-01 2.727314791111647878e+02 1.208209221288587969e+03
4.333333333333333481e-01 2.525946587563549883e+02 1.208209221288589788e+03
4.500000000000000111e-01 2.324578384015451320e+02 1.208209221288589788e+03
4.666666666666666741e-01 2.123210180467353325e+02 1.208209221288589788e+03
4.833333333333333370e-01 1.921841976919254762e+02 1.208209221288589788e+03
5.000000000000000000e-01 1.720473773371156767e+02 1.208209221288587059e+03
5.166666666666666075e-01 1.519105569823059056e+02 1.208209221288589788e+03
5.333333333333333259e-01 1.317737366274960209e+02 1.208209221288593881e+03
5.500000000000000444e-01 1.116369162726861077e+02 1.208209221288589788e+03
5.666666666666666519e-01 9.150009591787636509e+01 1.208209221288589333e+03
5.833333333333333703e-01 7.136327556306646613e+01 1.036235932482447197e+03
5.999999999999999778e-01 5.695889816846145948e+01 7.991874922550815654e+02
6.166666666666666963e-01 4.472369248789708251e+01 6.479685793567443852e+02
6.333333333333333037e-01 3.535994552323664664e+01 5.025450628823035117e+02
6.500000000000000222e-01 2.797219039182029832e+01 4.018463547300876257e+02
6.666666666666666297e-01 2.196506703223372625e+01 3.291401862898981676e+02
6.833333333333333481e-01 1.700085084882369202e+01 2.727940689409929860e+02
6.999999999999999556e-01 1.287193140086729315e+01 2.279141103485683288e+02
7.166666666666666741e-01 9.403713837204747961e+00 1.911442415514254094e+02
7.333333333333332815e-01 6.500456682486446702e+00 1.593071623866382822e+02
7.500000000000000000e-01 4.093475090983472064e+00 1.309660805926777698e+02
7.666666666666666075e-01 2.134920662730520835e+00 1.061106642675960074e+02
7.833333333333333259e-01 5.564529487302717348e-01 8.506535197454361708e+01
8.000000000000000444e-01 -7.005910697542666599e-01 6.730603163583798221e+01
8.166666666666666519e-01 -1.687081439130994509e+00 5.219559462312652443e+01
8.333333333333333703e-01 -2.440444223858484030e+00 3.911638080234258297e+01
8.499999999999999778e-01 -2.990960799209080534e+00 2.746200748118292623e+01
8.666666666666666963e-01 -3.355844473231248237e+00 1.696191369425426032e+01
8.833333333333333037e-01 -3.556357922350889211e+00 7.969071243938330440e+00
9.000000000000000222e-01 -3.621480181362525919e+00 6.878741722989722973e-01
9.166666666666666297e-01 -3.579287061427521621e+00 -4.742311113059205496e+00
9.333333333333333481e-01 -3.463403144260552402e+00 -8.209621536907750539e+00
9.499999999999999556e-01 -3.305633010197263300e+00 -9.974305336760750151e+00
9.666666666666666741e-01 -3.130926299701860760e+00 -1.066349380262871271e+01
9.833333333333332815e-01 -2.950183216776306239e+00 -1.084725469174523838e+01
1.000000000000000000e+00 -2.769351143310352814e+00 -1.087341275531913176e+01
1.016666666666666607e+00 -2.587736124932335180e+00 -1.082093947835361369e+01
1.033333333333333215e+00 -2.408653160698565721e+00 -1.069030549038878064e+01
1.050000000000000044e+00 -2.231392608586042492e+00 -1.052038322729163511e+01
1.066666666666666652e+00 -2.057973719788844580e+00 -1.023479092418737579e+01
1.083333333333333259e+00 -1.890232911113129965e+00 -9.854618130075358806e+00
1.100000000000000089e+00 -1.729486448786332620e+00 -9.458738640081429949e+00
1.116666666666666696e+00 -1.574941623110415634e+00 -9.026840657752687846e+00
1.133333333333333304e+00 -1.428591760194576343e+00 -8.365250854894268784e+00
1.149999999999999911e+00 -1.296099927947273356e+00 -7.471064573343662474e+00
1.166666666666666741e+00 -1.179556274416454276e+00 -6.483485696910542551e+00
1.183333333333333348e+00 -1.079983738050255271e+00 -5.556598625796450364e+00
1.199999999999999956e+00 -9.943363202232392561e-01 -4.755525530273847501e+00
1.216666666666666563e+00 -9.214662203744603541e-01 -4.189399628600177117e+00
1.233333333333333393e+00 -8.546896659365667004e-01 -3.873062854029820645e+00
1.250000000000000000e+00 -7.923641252401329993e-01 -3.656620835231541022e+00
1.266666666666666607e+00 -7.328023047621819996e-01 -3.498909227360492924e+00
1.283333333333333215e+00 -6.757338176614499092e-01 -3.481804194560527144e+00
1.300000000000000044e+00 -6.167421649434977615e-01 -3.513877180532736233e+00
1.316666666666666652e+00 -5.586045783103587015e-01 -3.318772448609017545e+00
1.333333333333333259e+00 -5.061164166565305100e-01 -2.816763740319729870e+00
1.350000000000000089e+00 -4.647124536330343725e-01 -2.133003248312182354e+00
1.366666666666666696e+00 -4.350163083794577612e-01 -1.530979547610484381e+00
1.383333333333333304e+00 -4.136798020460182301e-01 -1.199498349106602468e+00
1.399999999999999911e+00 -3.950330300759043456e-01 -1.161890488842839408e+00
1.416666666666666741e+00 -3.749501190845902499e-01 -1.161212948623590036e+00
1.433333333333333348e+00 -3.563259317884513444e-01 -1.012633367988809541e+00
1.449999999999999956e+00 -3.411956734849632689e-01 -8.511308231896241860e-01
1.466666666666666563e+00 -3.279549043487972049e-01 -8.535037279810547828e-01
1.483333333333333393e+00 -3.127455492189281094e-01 -9.693420713947448197e-01
1.500000000000000000e+00 -2.956435019689723775e-01 -1.146094354913837599e+00
1.516666666666666607e+00 -2.745424040551335265e-01 -1.375845253790926703e+00
1.533333333333333215e+00 -2.497819935092748245e-01 -1.532872261157962823e+00
1.550000000000000044e+00 -2.234466620165347639e-01 -1.493026770374803247e+00
1.566666666666666652e+00 -2.000144344967813848e-01 -1.337759283163276525e+00
1.583333333333333259e+00 -1.788546859110922149e-01 -1.236915425086168030e+00
1.600000000000000089e+00 -1.587839203272424504e-01 -1.169627444019304630e+00
1.616666666666666696e+00 -1.398671044437820588e-01 -1.071707786973657539e+00
1.633333333333333304e+00 -1.230603274281205362e-01 -9.488231982984408619e-01
1.649999999999999911e+00 -1.082396645005006958e-01 -8.067963239667694797e-01
1.666666666666666741e+00 -9.616711662922822201e-02 -5.979547074909891125e-01
1.683333333333333348e+00 -8.830784091746772535e-02 -3.719811775190093317e-01
1.699999999999999956e+00 -8.376774404526124429e-02 -1.942613123706525557e-01
1.716666666666666563e+00 -8.183246383844597349e-02 -8.982802200728584596e-02
1.733333333333333393e+00 -8.077347664501838276e-02 -7.980240928801521361e-02
1.750000000000000000e+00 -7.917238352884546637e-02 -1.836529838280528959e-01
1.766666666666666607e+00 -7.465171051741661956e-02 -3.383936409047183513e-01
1.783333333333333215e+00 -6.789259549868818799e-02 -4.359992767673479541e-01
1.800000000000000044e+00 -6.011840129183835396e-02 -4.454072420752518413e-01
1.816666666666666652e+00 -5.304568742951312754e-02 -3.978487087603470584e-01
1.833333333333333259e+00 -4.685677766649345294e-02 -3.129470594679115147e-01
1.849999999999999867e+00 -4.261411878058274372e-02 -2.221934522572688309e-01
1.866666666666666696e+00 -3.945032925791782524e-02 -1.723934842984024829e-01
1.883333333333333304e+00 -3.686766930396932762e-02 -1.604443800601587089e-01
1.899999999999999911e+00 -3.410218325591253541e-02 -1.794506076558284591e-01
1.916666666666666741e+00 -3.088598238210837899e-02 -2.267014725267068043e-01
1.933333333333333348e+00 -2.654546750502230837e-02 -5.939668184018597197e-01
1.949999999999999956e+00 -1.108708843537972201e-02 -7.440118325226054985e-01
1.966666666666666563e+00 -1.745073087602127355e-03 -3.277601564134445811e-01
1.983333333333333393e+00 -1.617498882649031321e-04 -5.235219262806382196e-02
2.000000000000000000e+00 0.000000000000000000e+00 -9.704993295894187924e-03
