0.000000000000000000e+00 5.148621331451296328e+02 9.482293241581942311e+02
1.666666666666666644e-02 4.990583110758263956e+02 9.482293241581908205e+02
3.333333333333333287e-02 4.832544890065232721e+02 9.482293241581891152e+02
5.000000000000000278e-02 4.674506669372200918e+02 9.482293241581891152e+02
6.666666666666666574e-02 4.516468448679169683e+02 9.482293241581891152e+02
8.333333333333332871e-02 4.358430227986137879e+02 9.482293241581908205e+02
1.000000000000000056e-01 4.200392007293106076e+02 9.482293241581908205e+02
1.166666666666666685e-01 4.042353786600074272e+02 9.482293241581891152e+02
1.333333333333333315e-01 3.884315565907043037e+02 9.482293241581891152e+02
1.499999999999999944e-01 3.726277345214011234e+02 9.482293241581891152e+02
1.666666666666666574e-01 3.568239124520979999e+02 9.482293241581908205e+02
1.833333333333333204e-01 3.410200903827947627e+02 9.482293241581908205e+02
2.000000000000000111e-01 3.252162683134916392e+02 9.482293241581891152e+02
2.166666666666666741e-01 3.094124462441884589e+02 9.482293241581891152e+02
2.333333333333333370e-01 2.936086241748853354e+02 9.482293241581891152e+02
2.500000000000000000e-01 2.778048021055821550e+02 9.482293241581891152e+02
2.666666666666666630e-01 2.620009800362790315e+02 9.482293241581891152e+02
2.833333333333333259e-01 2.461971579669758512e+02 9.482293241581908205e+02
2.999999999999999889e-01 2.303933358976726709e+02 9.482293241581891152e+02
3.166666666666666519e-01 2.145895138283695474e+02 9.482293241581891152e+02
3.333333333333333148e-01 1.987856917590663670e+02 9.482293241581891152e+02
3.499999999999999778e-01 1.829818696897632435e+02 9.482293241581891152e+02
3.666666666666666408e-01 1.671780476204600632e+02 9.482293241581900247e+02
3.833333333333333037e-01 1.513742255511569113e+02 9.482293241581908205e+02
4.000000000000000222e-01 1.355704034818537025e+02 9.482293241581912753e+02
4.166666666666666852e-01 1.197665814125505364e+02 9.482293241581900247e+02
4.333333333333333481e-01 1.039627593432473702e+02 9.482293241581895700e+02
4.500000000000000111e-01 8.815893727394421830e+01 9.482293241581891152e+02
4.666666666666666741e-01 7.235511520464106638e+01 9.482293241581893426e+02
4.833333333333333370e-01 5.655129313533790736e+01 7.100721442638584904e+02
5.000000000000000000e-01 4.868604372917911860e+01 7.965806934255413125e+02
5.166666666666666075e-01 2.999860335448653004e+01 8.847839962214836760e+02
5.333333333333333259e-01 1.919324385512966202e+01 5.450733173296790710e+02
5.500000000000000444e-01 1.182949277683056266e+01 3.780645823559890459e+02
5.666666666666666519e-01 6.591091109930028225e+00 2.702208394304537364e+02
5.833333333333333703e-01 2.822131462482105668e+00 1.914653362839211752e+02
5.999999999999999778e-01 2.089132337993225008e-01 1.288169528158183823e+02
6.166666666666666963e-01 -1.471766964711840320e+00 7.832225530760877064e+01
6.333333333333333037e-01 -2.401828609787636459e+00 3.861038947484871642e+01
6.500000000000000222e-01 -2.758779947206797534e+00 8.720756974419240137e+00
6.666666666666666297e-01 -2.692520508934944434e+00 -1.207004800667972866e+01
6.833333333333333481e-01 -2.356445013650806608e+00 -2.424960489952409759e+01
6.999999999999999556e-01 -1.884200345617474515e+00 -2.959752650341458491e+01
7.166666666666666741e-01 -1.369860796870320474e+00 -3.047060668425099905e+01
7.333333333333332815e-01 -8.685134561424413535e-01 -2.865829824656817948e+01
7.500000000000000000e-01 -4.145841886513811358e-01 -2.639911705346783322e+01
7.666666666666666075e-01 1.145711230648643539e-02 -2.570180579200891913e+01
7.833333333333333259e-01 4.421426710822494166e-01 -2.590183470601512994e+01
8.000000000000000444e-01 8.748516025069906776e-01 -2.490197888465564802e+01
8.166666666666666519e-01 1.272208633904104325e+00 -2.230043264701582473e+01
8.333333333333333703e-01 1.618199357407518191e+00 -1.825373640849999290e+01
8.499999999999999778e-01 1.880666514187437466e+00 -1.296355384006054479e+01
8.666666666666666963e-01 2.050317818742869669e+00 -7.328717641202129762e+00
8.833333333333333037e-01 2.124957102227508443e+00 -2.383687581488942442e+00
9.000000000000000222e-01 2.129774071459167750e+00 1.619746025168229409e+00
9.166666666666666297e-01 2.070965568055234129e+00 4.697430410526662214e+00
9.333333333333333481e-01 1.973193057774945691e+00 7.170341370325730601e+00
9.499999999999999556e-01 1.831954189044376458e+00 9.249821574257985901e+00
9.666666666666666741e-01 1.664865671966346161e+00 1.067718131908454282e+01
9.833333333333332815e-01 1.476048145074891682e+00 1.109563119060656611e+01
1.000000000000000000e+00 1.295011298946127321e+00 1.053947934589035285e+01
1.016666666666666607e+00 1.124732166878546602e+00 1.002285634186068108e+01
1.033333333333333215e+00 9.609160875507712918e-01 1.017318873054810879e+01
1.050000000000000044e+00 7.856258758602763237e-01 1.080293262631986373e+01
1.066666666666666652e+00 6.008183333401091453e-01 1.143237518782672169e+01
1.083333333333333259e+00 4.045467029327189379e-01 1.149710783100047173e+01
1.100000000000000089e+00 2.175814056400934282e-01 1.035176409179766210e+01
1.116666666666666696e+00 5.948789987279691494e-02 8.523387875578157136e+00
1.133333333333333304e+00 -6.653152354584511430e-02 7.125093996492071646e+00
1.149999999999999911e+00 -1.780152333436054723e-01 6.394986330749482306e+00
1.166666666666666741e+00 -2.796977345708278606e-01 5.825422607712290812e+00
1.183333333333333348e+00 -3.721959869340151772e-01 4.887334317546504714e+00
1.199999999999999956e+00 -4.426088784890446770e-01 3.168448670929528532e+00
1.216666666666666563e+00 -4.778109426316661246e-01 7.684051680128839434e-01
1.233333333333333393e+00 -4.682223840894741418e-01 -1.698321758718386976e+00
1.250000000000000000e+00 -4.212002173410532291e-01 -3.414720040015119196e+00
1.266666666666666607e+00 -3.543983827556368427e-01 -4.045766270308054580e+00
1.283333333333333215e+00 -2.863413416641180653e-01 -4.048457635521365283e+00
1.300000000000000044e+00 -2.194497949049246666e-01 -3.801755306376693344e+00
1.316666666666666652e+00 -1.596161647848949594e-01 -3.367870661932107712e+00
1.333333333333333259e+00 -1.071874395071877456e-01 -2.828861919312571693e+00
1.350000000000000089e+00 -6.532076747447590481e-02 -2.112306430984152605e+00
1.366666666666666696e+00 -3.677722514104931478e-02 -1.204268723727618839e+00
1.383333333333333304e+00 -2.517847668355528007e-02 -4.857950885445267430e-01
1.399999999999999911e+00 -2.058405552289842289e-02 -2.890370259991002500e-01
1.416666666666666741e+00 -1.554390915025193921e-02 -4.668477480354431552e-01
1.433333333333333348e+00 -5.022463921716986170e-03 -6.985916645511548451e-01
1.449999999999999956e+00 7.742479668119888435e-03 -7.312080312720451447e-01
1.466666666666666563e+00 1.935113712068451883e-02 -4.366155571159129334e-01
1.483333333333333393e+00 2.229633157198365398e-02 1.037882248084733006e-01
1.500000000000000000e+00 1.589152962706874214e-02 5.782259758772139158e-01
1.516666666666666607e+00 3.022132376076523512e-03 8.367524835185522480e-01
1.533333333333333215e+00 -1.200021982354966543e-02 9.543382267034475896e-01
1.550000000000000044e+00 -2.878914184737172907e-02 1.022486716194384693e+00
1.566666666666666652e+00 -4.608311036336248945e-02 1.040604576602592868e+00
1.583333333333333259e+00 -6.347596106745816147e-02 1.071354736582814438e+00
1.600000000000000089e+00 -8.179493491612296885e-02 1.142316665812042276e+00
1.616666666666666696e+00 -1.015531832611929058e-01 1.189381818724332796e+00
1.633333333333333304e+00 -1.214409955402673963e-01 1.190280552151104843e+00
1.649999999999999911e+00 -1.412292016662297367e-01 1.164083018319708396e+00
1.666666666666666741e+00 -1.602437628175910067e-01 1.073325536907510758e+00
1.683333333333333348e+00 -1.770067195631467583e-01 8.758567152314359339e-01
1.699999999999999956e+00 -1.894389866586388693e-01 5.579687586496084872e-01
1.716666666666666563e+00 -1.956056781848003745e-01 1.329306598331503331e-01
1.733333333333333393e+00 -1.938700086530772138e-01 -3.232049063008662904e-01
1.750000000000000000e+00 -1.848321813081048315e-01 -6.940043319346311801e-01
1.766666666666666607e+00 -1.707365309219228411e-01 -9.117523415452930546e-01
1.783333333333333215e+00 -1.544404365899283982e-01 -1.030235807294173300e+00
1.800000000000000044e+00 -1.363953373454503959e-01 -1.102289873150098964e+00
1.816666666666666652e+00 -1.176974408182584336e-01 -1.119554679433377720e+00
1.833333333333333259e+00 -9.907684803100447191e-02 -1.122119206037364147e+00
1.849999999999999867e+00 -8.029346728367962871e-02 -1.155600717186182180e+00
1.866666666666666696e+00 -6.055682412479840293e-02 -1.161892854630046212e+00
1.883333333333333304e+00 -4.156370546267808969e-02 -1.074925345318908931e+00
1.899999999999999911e+00 -2.472597928083477420e-02 -9.035951222262258442e-01
1.916666666666666741e+00 -1.144386805513722752e-02 -6.715133665571153543e-01
1.933333333333333348e+00 -2.342200395597595491e-03 -1.844879393420873481e-01
1.949999999999999956e+00 -5.294270077067649363e-03 -3.876994659230448975e-02
1.966666666666666563e+00 -1.049868842520779080e-03 -1.562758177453170139e-01
1.983333333333333393e+00 -8.507615222374905113e-05 -3.149606527562337499e-02
2.000000000000000000e+00 0.000000000000000000e+00 -5.104569133424942742e-03
