0.000000000000000000e+00 5.094985662645152047e+02 6.912862941662649519e+02
1.666666666666666644e-02 4.979771280284107888e+02 6.912862941662632466e+02
3.333333333333333287e-02 4.864556897923064298e+02 6.912862941662632466e+02
5.000000000000000278e-02 4.749342515562020139e+02 6.912862941662632466e+02
6.666666666666666574e-02 4.634128133200976549e+02 6.912862941662632466e+02
8.333333333333332871e-02 4.518913750839932391e+02 6.912862941662615412e+02
1.000000000000000056e-01 4.403699368478889369e+02 6.912862941662615412e+02
1.166666666666666685e-01 4.288484986117845210e+02 6.912862941662632466e+02
1.333333333333333315e-01 4.173270603756801620e+02 6.912862941662632466e+02
1.499999999999999944e-01 4.058056221395757461e+02 6.912862941662632466e+02
1.666666666666666574e-01 3.942841839034713871e+02 6.912862941662632466e+02
1.833333333333333204e-01 3.827627456673669712e+02 6.912862941662632466e+02
2.000000000000000111e-01 3.712413074312626122e+02 6.912862941662615412e+02
2.166666666666666741e-01 3.597198691951582532e+02 6.912862941662632466e+02
2.333333333333333370e-01 3.481984309590538373e+02 6.912862941662632466e+02
2.500000000000000000e-01 3.366769927229494783e+02 6.912862941662615412e+02
2.666666666666666630e-01 3.251555544868451193e+02 6.912862941662632466e+02
2.833333333333333259e-01 3.136341162507407034e+02 6.912862941662632466e+02
2.999999999999999889e-01 3.021126780146363444e+02 6.912862941662615412e+02
3.166666666666666519e-01 2.905912397785319854e+02 6.912862941662632466e+02
3.333333333333333148e-01 2.790698015424275695e+02 6.912862941662632466e+02
3.499999999999999778e-01 2.675483633063232105e+02 6.912862941662615412e+02
3.666666666666666408e-01 2.560269250702188515e+02 6.912862941662632466e+02
3.833333333333333037e-01 2.445054868341144356e+02 6.912862941662649519e+02
4.000000000000000222e-01 2.329840485980100198e+02 6.912862941662632466e+02
4.166666666666666852e-01 2.214626103619056607e+02 6.912862941662615412e+02
4.333333333333333481e-01 2.099411721258013017e+02 6.912862941662632466e+02
4.500000000000000111e-01 1.984197338896968859e+02 6.912862941662632466e+02
4.666666666666666741e-01 1.868982956535925268e+02 6.912862941662615412e+02
4.833333333333333370e-01 1.753768574174881678e+02 6.912862941662632466e+02
5.000000000000000000e-01 1.638554191813837519e+02 6.912862941662615412e+02
5.166666666666666075e-01 1.523339809452794498e+02 6.912862941662615412e+02
5.333333333333333259e-01 1.408125427091750339e+02 6.912862941662658613e+02
5.500000000000000444e-01 1.292911044730705896e+02 6.912862941662632466e+02
5.666666666666666519e-01 1.177696662369662590e+02 6.912862941662624507e+02
5.833333333333333703e-01 1.062482280008618432e+02 6.912862941662624507e+02
5.999999999999999778e-01 9.472678976475751256e+01 6.912862941662624507e+02
6.166666666666666963e-01 8.320535152865309669e+01 6.912862941662627918e+02
6.333333333333333037e-01 7.168391329254875188e+01 6.645174826926235028e+02
6.500000000000000222e-01 6.105476877223231469e+01 5.561804995881674358e+02
6.666666666666666297e-01 5.314456330627650260e+01 4.616419747670802849e+02
6.833333333333333481e-01 4.566670294666297281e+01 4.351609638953756871e+02
6.999999999999999556e-01 3.863919784309731398e+01 4.017970822555973882e+02
7.166666666666666741e-01 3.227346687147639415e+01 3.573714052916290598e+02
7.333333333333332815e-01 2.672681766670967818e+01 3.074381158291811857e+02
7.500000000000000000e-01 2.202552967717035415e+01 2.564447964133676692e+02
7.666666666666666075e-01 1.817865778626408968e+01 2.081985790815890596e+02
7.833333333333333259e-01 1.508557704111738573e+01 1.675360874563108098e+02
8.000000000000000444e-01 1.259412153772039566e+01 1.382538027387678596e+02
8.166666666666666519e-01 1.047711694982512398e+01 1.189837516794494263e+02
8.333333333333333703e-01 8.627996481738748002e+00 1.060444965237480091e+02
8.499999999999999778e-01 6.942300399033523917e+00 9.629288404189773587e+01
8.666666666666666963e-01 5.418233680342156688e+00 8.656410803195581138e+01
8.833333333333333037e-01 4.056830131301663478e+00 7.518304730767685840e+01
9.000000000000000222e-01 2.912132103419594831e+00 6.353740740310732349e+01
9.166666666666666297e-01 1.938916551198086369e+00 5.432586409989301046e+01
9.333333333333333481e-01 1.101269966756494467e+00 4.812336000891335175e+01
9.499999999999999556e-01 3.348045509009746623e-01 4.379684786981444944e+01
9.666666666666666741e-01 -3.586249622373205437e-01 3.945134573946717893e+01
9.833333333333332815e-01 -9.802403070812646391e-01 3.355646317017519209e+01
1.000000000000000000e+00 -1.477173734576493480e+00 2.656177496425287643e+01
1.016666666666666607e+00 -1.865632805889693824e+00 2.032415713941566793e+01
1.033333333333333215e+00 -2.154645639223682352e+00 1.567709874314815011e+01
1.050000000000000044e+00 -2.388202763994632161e+00 1.251257345888362771e+01
1.066666666666666652e+00 -2.571731421186469912e+00 9.783228098206238954e+00
1.083333333333333259e+00 -2.714310367268173430e+00 6.803216085287200343e+00
1.100000000000000089e+00 -2.798505290696043257e+00 3.373901686107321218e+00
1.116666666666666696e+00 -2.826773756805084137e+00 -1.553115089881140776e-01
1.133333333333333304e+00 -2.793328240396439455e+00 -2.988080791291167770e+00
1.149999999999999911e+00 -2.727171063762045211e+00 -4.710164624050805493e+00
1.166666666666666741e+00 -2.636322752928079272e+00 -5.833511364334627025e+00
1.183333333333333348e+00 -2.532720684950890977e+00 -7.010708889719032832e+00
1.199999999999999956e+00 -2.402632456604111511e+00 -8.574411236875487674e+00
1.216666666666666563e+00 -2.246906977055041388e+00 -1.006128370784964510e+01
1.233333333333333393e+00 -2.067256333009123370e+00 -1.079141769913651672e+01
1.250000000000000000e+00 -1.887193053750490845e+00 -1.069843193851074048e+01
1.266666666666666607e+00 -1.710641935058765384e+00 -1.035552257118066066e+01
1.283333333333333215e+00 -1.542008968044468853e+00 -9.978769367565323734e+00
1.300000000000000044e+00 -1.378016289473254608e+00 -9.477312080138913686e+00
1.316666666666666652e+00 -1.226098565373171745e+00 -8.943942872706632130e+00
1.333333333333333259e+00 -1.079884860383033551e+00 -8.316638071716267788e+00
1.350000000000000089e+00 -9.488772963159628482e-01 -7.277533725026053446e+00
1.366666666666666696e+00 -8.373004028821651179e-01 -6.116065130086663082e+00
1.383333333333333304e+00 -7.450084586464074121e-01 -5.221460508404088152e+00
1.399999999999999911e+00 -6.632517192686955276e-01 -4.744485930375049065e+00
1.416666666666666741e+00 -5.868589276339057914e-01 -4.436998661035731928e+00
1.433333333333333348e+00 -5.153517639008378115e-01 -4.113122190085941376e+00
1.449999999999999956e+00 -4.497548546310410900e-01 -3.539695722961156310e+00
1.466666666666666563e+00 -3.973619064687992641e-01 -2.432232046566249029e+00
1.483333333333333393e+00 -3.686804530788327927e-01 -9.619317133686078325e-01
1.500000000000000000e+00 -3.652975160231790031e-01 2.967721760296931910e-01
1.516666666666666607e+00 -3.785728589464892324e-01 1.048307676162667068e+00
1.533333333333333215e+00 -4.002411052286012350e-01 1.093850938662815908e+00
1.550000000000000044e+00 -4.150345569019164294e-01 4.531800444467115607e-01
1.566666666666666652e+00 -4.153471067101582870e-01 -2.289909725063238310e-01
1.583333333333333259e+00 -4.074015244850389683e-01 -4.139633796027097912e-01
1.600000000000000089e+00 -4.015483273900679606e-01 -2.685653856517583593e-01
1.616666666666666696e+00 -3.984493449633136897e-01 -1.825639037523130170e-01
1.633333333333333304e+00 -3.954628639316575267e-01 -2.547078802336971703e-01
1.649999999999999911e+00 -3.899590822888571173e-01 -5.098296771978733100e-01
1.666666666666666741e+00 -3.784685413583950830e-01 -8.625996358228371630e-01
1.683333333333333348e+00 -3.612057610947625452e-01 -9.851928051438918477e-01
1.699999999999999956e+00 -3.456287811869320215e-01 -7.490664529302759611e-01
1.716666666666666563e+00 -3.362368793304200132e-01 -5.091564736293940907e-01
1.733333333333333393e+00 -3.286568987326188851e-01 -6.622849685161580346e-01
1.750000000000000000e+00 -3.141607137132147454e-01 -1.136853452550754096e+00
1.766666666666666607e+00 -2.907617836475937523e-01 -1.610857218235948851e+00
1.783333333333333215e+00 -2.604654731053497874e-01 -1.869022878442035740e+00
1.800000000000000044e+00 -2.284610210328592295e-01 -1.869730375191445804e+00
1.816666666666666652e+00 -1.981411272656349309e-01 -1.716663687320639564e+00
1.833333333333333259e+00 -1.712388981221712458e-01 -1.618077885621426404e+00
1.849999999999999867e+00 -1.442051977449207156e-01 -1.640750595896973918e+00
1.866666666666666696e+00 -1.165472115922721180e-01 -1.658138537076935037e+00
1.883333333333333304e+00 -8.893391317568954957e-02 -1.558103346770835174e+00
1.899999999999999911e+00 -6.461043336657761038e-02 -1.307846356529006826e+00
1.916666666666666741e+00 -4.533903462472265583e-02 -9.823829582611419697e-01
1.933333333333333348e+00 -3.186433475787287667e-02 -1.111093628742351846e+00
1.949999999999999956e+00 -8.302580333310934785e-03 -9.213835614723158152e-01
1.966666666666666563e+00 -1.151549375462349555e-03 -2.461398599624319283e-01
1.983333333333333393e+00 -9.791833456320365883e-05 -3.454648126387048490e-02
2.000000000000000000e+00 0.000000000000000000e+00 -5.875100073792220018e-03
