0.000000000000000000e+00 5.178676369651684581e+02 8.555403661665070558e+02
1.666666666666666644e-02 5.036086308623933405e+02 8.555403661665036452e+02
3.333333333333333287e-02 4.893496247596183366e+02 8.555403661665019399e+02
5.000000000000000278e-02 4.750906186568432759e+02 8.555403661665036452e+02
6.666666666666666574e-02 4.608316125540682151e+02 8.555403661665053505e+02
8.333333333333332871e-02 4.465726064512930975e+02 8.555403661665053505e+02
1.000000000000000056e-01 4.323136003485180368e+02 8.555403661665053505e+02
1.166666666666666685e-01 4.180545942457429192e+02 8.555403661665036452e+02
1.333333333333333315e-01 4.037955881429679152e+02 8.555403661665036452e+02
1.499999999999999944e-01 3.895365820401927976e+02 8.555403661665036452e+02
1.666666666666666574e-01 3.752775759374177937e+02 8.555403661665036452e+02
1.833333333333333204e-01 3.610185698346426761e+02 8.555403661665070558e+02
2.000000000000000111e-01 3.467595637318675585e+02 8.555403661665053505e+02
2.166666666666666741e-01 3.325005576290924978e+02 8.555403661665036452e+02
2.333333333333333370e-01 3.182415515263174370e+02 8.555403661665036452e+02
2.500000000000000000e-01 3.039825454235423763e+02 8.555403661665036452e+02
2.666666666666666630e-01 2.897235393207673155e+02 8.555403661665036452e+02
2.833333333333333259e-01 2.754645332179922548e+02 8.555403661665036452e+02
2.999999999999999889e-01 2.612055271152171940e+02 8.555403661665053505e+02
3.166666666666666519e-01 2.469465210124420764e+02 8.555403661665053505e+02
3.333333333333333148e-01 2.326875149096670157e+02 8.555403661665036452e+02
3.499999999999999778e-01 2.184285088068919549e+02 8.555403661665045547e+02
3.666666666666666408e-01 2.041695027041168657e+02 8.555403661665045547e+02
3.833333333333333037e-01 1.899104966013418050e+02 8.555403661665053505e+02
4.000000000000000222e-01 1.756514904985666874e+02 8.555403661665053505e+02
4.166666666666666852e-01 1.613924843957916266e+02 8.555403661665045547e+02
4.333333333333333481e-01 1.471334782930165375e+02 8.555403661665045547e+02
4.500000000000000111e-01 1.328744721902414767e+02 8.555403661665036452e+02
4.666666666666666741e-01 1.186154660874664160e+02 8.555403661665045547e+02
4.833333333333333370e-01 1.043564599846913268e+02 8.555403661665045547e+02
5.000000000000000000e-01 9.009745388191626603e+01 8.555403661665028494e+02
5.166666666666666075e-01 7.583844777914123370e+01 8.555403661665043273e+02
5.333333333333333259e-01 6.157944167636612320e+01 6.879838600598893663e+02
5.500000000000000444e-01 5.290565244381159005e+01 4.486531537014663513e+02
5.666666666666666519e-01 4.662433655298391244e+01 3.987217409153216749e+02
5.833333333333333703e-01 3.961492774663420136e+01 4.141705563712937987e+02
5.999999999999999778e-01 3.281865134060745248e+01 3.878602829844344342e+02
6.166666666666666963e-01 2.668625164715305331e+01 3.449960576895431359e+02
6.333333333333333037e-01 2.131878275095601438e+01 2.965291117014647284e+02
6.500000000000000222e-01 1.680194792377089641e+01 2.484770937646725883e+02
6.666666666666666297e-01 1.303621295880026132e+01 2.049943269011999973e+02
6.833333333333333481e-01 9.968803693730896143e+00 1.667789548527377690e+02
6.999999999999999556e-01 7.476914463709002590e+00 1.359030474249393876e+02
7.166666666666666741e-01 5.438702112899583163e+00 1.148307924224846772e+02
7.333333333333332815e-01 3.649221382959513260e+00 1.028321299729444860e+02
7.500000000000000000e-01 2.010964447134766964e+00 9.415891273764296443e+01
7.666666666666666075e-01 5.105909583714144384e-01 8.358028981748196884e+01
7.833333333333333259e-01 -7.750452134479649535e-01 6.945056939153445796e+01
8.000000000000000444e-01 -1.804428021346400568e+00 5.264163739717349699e+01
8.166666666666666519e-01 -2.529766460020415053e+00 3.497044663812114607e+01
8.333333333333333703e-01 -2.970109575950438785e+00 1.834488822501454308e+01
8.499999999999999778e-01 -3.141262734187566519e+00 4.116174572548323418e+00
8.666666666666666963e-01 -3.107315395035382899e+00 -6.463463128840092331e+00
8.833333333333333037e-01 -2.925813963226230108e+00 -1.318956859382989322e+01
9.000000000000000222e-01 -2.667663108574386488e+00 -1.694002402951040764e+01
9.166666666666666297e-01 -2.361146495575883186e+00 -1.900869162483553509e+01
9.333333333333333481e-01 -2.034040054413202014e+00 -1.988192836087196724e+01
9.499999999999999556e-01 -1.698415550213484337e+00 -1.892308832753089121e+01
9.666666666666666741e-01 -1.403270443495505670e+00 -1.592860279946889257e+01
9.833333333333332815e-01 -1.167462123564521281e+00 -1.269340079547877309e+01
1.000000000000000000e+00 -9.801570836462132341e-01 -1.035485920718792663e+01
1.016666666666666607e+00 -8.223001499915904011e-01 -8.192975873984995161e+00
1.033333333333333215e+00 -7.070578878467134176e-01 -5.622953699395206506e+00
1.050000000000000044e+00 -6.348683600117501769e-01 -3.297051257998249163e+00
1.066666666666666652e+00 -5.971561792467717789e-01 -1.392391849299511319e+00
1.083333333333333259e+00 -5.884552983684331329e-01 3.282455951826213081e-01
1.100000000000000089e+00 -6.080976990861924891e-01 1.875771438846922656e+00
1.116666666666666696e+00 -6.509810129966638881e-01 2.938650932986248687e+00
1.133333333333333304e+00 -7.060527301857341120e-01 3.246923198320096571e+00
1.149999999999999911e+00 -7.592117862740004330e-01 3.257018728732912205e+00
1.166666666666666741e+00 -8.146200211434978522e-01 3.589046469621978375e+00
1.183333333333333348e+00 -8.788466685947330381e-01 4.405110834418407784e+00
1.199999999999999956e+00 -9.614570489574447709e-01 5.604265723005585009e+00
1.216666666666666563e+00 -1.065655526028252531e+00 6.615651656466792652e+00
1.233333333333333393e+00 -1.181978770839671178e+00 6.849145062186567934e+00
1.250000000000000000e+00 -1.293960361434471462e+00 6.408367662283745325e+00
1.266666666666666607e+00 -1.395591026249129341e+00 5.565226899389930537e+00
1.283333333333333215e+00 -1.479467924747469132e+00 4.291072272394749199e+00
1.300000000000000044e+00 -1.538626768662287647e+00 2.771799380696164938e+00
1.316666666666666652e+00 -1.571861237437341297e+00 1.512899935459972589e+00
1.333333333333333259e+00 -1.589056766510953400e+00 6.833977164085580647e-01
1.350000000000000089e+00 -1.594641161317626565e+00 -1.443274615724021714e-01
1.366666666666666696e+00 -1.584245851125206661e+00 -1.204246943571332107e+00
1.383333333333333304e+00 -1.554499596531915495e+00 -2.349051237416117655e+00
1.399999999999999911e+00 -1.505944143211336073e+00 -3.499559717721751895e+00
1.416666666666666741e+00 -1.437847605941190432e+00 -4.675118412237833532e+00
1.433333333333333348e+00 -1.350106862803408303e+00 -5.744787849657999601e+00
1.449999999999999956e+00 -1.246354677619257112e+00 -6.611952231665590318e+00
1.466666666666666563e+00 -1.129708455081221974e+00 -7.357442529433154021e+00
1.483333333333333393e+00 -1.001106593304818659e+00 -7.848807222245928195e+00
1.500000000000000000e+00 -8.680815476730243674e-01 -7.896538914025478029e+00
1.516666666666666607e+00 -7.378886295039693843e-01 -7.564269376680594625e+00
1.533333333333333215e+00 -6.159392351170045465e-01 -6.995673665669723817e+00
1.550000000000000044e+00 -5.046995073149785904e-01 -6.270190367154214073e+00
1.566666666666666652e+00 -4.069328895451974071e-01 -5.546448822828206282e+00
1.583333333333333259e+00 -3.198178798873717033e-01 -4.983775833920143228e+00
1.600000000000000089e+00 -2.408070284145259754e-01 -4.542947472695868072e+00
1.616666666666666696e+00 -1.683862974641761046e-01 -4.039778912966994540e+00
1.633333333333333304e+00 -1.061477313156261593e-01 -3.433775225984087243e+00
1.649999999999999911e+00 -5.392712326470652101e-02 -2.827771171163667052e+00
1.666666666666666741e+00 -1.188869227683725729e-02 -2.217022778350535628e+00
1.683333333333333348e+00 1.997363601364466473e-02 -1.602590553629980263e+00
1.699999999999999956e+00 4.153099284416209014e-02 -9.680314370364000442e-01
1.716666666666666563e+00 5.224135058152466760e-02 -3.945074511824319674e-01
1.733333333333333393e+00 5.468124121690982192e-02 -1.322786390548905122e-02
1.750000000000000000e+00 5.268227937837430264e-02 1.360892310309512465e-01
1.766666666666666607e+00 5.014493351587811371e-02 1.436785889506709546e-01
1.783333333333333215e+00 4.789299308001860461e-02 1.064572478944496303e-01
1.800000000000000044e+00 4.659635858606312603e-02 1.228211829054236259e-01
1.816666666666666652e+00 4.379895364983781708e-02 2.634166140661481359e-01
1.833333333333333259e+00 3.781580478385818817e-02 4.713941783264711249e-01
1.849999999999999867e+00 2.808581437228878028e-02 6.312277839360309617e-01
1.866666666666666696e+00 1.677487865265715750e-02 6.855317283816962926e-01
1.883333333333333304e+00 5.234756759565571162e-03 6.368743204786890821e-01
1.899999999999999911e+00 -4.454265363299142293e-03 5.160097667111026576e-01
1.916666666666666741e+00 -1.196556879747118565e-02 3.700452953605483097e-01
1.933333333333333348e+00 -1.678910854198408659e-02 -1.511055756957645213e-01
1.949999999999999956e+00 -6.928716274279034942e-03 -4.633403639834924870e-01
1.966666666666666563e+00 -1.344429742534337469e-03 -2.033788052434442051e-01
1.983333333333333393e+00 -1.494227661642283812e-04 -4.033289227603012450e-02
2.000000000000000000e+00 0.000000000000000000e+00 -8.965365969853703737e-03
