0.000000000000000000e+00 5.561642043963744300e+02 7.636377104156076712e+02
1.666666666666666644e-02 5.434369092227809688e+02 7.636377104156076712e+02
3.333333333333333287e-02 5.307096140491875076e+02 7.636377104156076712e+02
5.000000000000000278e-02 5.179823188755940464e+02 7.636377104156093765e+02
6.666666666666666574e-02 5.052550237020005284e+02 7.636377104156110818e+02
8.333333333333332871e-02 4.925277285284070103e+02 7.636377104156076712e+02
1.000000000000000056e-01 4.798004333548136060e+02 7.636377104156076712e+02
1.166666666666666685e-01 4.670731381812200880e+02 7.636377104156093765e+02
1.333333333333333315e-01 4.543458430076266268e+02 7.636377104156093765e+02
1.499999999999999944e-01 4.416185478340331088e+02 7.636377104156093765e+02
1.666666666666666574e-01 4.288912526604396476e+02 7.636377104156076712e+02
1.833333333333333204e-01 4.161639574868461864e+02 7.636377104156093765e+02
2.000000000000000111e-01 4.034366623132526684e+02 7.636377104156093765e+02
2.166666666666666741e-01 3.907093671396592072e+02 7.636377104156076712e+02
2.333333333333333370e-01 3.779820719660657460e+02 7.636377104156076712e+02
2.500000000000000000e-01 3.652547767924722848e+02 7.636377104156093765e+02
2.666666666666666630e-01 3.525274816188787668e+02 7.636377104156093765e+02
2.833333333333333259e-01 3.398001864452853056e+02 7.636377104156076712e+02
2.999999999999999889e-01 3.270728912716918444e+02 7.636377104156076712e+02
3.166666666666666519e-01 3.143455960980983832e+02 7.636377104156076712e+02
3.333333333333333148e-01 3.016183009245049220e+02 7.636377104156093765e+02
3.499999999999999778e-01 2.888910057509114040e+02 7.636377104156093765e+02
3.666666666666666408e-01 2.761637105773179428e+02 7.636377104156076712e+02
3.833333333333333037e-01 2.634364154037244816e+02 7.636377104156093765e+02
4.000000000000000222e-01 2.507091202301309636e+02 7.636377104156093765e+02
4.166666666666666852e-01 2.379818250565375024e+02 7.636377104156093765e+02
4.333333333333333481e-01 2.252545298829439844e+02 7.636377104156093765e+02
4.500000000000000111e-01 2.125272347093505232e+02 7.636377104156076712e+02
4.666666666666666741e-01 1.997999395357570620e+02 7.636377104156085807e+02
4.833333333333333370e-01 1.870726443621635724e+02 7.636377104156093765e+02
5.000000000000000000e-01 1.743453491885700828e+02 7.636377104156068754e+02
5.166666666666666075e-01 1.616180540149766784e+02 7.636377104156076712e+02
5.333333333333333259e-01 1.488907588413831604e+02 7.636377104156110818e+02
5.500000000000000444e-01 1.361634636677896424e+02 7.636377104156089217e+02
5.666666666666666519e-01 1.234361684941961954e+02 7.636377104156089217e+02
5.833333333333333703e-01 1.107088733206026774e+02 7.636377104156085807e+02
5.999999999999999778e-01 9.798157814700924462e+01 7.636377104156085807e+02
6.166666666666666963e-01 8.525428297341572659e+01 7.636377104156085807e+02
6.333333333333333037e-01 7.252698779982229382e+01 5.743727808663094265e+02
6.500000000000000222e-01 6.610852361120541332e+01 4.291990393348569910e+02
6.666666666666666297e-01 5.822035315532706079e+01 5.184491454535462935e+02
6.833333333333333481e-01 4.882688542942053544e+01 5.360861446020498988e+02
6.999999999999999556e-01 4.035081500192539750e+01 4.788632650211459350e+02
7.166666666666666741e-01 3.286477659538233809e+01 4.135641510917379833e+02
7.333333333333332815e-01 2.656534329886746448e+01 3.487096437070421757e+02
7.500000000000000000e-01 2.124112180514759984e+01 2.976221788484908188e+02
7.666666666666666075e-01 1.664460400391777029e+01 2.589327953457669196e+02
7.833333333333333259e-01 1.261002862695536919e+01 2.271242978098252365e+02
8.000000000000000444e-01 9.073794076923595853e+00 1.998734735181627684e+02
8.166666666666666519e-01 5.947579509683277088e+00 1.765139411608482760e+02
8.333333333333333703e-01 3.189996038228653852e+00 1.556759219548974045e+02
8.499999999999999778e-01 7.583821111866970721e-01 1.363768139828249275e+02
8.666666666666666963e-01 -1.355897761198844531e+00 1.174435141573111565e+02
8.833333333333333037e-01 -3.156401694057008100e+00 9.779178921318025175e+01
9.000000000000000222e-01 -4.615624068304852834e+00 7.767672775679541530e+01
9.166666666666666297e-01 -5.745625952616855159e+00 5.887802201609830632e+01
9.333333333333333481e-01 -6.578224802174796437e+00 4.301197129155142562e+01
9.499999999999999556e-01 -7.179358329001902739e+00 3.051184174302095542e+01
9.666666666666666741e-01 -7.595286193608828285e+00 2.086927704973190245e+01
9.833333333333332815e-01 -7.875000897326299487e+00 1.313621443976987990e+01
1.000000000000000000e+00 -8.033160008267824281e+00 5.857426067204984932e+00
1.016666666666666607e+00 -8.070248432899798985e+00 -1.804363763948124699e+00
1.033333333333333215e+00 -7.973014549469553458e+00 -9.110974869337065130e+00
1.050000000000000044e+00 -7.766549270588563481e+00 -1.515970589174913563e+01
1.066666666666666652e+00 -7.467691019744582270e+00 -1.989351943787170285e+01
1.083333333333333259e+00 -7.103431955992840052e+00 -2.358082237853488650e+01
1.100000000000000089e+00 -6.681663607126752780e+00 -2.666155463494789046e+01
1.116666666666666696e+00 -6.214713468161243703e+00 -2.938989302326189446e+01
1.133333333333333304e+00 -5.702000506351356357e+00 -3.105750446602897341e+01
1.149999999999999911e+00 -5.179463319293611256e+00 -3.050743458941103725e+01
1.166666666666666741e+00 -4.685086020037655175e+00 -2.782346586985932291e+01
1.183333333333333348e+00 -4.252014456964967160e+00 -2.470190872864312581e+01
1.199999999999999956e+00 -3.861689062416217677e+00 -2.268029804355721524e+01
1.216666666666666563e+00 -3.496004522179726681e+00 -2.188340176491282563e+01
1.233333333333333393e+00 -3.132242336919123460e+00 -2.148668403616739297e+01
1.250000000000000000e+00 -2.779781720974146886e+00 -2.048121847247386285e+01
1.266666666666666607e+00 -2.449535054503328091e+00 -1.863701005828533042e+01
1.283333333333333215e+00 -2.158548052364635872e+00 -1.680264507664598028e+01
1.300000000000000044e+00 -1.889446885281795385e+00 -1.566418410638113379e+01
1.316666666666666652e+00 -1.636408582151931412e+00 -1.494526112510454574e+01
1.333333333333333259e+00 -1.391271514444977209e+00 -1.435757668388159303e+01
1.350000000000000089e+00 -1.157822692689211674e+00 -1.349390054088413038e+01
1.366666666666666696e+00 -9.414748297488395590e-01 -1.210788325471300730e+01
1.383333333333333304e+00 -7.542265841987780828e-01 -1.041427822682944182e+01
1.399999999999999911e+00 -5.943322221878581946e-01 -9.053637942929169569e+00
1.416666666666666741e+00 -4.524386527678057601e-01 -8.349862563736108356e+00
1.433333333333333348e+00 -3.160034700633212457e-01 -7.967366316869109788e+00
1.449999999999999956e+00 -1.868597755388354542e-01 -6.922821434033422427e+00
1.466666666666666563e+00 -8.524275559554050918e-02 -5.012231726283686406e+00
1.483333333333333393e+00 -1.978538466271257193e-02 -2.905646570349190494e+00
1.500000000000000000e+00 1.161213008276583240e-02 -1.174203113621233641e+00
1.516666666666666607e+00 1.935471912466187744e-02 5.980438764013433495e-02
1.533333333333333215e+00 9.618650494761354572e-03 6.124160080733875855e-01
1.550000000000000044e+00 -1.059147811117707588e-03 4.972822152611791058e-01
1.566666666666666652e+00 -6.957423347277949359e-03 1.033405687105245774e-01
1.583333333333333259e+00 -4.503833434801859936e-03 1.117201070619883024e-01
1.600000000000000089e+00 -1.068142691601089295e-02 8.500869101916534998e-01
1.616666666666666696e+00 -3.284006377452364234e-02 1.804677798520963661e+00
1.633333333333333304e+00 -7.083735353337634877e-02 2.353005257795272698e+00
1.649999999999999911e+00 -1.112735723676993999e-01 2.387489266936940524e+00
1.666666666666666741e+00 -1.504203290979410357e-01 2.205351462555564801e+00
1.683333333333333348e+00 -1.847852877862182219e-01 1.911660400990189412e+00
1.699999999999999956e+00 -2.141423424642806828e-01 1.405514812876144104e+00
1.716666666666666563e+00 -2.316357815487563587e-01 6.718374196932478393e-01
1.733333333333333393e+00 -2.365369231207222755e-01 -6.236018131577258927e-02
1.750000000000000000e+00 -2.295571088382306058e-01 -6.197501817251915845e-01
1.766666666666666607e+00 -2.158785837298825561e-01 -9.071990281405500900e-01
1.783333333333333215e+00 -1.993171412335456028e-01 -9.725831024693413207e-01
1.800000000000000044e+00 -1.834591469809045139e-01 -9.475672446494235457e-01
1.816666666666666652e+00 -1.677315664118981531e-01 -9.342866416799081586e-01
1.833333333333333259e+00 -1.523162589249075771e-01 -9.100954586655668477e-01
1.849999999999999867e+00 -1.373950511230459248e-01 -8.834441104999405381e-01
1.866666666666666696e+00 -1.228681219082428944e-01 -8.514103940720801900e-01
1.883333333333333304e+00 -1.090147046539765852e-01 -7.919826615054575969e-01
1.899999999999999911e+00 -9.646869985806097447e-02 -7.567022123412876500e-01
1.916666666666666741e+00 -8.379129757593366257e-02 -8.283917333208068445e-01
1.933333333333333348e+00 -6.885564208070074632e-02 -1.995890909756789622e+00
1.949999999999999956e+00 -1.726160058404067194e-02 -2.004289593735686825e+00
1.966666666666666563e+00 -2.045988956177859867e-03 -5.129738327033638301e-01
1.983333333333333393e+00 -1.624728272618778280e-04 -6.137966868533579340e-02
2.000000000000000000e+00 0.000000000000000000e+00 -9.748369635712669790e-03
