0.000000000000000000e+00 4.236158567772557717e+02 6.621287535758665399e+02
1.666666666666666644e-02 4.125803775509913294e+02 6.621287535758631293e+02
3.333333333333333287e-02 4.015448983247270007e+02 6.621287535758631293e+02
5.000000000000000278e-02 3.905094190984625584e+02 6.621287535758631293e+02
6.666666666666666574e-02 3.794739398721982298e+02 6.621287535758631293e+02
8.333333333333332871e-02 3.684384606459337874e+02 6.621287535758631293e+02
1.000000000000000056e-01 3.574029814196694588e+02 6.621287535758631293e+02
1.166666666666666685e-01 3.463675021934050164e+02 6.621287535758631293e+02
1.333333333333333315e-01 3.353320229671406878e+02 6.621287535758631293e+02
1.499999999999999944e-01 3.242965437408762455e+02 6.621287535758648346e+02
1.666666666666666574e-01 3.132610645146118600e+02 6.621287535758631293e+02
1.833333333333333204e-01 3.022255852883474745e+02 6.621287535758648346e+02
2.000000000000000111e-01 2.911901060620830322e+02 6.621287535758631293e+02
2.166666666666666741e-01 2.801546268358187035e+02 6.621287535758631293e+02
2.333333333333333370e-01 2.691191476095542612e+02 6.621287535758648346e+02
2.500000000000000000e-01 2.580836683832898757e+02 6.621287535758631293e+02
2.666666666666666630e-01 2.470481891570254902e+02 6.621287535758631293e+02
2.833333333333333259e-01 2.360127099307611047e+02 6.621287535758631293e+02
2.999999999999999889e-01 2.249772307044967192e+02 6.621287535758631293e+02
3.166666666666666519e-01 2.139417514782323337e+02 6.621287535758631293e+02
3.333333333333333148e-01 2.029062722519679483e+02 6.621287535758631293e+02
3.499999999999999778e-01 1.918707930257035628e+02 6.621287535758631293e+02
3.666666666666666408e-01 1.808353137994391773e+02 6.621287535758631293e+02
3.833333333333333037e-01 1.697998345731747918e+02 6.621287535758648346e+02
4.000000000000000222e-01 1.587643553469103495e+02 6.621287535758648346e+02
4.166666666666666852e-01 1.477288761206459640e+02 6.621287535758631293e+02
4.333333333333333481e-01 1.366933968943815785e+02 6.621287535758626746e+02
4.500000000000000111e-01 1.256579176681172072e+02 6.621287535758626746e+02
4.666666666666666741e-01 1.146224384418528217e+02 6.621287535758631293e+02
4.833333333333333370e-01 1.035869592155884362e+02 6.621287535758631293e+02
5.000000000000000000e-01 9.255147998932405073e+01 6.621287535758623335e+02
5.166666666666666075e-01 8.151600076305969367e+01 6.621287535758631293e+02
5.333333333333333259e-01 7.048052153679527976e+01 6.621287535758652893e+02
5.500000000000000444e-01 5.944504231053085164e+01 6.621287535758633567e+02
5.666666666666666519e-01 4.840956308426650168e+01 6.246908716402324444e+02
5.833333333333333703e-01 3.862201325585643730e+01 5.291315135734975001e+02
5.999999999999999778e-01 3.077184596514991810e+01 5.031686589876977109e+02
6.166666666666666963e-01 2.184972462293318074e+01 4.674081160472820216e+02
6.333333333333333037e-01 1.519157543024051726e+01 3.094435726317938133e+02
6.500000000000000222e-01 1.153493886854005446e+01 2.037714183331179925e+02
6.666666666666666297e-01 8.399194819136583945e+00 2.011576866102593613e+02
6.833333333333333481e-01 4.829682648198075690e+00 1.689684037592976722e+02
6.999999999999999556e-01 2.766914693826661331e+00 1.150028520143633273e+02
7.166666666666666741e-01 9.962542477192977142e-01 9.774979769768810911e+01
7.333333333333332815e-01 -4.914118960962755023e-01 8.186774178290173154e+01
7.500000000000000000e-01 -1.732670478377426493e+00 6.776671666176434883e+01
7.666666666666666075e-01 -2.750302451488420452e+00 5.503968943439237904e+01
7.833333333333333259e-01 -3.567326792857172357e+00 4.342078792753469685e+01
8.000000000000000444e-01 -4.197662049072910406e+00 3.303780183115352287e+01
8.166666666666666519e-01 -4.668586853895623001e+00 2.436853616635958630e+01
8.333333333333333703e-01 -5.009946587951563224e+00 1.749403874543563830e+01
8.499999999999999778e-01 -5.251721478743477611e+00 1.203370069445404589e+01
8.666666666666666963e-01 -5.411069944433364753e+00 7.495672561709012527e+00
8.833333333333333037e-01 -5.501577230800444696e+00 3.598613908823979912e+00
9.000000000000000222e-01 -5.531023741394164084e+00 3.834189219938721749e-01
9.166666666666666297e-01 -5.514357861533573768e+00 -2.017948635933217716e+00
9.333333333333333481e-01 -5.463758786863056827e+00 -3.742864174589168869e+00
9.499999999999999556e-01 -5.389595722380601472e+00 -4.908828489774244019e+00
9.666666666666666741e-01 -5.300131170537248693e+00 -5.702486759811256078e+00
9.833333333333332815e-01 -5.199512830386892936e+00 -6.454727020142003724e+00
1.000000000000000000e+00 -5.084973603199181902e+00 -7.396346996219342884e+00
1.016666666666666607e+00 -4.952967930512914840e+00 -8.554311682385824511e+00
1.033333333333333215e+00 -4.799829880452987751e+00 -9.760687897123228041e+00
1.050000000000000044e+00 -4.627611667275473906e+00 -1.067311958331040422e+01
1.066666666666666652e+00 -4.444059227675974277e+00 -1.108196733923709765e+01
1.083333333333333259e+00 -4.258212755967570651e+00 -1.103555158523477076e+01
1.100000000000000089e+00 -4.076207508168148586e+00 -1.068673627026828221e+01
1.116666666666666696e+00 -3.901988213625294577e+00 -1.021590565736644862e+01
1.133333333333333304e+00 -3.735677319589266965e+00 -9.807630485031895162e+00
1.149999999999999911e+00 -3.575067197457564738e+00 -9.544912823746072306e+00
1.166666666666666741e+00 -3.417513558797731221e+00 -9.376411323693485400e+00
1.183333333333333348e+00 -3.262520153334448558e+00 -9.207180584329535122e+00
1.199999999999999956e+00 -3.110607539320080051e+00 -8.949828611637151710e+00
1.216666666666666563e+00 -2.964192532946543501e+00 -8.570473230484294547e+00
1.233333333333333393e+00 -2.824925098303936899e+00 -8.108773769903111273e+00
1.250000000000000000e+00 -2.693900073949773155e+00 -7.659717670851269311e+00
1.266666666666666607e+00 -2.569601175942227922e+00 -7.262536121069071982e+00
1.283333333333333215e+00 -2.451815536580804089e+00 -6.842998617157678432e+00
1.300000000000000044e+00 -2.341501222036971974e+00 -6.350337632783964459e+00
1.316666666666666652e+00 -2.240137615488005274e+00 -5.859090923941443485e+00
1.333333333333333259e+00 -2.146198191238923858e+00 -5.476114148050235109e+00
1.350000000000000089e+00 -2.057600477219664104e+00 -5.209945285508348789e+00
1.366666666666666696e+00 -1.972533348388645580e+00 -4.993868269675654226e+00
1.383333333333333304e+00 -1.891138201563808963e+00 -4.806025736366281720e+00
1.399999999999999911e+00 -1.812332490509769523e+00 -4.632596698462836393e+00
1.416666666666666741e+00 -1.736718311615047750e+00 -4.432916682915640116e+00
1.433333333333333348e+00 -1.664568601079248200e+00 -4.209078646561319914e+00
1.449999999999999956e+00 -1.596415690063003767e+00 -4.032214849542586244e+00
1.466666666666666563e+00 -1.530161439427828673e+00 -3.963283066527714116e+00
1.483333333333333393e+00 -1.464306254512079963e+00 -3.979489320452898049e+00
1.500000000000000000e+00 -1.397511795412732072e+00 -4.033234428827685569e+00
1.516666666666666607e+00 -1.329865106884490444e+00 -4.100330341661679867e+00
1.533333333333333215e+00 -1.260834117357342743e+00 -4.175538460660479956e+00
1.550000000000000044e+00 -1.190680491529141127e+00 -4.230207261590777534e+00
1.566666666666666652e+00 -1.119827208637650173e+00 -4.210850229047049531e+00
1.583333333333333259e+00 -1.050318817227572810e+00 -4.097317222186753760e+00
1.600000000000000089e+00 -9.832499678980917146e-01 -3.932638484011651503e+00
1.616666666666666696e+00 -9.192308677605177669e-01 -3.753616000947017639e+00
1.633333333333333304e+00 -8.581294345331911266e-01 -3.568562726284286946e+00
1.649999999999999911e+00 -8.002787768843748761e-01 -3.372106333636514464e+00
1.666666666666666741e+00 -7.457258900786406519e-01 -3.195044687512178516e+00
1.683333333333333348e+00 -6.937772873006355923e-01 -3.088756392720394484e+00
1.699999999999999956e+00 -6.427673436546275099e-01 -3.079009594312455356e+00
1.716666666666666563e+00 -5.911436341568870878e-01 -3.127287096864483917e+00
1.733333333333333393e+00 -5.385244404258113793e-01 -3.161125981440384702e+00
1.750000000000000000e+00 -4.857727681088742644e-01 -3.117172571446029661e+00
1.766666666666666607e+00 -4.346186880442770573e-01 -2.975192033989555451e+00
1.783333333333333215e+00 -3.865997003092224160e-01 -2.760465684664723973e+00
1.800000000000000044e+00 -3.426031652221195878e-01 -2.530300734425220632e+00
1.816666666666666652e+00 -3.022563424950484023e-01 -2.336169411106084226e+00
1.833333333333333259e+00 -2.647308515185834432e-01 -2.195692796925155399e+00
1.849999999999999867e+00 -2.290665825975432279e-01 -2.089168954638960685e+00
1.866666666666666696e+00 -1.950918863639514167e-01 -1.984267767976455543e+00
1.883333333333333304e+00 -1.629243236649947080e-01 -1.867638038900053088e+00
1.899999999999999911e+00 -1.328372850672829841e-01 -1.741001054008387339e+00
1.916666666666666741e+00 -1.048909551980484606e-01 -1.608963344025106323e+00
1.933333333333333348e+00 -7.920517359977943816e-02 -2.451116375519712953e+00
1.949999999999999956e+00 -2.318707601405803342e-02 -2.296214779526521532e+00
1.966666666666666563e+00 -2.664680948895386745e-03 -6.896786271798803769e-01
1.983333333333333393e+00 -1.977884413953560406e-04 -7.994042846686159887e-02
2.000000000000000000e+00 0.000000000000000000e+00 -1.186730648372136265e-02
