0.0000 1198.4433 2409.7982
0.0167 1158.2800 2409.7982
0.0333 1118.1167 2409.7982
0.0500 1077.9534 2409.7982
0.0667 1037.7901 2409.7982
0.0833 997.6268 2409.7982
0.1000 957.4635 2409.7982
0.1167 917.3002 2409.7982
0.1333 877.1369 2409.7982
0.1500 836.9736 2409.7982
0.1667 796.8103 2409.7982
0.1833 756.6469 2409.7982
0.2000 716.4836 2409.7982
0.2167 676.3203 2409.7982
0.2333 636.1570 2409.7982
0.2500 595.9937 2409.7982
0.2667 555.8304 2409.7982
0.2833 515.6671 2409.7982
0.3000 475.5038 2409.7982
0.3167 435.3405 2409.7982
0.3333 395.1772 2409.7982
0.3500 355.0139 2409.7982
0.3667 314.8506 2409.7982
0.3833 274.6873 2409.7982
0.4000 234.5240 2409.7982
0.4167 194.3607 2409.7982
0.4333 154.1974 2409.7982
0.4500 114.0341 2409.7982
0.4667 73.8708 2441.3949
0.4833 32.6543 1628.2082
0.5000 19.5972 687.5194
0.5167 9.7369 525.1806
0.5333 2.0912 417.0273
0.5500 -4.1640 341.0187
0.5667 -9.2761 282.0955
0.5833 -13.5672 232.9333
0.6000 -17.0406 192.8042
0.6167 -19.9940 164.7294
0.6333 -22.5316 141.4883
0.6500 -24.7102 121.7460
0.6667 -26.5898 100.8206
0.6833 -28.0709 76.0022
0.7000 -29.1232 53.7206
0.7167 -29.8616 35.1563
0.7333 -30.2950 18.1605
0.7500 -30.4670 -2.3774
0.7667 -30.2158 -25.1770
0.7833 -29.6277 -42.7128
0.8000 -28.7920 -51.8342
0.8167 -27.8999 -53.5805
0.8333 -27.0060 -55.1033
0.8500 -26.0631 -57.5133
0.8667 -25.0889 -57.4667
0.8833 -24.1476 -54.4354
0.9000 -23.2744 -51.5322
0.9167 -22.4298 -51.2195
0.9333 -21.5671 -52.0237
0.9500 -20.6957 -52.7992
0.9667 -19.8071 -52.3567
0.9833 -18.9505 -52.6408
1.0000 -18.0524 -52.3577
1.0167 -17.2052 -52.1023
1.0333 -16.3157 -54.8029
1.0500 -15.3785 -55.4508
1.0667 -14.4673 -53.8413
1.0833 -13.5838 -52.3510
1.1000 -12.7223 -50.7753
1.1167 -11.8913 -45.9570
1.1333 -11.1904 -41.2615
1.1500 -10.5159 -38.2856
1.1667 -9.9142 -32.8048
1.1833 -9.4224 -28.4139
1.2000 -8.9671 -26.0910
1.2167 -8.5527 -24.5032
1.2333 -8.1503 -20.0351
1.2500 -7.8848 -14.3306
1.2667 -7.6726 -11.1428
1.2833 -7.5134 -6.7584
1.3000 -7.4473 -4.0696
1.3167 -7.3778 -4.2804
1.3333 -7.3046 -3.2045
1.3500 -7.2709 -1.5482
1.3667 -7.2530 -0.7519
1.3833 -7.2459 0.3547
1.4000 -7.2649 2.1790
1.4167 -7.3185 3.0498
1.4333 -7.3665 2.9361
1.4500 -7.4164 3.4767
1.4667 -7.4824 3.4591
1.4833 -7.5317 1.9736
1.5000 -7.5482 0.5742
1.5167 -7.5508 -0.8315
1.5333 -7.5205 -2.0858
1.5500 -7.4813 -3.0333
1.5667 -7.4194 -4.9523
1.5833 -7.3162 -7.2026
1.6000 -7.1793 -8.1771
1.6167 -7.0437 -8.4036
1.6333 -6.8992 -9.9428
1.6500 -6.7122 -12.9489
1.6667 -6.4675 -15.9427
1.6833 -6.1808 -17.3291
1.7000 -5.8899 -17.6400
1.7167 -5.5928 -19.6372
1.7333 -5.2353 -21.4821
1.7500 -4.8767 -21.9419
1.7667 -4.5039 -22.0815
1.7833 -4.1407 -21.4835
1.8000 -3.7878 -23.4522
1.8167 -3.3589 -28.6447
1.8333 -2.8330 -32.0352
1.8500 -2.2911 -31.5672
1.8667 -1.7807 -29.4768
1.8833 -1.3085 -26.6189
1.9000 -0.8934 -22.0932
1.9167 -0.5721 -16.8221
1.9333 -0.3327 -15.7540
1.9500 -0.0470 -9.8596
1.9667 -0.0041 -1.3984
1.9833 -0.0004 -0.1216
2.0000 0.0000 -0.0215
