0.000000000000000000e+00 7.603350460168741120e+04 6.417885467863052618e+05
1.666666666666666644e-02 6.533702882191565732e+04 5.968615344358409056e+05
3.333333333333333287e-02 5.613812012049271289e+04 5.132820309151511756e+05
5.000000000000000278e-02 4.822762779141061765e+04 4.413763833947156090e+05
6.666666666666666574e-02 4.142557400733552640e+04 3.795162120236773044e+05
8.333333333333332871e-02 3.557708739062137465e+04 3.263001238144162344e+05
1.000000000000000056e-01 3.054890321352165120e+04 2.805220831495508901e+05
1.166666666666666685e-01 2.622635128563634498e+04 2.411441888944993261e+05
1.333333333333333315e-01 2.251076358370500748e+04 2.072732442478156008e+05
1.499999999999999944e-01 1.931724314404249162e+04 1.781405909728617698e+05
1.666666666666666574e-01 1.657274388460961563e+04 1.530847532544521964e+05
1.833333333333333204e-01 1.421441803556075138e+04 1.315364997719901730e+05
2.000000000000000111e-01 1.218819389220994344e+04 1.130059871042481973e+05
2.166666666666666741e-01 1.044755179875247813e+04 9.707169450973560743e+04
2.333333333333333370e-01 8.952470741885423195e+03 8.337090051825268893e+04
2.500000000000000000e-01 7.668521781477388686e+03 7.159148653447492688e+04
2.666666666666666630e-01 6.566087857402925692e+03 6.146488257688837621e+04
2.833333333333333259e-01 5.619692362247776146e+03 5.275999602974336449e+04
2.999999999999999889e-01 4.807421323078146997e+03 4.527798645248255343e+04
3.166666666666666519e-01 4.110426147165024304e+03 3.884776857005032798e+04
3.333333333333333148e-01 3.512495704076469337e+03 3.332214198874578142e+04
3.499999999999999778e-01 2.999688080873498166e+03 2.857446031605998724e+04
3.666666666666666408e-01 2.560013693541136490e+03 2.449576452783595596e+04
3.833333333333333037e-01 2.183162596612299694e+03 2.099231589640618404e+04
4.000000000000000222e-01 1.860269830327596992e+03 1.798347280512592988e+04
4.166666666666666852e-01 1.583713503108102032e+03 1.539986353111652170e+04
4.333333333333333481e-01 1.346941045957046299e+03 1.318181375392010705e+04
4.500000000000000111e-01 1.144319711310765115e+03 1.127799329366653910e+04
4.666666666666666741e-01 9.710079361681616774e+02 9.644251527812693894e+03
4.833333333333333370e-01 8.228446603836753184e+02 8.242615192028119054e+03
5.000000000000000000e-01 6.962540964338910499e+02 7.040425934344450980e+03
5.166666666666666075e-01 5.881637959055269675e+02 6.009598144859945933e+03
5.333333333333333259e-01 4.959341582718928407e+02 5.125980297187990800e+03
5.500000000000000444e-01 4.172977859992606113e+02 4.368805373655057338e+03
5.666666666666666519e-01 3.503073124833909446e+02 3.720217956653625606e+03
5.833333333333333703e-01 2.932905207774730911e+02 3.164867298872746233e+03
5.999999999999999778e-01 2.448117358542993998e+02 2.689557174382241101e+03
6.166666666666666963e-01 2.036386149647317154e+02 2.282944594312320532e+03
6.333333333333333037e-01 1.687135827105553858e+02 1.935280574058453112e+03
6.500000000000000222e-01 1.391292624961166098e+02 1.638187088426055425e+03
6.666666666666666297e-01 1.141073464296868707e+02 2.142092640108105115e+03
6.833333333333333481e-01 6.772617449251310973e+01 2.182178880981180555e+03
6.999999999999999556e-01 4.136805039698084130e+01 1.031702307139689992e+03
7.166666666666666741e-01 3.333609758785677712e+01 7.349533239821878396e+02
7.333333333333332815e-01 1.686960626424124854e+01 4.965031488440403677e+02
7.500000000000000000e-01 1.678599262638876510e+01 9.072073814349947440e+01
7.666666666666666075e-01 1.384558165945793284e+01 1.799408636401762180e+02
7.833333333333333259e-01 1.078796383838289152e+01 1.697441602078997676e+02
8.000000000000000444e-01 8.187442985861274281e+00 1.397811768722433499e+02
8.166666666666666519e-01 6.128591275974780039e+00 1.096233157665203635e+02
8.333333333333333703e-01 4.533332460310595557e+00 8.614438654375133808e+01
8.499999999999999778e-01 3.257111724516402074e+00 7.088351173699193453e+01
8.666666666666666963e-01 2.170548735744197710e+00 6.159925693767321064e+01
8.833333333333333037e-01 1.203803159927295141e+00 5.528269292820684910e+01
9.000000000000000222e-01 3.277923048039694254e-01 5.094522192583597331e+01
9.166666666666666297e-01 -4.943709042672373433e-01 4.845295420801527086e+01
9.333333333333333481e-01 -1.287306168796539474e+00 4.689344034199783096e+01
9.499999999999999556e-01 -2.057485582333831609e+00 4.512266475248817699e+01
9.666666666666666741e-01 -2.791394993879478648e+00 4.235924677992618115e+01
9.833333333333332815e-01 -3.469460474998037558e+00 3.824098189457181007e+01
1.000000000000000000e+00 -4.066094390365205591e+00 3.271232797008488546e+01
1.016666666666666607e+00 -4.559871407334200377e+00 2.602591185328977375e+01
1.033333333333333215e+00 -4.933624785474864716e+00 1.911289284746766626e+01
1.050000000000000044e+00 -5.196967835583122586e+00 1.304203113552004467e+01
1.066666666666666652e+00 -5.368359156658866205e+00 8.178222223612330311e+00
1.083333333333333259e+00 -5.469575243036866929e+00 4.303712707834641549e+00
1.100000000000000089e+00 -5.511816246920020923e+00 1.249015404497626491e+00
1.116666666666666696e+00 -5.511209089853454479e+00 -1.199768383394239635e+00
1.133333333333333304e+00 -5.471823967473546269e+00 -2.981054856680982468e+00
1.149999999999999911e+00 -5.411840594630755064e+00 -3.813359393788395835e+00
1.166666666666666741e+00 -5.344711987680599741e+00 -3.747745405556566212e+00
1.183333333333333348e+00 -5.286915747778869523e+00 -3.233612400658154584e+00
1.199999999999999956e+00 -5.236924907658661255e+00 -2.493842614501771138e+00
1.216666666666666563e+00 -5.203787660628810485e+00 -1.610199562477525603e+00
1.233333333333333393e+00 -5.183251588909410401e+00 -9.994920817350827491e-01
1.250000000000000000e+00 -5.170471257904307727e+00 -1.286693635186360041e+00
1.266666666666666607e+00 -5.140361801069865066e+00 -2.665937907169269039e+00
1.283333333333333215e+00 -5.081606660998665426e+00 -4.877616955145933630e+00
1.300000000000000044e+00 -4.977774569231667279e+00 -7.572294420214440436e+00
1.316666666666666652e+00 -4.829196846991517411e+00 -1.013592488782157908e+01
1.333333333333333259e+00 -4.639910406304281310e+00 -1.204931463300027872e+01
1.350000000000000089e+00 -4.427553025891508121e+00 -1.319007504881726689e+01
1.366666666666666696e+00 -4.200241238010372413e+00 -1.353610781322188572e+01
1.383333333333333304e+00 -3.976349432117445293e+00 -1.315036994045154373e+01
1.399999999999999911e+00 -3.761895573328654319e+00 -1.252576619825205739e+01
1.416666666666666741e+00 -3.558823892175710046e+00 -1.219970474379331904e+01
1.433333333333333348e+00 -3.355238748535543714e+00 -1.231509959329980397e+01
1.449999999999999956e+00 -3.148320572399049944e+00 -1.276623610008848608e+01
1.466666666666666563e+00 -2.929697545199260844e+00 -1.338261435381036257e+01
1.483333333333333393e+00 -2.702233427272037858e+00 -1.376405627480098204e+01
1.500000000000000000e+00 -2.470895669372561443e+00 -1.347010924885834271e+01
1.516666666666666607e+00 -2.253229785643426464e+00 -1.247961293657232851e+01
1.533333333333333215e+00 -2.054908571486817159e+00 -1.122279866944060522e+01
1.550000000000000044e+00 -1.879136496662072942e+00 -1.002466676397432188e+01
1.566666666666666652e+00 -1.720753012687673111e+00 -8.930163407957827815e+00
1.583333333333333259e+00 -1.581464383063478696e+00 -7.912536688718588174e+00
1.600000000000000089e+00 -1.457001789730386854e+00 -7.065641641037483822e+00
1.616666666666666696e+00 -1.345942995028895917e+00 -6.505338877374930995e+00
1.633333333333333304e+00 -1.240157160484555821e+00 -6.367164463011421027e+00
1.649999999999999911e+00 -1.133704179595181882e+00 -6.587269722941555550e+00
1.666666666666666741e+00 -1.020581503053170636e+00 -6.889182000093213354e+00
1.683333333333333348e+00 -9.040647795920747631e-01 -7.044934750079740127e+00
1.699999999999999956e+00 -7.857503447171793054e-01 -7.013341402388193480e+00
1.716666666666666563e+00 -6.702867328458016472e-01 -6.816520787014218818e+00
1.733333333333333393e+00 -5.585329851500386855e-01 -6.554477982666758074e+00
1.750000000000000000e+00 -4.518041334235763928e-01 -6.267282392384277756e+00
1.766666666666666607e+00 -3.496235720705627714e-01 -5.900156678942550137e+00
1.783333333333333215e+00 -2.551322441254914031e-01 -5.386740534850162021e+00
1.800000000000000044e+00 -1.700655542422240263e-01 -4.752269505522036752e+00
1.816666666666666652e+00 -9.672326060809018078e-02 -4.028632291427817869e+00
1.833333333333333259e+00 -3.577781119463010334e-02 -3.241247858086456990e+00
1.849999999999999867e+00 1.131833466145838740e-02 -2.386750539513600611e+00
1.866666666666666696e+00 4.378054012248991378e-02 -1.511867758646112003e+00
1.883333333333333304e+00 6.171392661632878890e-02 -7.006156251838902005e-01
1.899999999999999911e+00 6.713439429528625380e-02 -4.934324189633791657e-02
1.916666666666666741e+00 6.335870134620671945e-02 4.001364251366374414e-01
1.933333333333333348e+00 5.379651345739833862e-02 1.471998322968795625e+00
1.949999999999999956e+00 1.429209058058019885e-02 1.560393229890627564e+00
1.966666666666666563e+00 1.783405794377419806e-03 4.231361244360128948e-01
1.983333333333333393e+00 1.875530993797690606e-04 5.350217383132259419e-02
2.000000000000000000e+00 0.000000000000000000e+00 1.125318596278614310e-02
