0.0000 835.0165 1307.1259
0.0167 813.2311 1307.1259
0.0333 791.4456 1307.1259
0.0500 769.6602 1307.1259
0.0667 747.8748 1307.1259
0.0833 726.0893 1307.1259
0.1000 704.3039 1307.1259
0.1167 682.5185 1307.1259
0.1333 660.7330 1307.1259
0.1500 638.9476 1307.1259
0.1667 617.1622 1307.1259
0.1833 595.3767 1307.1259
0.2000 573.5913 1307.1259
0.2167 551.8059 1307.1259
0.2333 530.0204 1307.1259
0.2500 508.2350 1307.1259
0.2667 486.4496 1307.1259
0.2833 464.6642 1307.1259
0.3000 442.8787 1307.1259
0.3167 421.0933 1307.1259
0.3333 399.3079 1307.1259
0.3500 377.5224 1307.1259
0.3667 355.7370 1307.1259
0.3833 333.9516 1307.1259
0.4000 312.1661 1307.1259
0.4167 290.3807 1307.1259
0.4333 268.5953 1307.1259
0.4500 246.8098 1307.1259
0.4667 225.0244 1307.1259
0.4833 203.2390 1307.1259
0.5000 181.4535 1307.1259
0.5167 159.6681 1307.1259
0.5333 137.8827 1307.1259
0.5500 116.0972 1307.1259
0.5667 94.3118 1307.1259
0.5833 72.5264 1307.1259
0.6000 50.7409 1307.1259
0.6167 28.9555 924.0316
0.6333 19.9399 504.5988
0.6500 12.1355 437.0250
0.6667 5.3724 368.1719
0.6833 -0.1368 291.0995
0.7000 -4.3309 223.1645
0.7167 -7.5757 171.8421
0.7333 -10.0590 134.8472
0.7500 -12.0706 109.9617
0.7667 -13.7244 86.7750
0.7833 -14.9631 65.6598
0.8000 -15.9131 49.1025
0.8167 -16.5998 38.6579
0.8333 -17.2016 31.2513
0.8500 -17.6415 18.4529
0.8667 -17.8167 6.7591
0.8833 -17.8668 -2.2458
0.9000 -17.7419 -8.4046
0.9167 -17.5867 -9.7668
0.9333 -17.4163 -15.9342
0.9500 -17.0555 -28.8411
0.9667 -16.4550 -35.8762
0.9833 -15.8597 -36.1156
1.0000 -15.2511 -37.7370
1.0167 -14.6018 -40.4864
1.0333 -13.9016 -40.2351
1.0500 -13.2606 -39.6682
1.0667 -12.5793 -37.6044
1.0833 -12.0071 -36.3733
1.1000 -11.3668 -38.0046
1.1167 -10.7403 -38.2405
1.1333 -10.0922 -31.1427
1.1500 -9.7022 -26.1703
1.1667 -9.2198 -26.8654
1.1833 -8.8067 -25.5281
1.2000 -8.3689 -23.4189
1.2167 -8.0261 -24.1496
1.2333 -7.5639 -29.6396
1.2500 -7.0381 -36.2116
1.2667 -6.3568 -37.3439
1.2833 -5.7933 -36.4990
1.3000 -5.1402 -33.7863
1.3167 -4.6671 -31.2717
1.3333 -4.0978 -30.7998
1.3500 -3.6404 -23.6030
1.3667 -3.3110 -13.9378
1.3833 -3.1758 -7.6266
1.4000 -3.0568 -3.5559
1.4167 -3.0573 0.5442
1.4333 -3.0750 1.3898
1.4500 -3.1036 1.7865
1.4667 -3.1345 4.8755
1.4833 -3.2661 7.0615
1.5000 -3.3699 7.6257
1.5167 -3.5203 9.5888
1.5333 -3.6895 11.2921
1.5500 -3.8967 12.7139
1.5667 -4.1133 12.7681
1.5833 -4.3223 9.3980
1.6000 -4.4266 7.0558
1.6167 -4.5575 6.0123
1.6333 -4.6270 2.9001
1.6500 -4.6542 -0.1277
1.6667 -4.6227 -1.4415
1.6833 -4.6061 -2.7176
1.7000 -4.5322 -4.1424
1.7167 -4.4681 -5.4066
1.7333 -4.3519 -7.8777
1.7500 -4.2055 -9.6330
1.7667 -4.0308 -9.2553
1.7833 -3.8970 -10.2472
1.8000 -3.6893 -15.6184
1.8167 -3.3763 -21.2738
1.8333 -2.9801 -25.3192
1.8500 -2.5324 -28.2418
1.8667 -2.0387 -27.9242
1.8833 -1.6016 -25.7163
1.9000 -1.1815 -23.3102
1.9167 -0.8246 -19.5475
1.9333 -0.5300 -22.4031
1.9500 -0.0778 -15.7134
1.9667 -0.0062 -2.3148
1.9833 -0.0006 -0.1852
2.0000 0.0000 -0.0374
