0.000000000000000000e+00 1.529725283706654295e+02 2.745701091047754971e+02
1.666666666666666644e-02 1.483963598855858379e+02 2.745701091047763498e+02
3.333333333333333287e-02 1.438201914005062179e+02 2.745701091047763498e+02
5.000000000000000278e-02 1.392440229154266262e+02 2.745701091047754971e+02
6.666666666666666574e-02 1.346678544303470346e+02 2.745701091047763498e+02
8.333333333333332871e-02 1.300916859452674146e+02 2.745701091047763498e+02
1.000000000000000056e-01 1.255155174601878230e+02 2.745701091047763498e+02
1.166666666666666685e-01 1.209393489751082029e+02 2.745701091047763498e+02
1.333333333333333315e-01 1.163631804900286113e+02 2.745701091047763498e+02
1.499999999999999944e-01 1.117870120049489913e+02 2.745701091047759519e+02
1.666666666666666574e-01 1.072108435198694139e+02 2.745701091047759519e+02
1.833333333333333204e-01 1.026346750347897938e+02 2.745701091047768045e+02
2.000000000000000111e-01 9.805850654971018798e+01 2.745701091047763498e+02
2.166666666666666741e-01 9.348233806463058215e+01 2.745701091047759519e+02
2.333333333333333370e-01 8.890616957955099053e+01 2.745701091047759519e+02
2.500000000000000000e-01 8.433000109447138470e+01 2.745701091047763498e+02
2.666666666666666630e-01 7.975383260939177887e+01 2.745701091047759519e+02
2.833333333333333259e-01 7.517766412431218725e+01 2.745701091047759519e+02
2.999999999999999889e-01 7.060149563923258142e+01 2.745701091047763498e+02
3.166666666666666519e-01 6.602532715415297560e+01 2.745701091047759519e+02
3.333333333333333148e-01 6.144915866907338398e+01 2.745701091047759519e+02
3.499999999999999778e-01 5.687299018399377815e+01 2.745701091047761224e+02
3.666666666666666408e-01 5.229682169891417942e+01 2.745701091047761224e+02
3.833333333333333037e-01 4.772065321383457359e+01 2.745701091047768045e+02
4.000000000000000222e-01 4.314448472875495355e+01 2.745701091047765772e+02
4.166666666666666852e-01 3.856831624367535483e+01 2.745701091047759519e+02
4.333333333333333481e-01 3.399214775859575610e+01 2.745701091047761224e+02
4.500000000000000111e-01 2.941597927351615027e+01 2.745701091047761224e+02
4.666666666666666741e-01 2.483981078843655155e+01 2.745701091047761224e+02
4.833333333333333370e-01 2.026364230335694572e+01 2.745701091047761793e+02
5.000000000000000000e-01 1.568747381827734522e+01 2.745701091047756108e+02
5.166666666666666075e-01 1.111130533319775893e+01 2.223165840577213999e+02
5.333333333333333259e-01 8.276921016353298910e+00 1.482520978580463122e+02
5.500000000000000444e-01 6.169568737929548519e+00 1.129594097666251145e+02
5.666666666666666519e-01 4.511607357465795332e+00 8.954888982429835664e+01
5.833333333333333703e-01 3.184605743786269816e+00 7.168332636487330944e+01
5.999999999999999778e-01 2.122163145303351595e+00 5.714628440345691018e+01
6.166666666666666963e-01 1.279729597004372721e+00 4.519556502517516350e+01
6.333333333333333037e-01 6.156443111308460558e-01 3.532617584560759383e+01
6.500000000000000222e-01 1.021904021507862997e-01 2.697929287266023834e+01
6.666666666666666297e-01 -2.836654512911618853e-01 1.980365594402854867e+01
6.833333333333333481e-01 -5.579314626501652441e-01 1.365925797317812496e+01
6.999999999999999556e-01 -7.389740503970994023e-01 8.450478979569801652e+00
7.166666666666666741e-01 -8.396140953024919806e-01 4.059342604039877678e+00
7.333333333333332815e-01 -8.742854705317619768e-01 4.268090197115126383e-01
7.500000000000000000e-01 -8.538410626262090686e-01 -2.459988128166026300e+00
7.666666666666666075e-01 -7.922858662595611001e-01 -4.609008037556779236e+00
7.833333333333333259e-01 -7.002074613743164422e-01 -6.070036835766691397e+00
8.000000000000000444e-01 -5.899513050673380610e-01 -6.895855959552552150e+00
8.166666666666666519e-01 -4.703455960558980409e-01 -7.185452684985015104e+00
8.333333333333333703e-01 -3.504362155678375501e-01 -7.059586029789025829e+00
8.499999999999999778e-01 -2.350260617295971965e-01 -6.616258179664009198e+00
8.666666666666666963e-01 -1.298942762457039046e-01 -5.949158402430997583e+00
8.833333333333333037e-01 -3.672078164856396737e-02 -5.212199897333048781e+00
9.000000000000000222e-01 4.384572033206438763e-02 -4.464047304217339196e+00
9.166666666666666297e-01 1.120807951586806628e-01 -3.723197159945413670e+00
9.333333333333333481e-01 1.679522923302448345e-01 -3.057328552200565763e+00
9.499999999999999556e-01 2.139917468986995142e-01 -2.529310109910775317e+00
9.666666666666666741e-01 2.522626293272706710e-01 -2.105013987470737202e+00
9.833333333333332815e-01 2.841588798143907524e-01 -1.755494710844001771e+00
1.000000000000000000e+00 3.107791196887373930e-01 -1.514498207728187218e+00
1.016666666666666607e+00 3.346421534053303226e-01 -1.378151359564245393e+00
1.033333333333333215e+00 3.567174983408789024e-01 -1.237422052559366659e+00
1.050000000000000044e+00 3.758895551573092075e-01 -1.029839858115381812e+00
1.066666666666666652e+00 3.910454936113916258e-01 -7.769737643977603359e-01
1.083333333333333259e+00 4.017886806372345521e-01 -5.325566092184891298e-01
1.100000000000000089e+00 4.087973805853412634e-01 -3.584614240726563539e-01
1.116666666666666696e+00 4.137373947729897639e-01 -3.050750442132932339e-01
1.133333333333333304e+00 4.189665487257843712e-01 -3.586573129921583059e-01
1.149999999999999911e+00 4.256926385393950407e-01 -4.341758377040844108e-01
1.166666666666666741e+00 4.334390766492538516e-01 -4.593982311934757812e-01
1.183333333333333348e+00 4.410059129125109001e-01 -4.049128992837291996e-01
1.199999999999999956e+00 4.469361732920448249e-01 -2.535347934967624450e-01
1.216666666666666563e+00 4.494570726957363149e-01 -3.638175286551026399e-02
1.233333333333333393e+00 4.481488983875618337e-01 1.870250917761362430e-01
1.250000000000000000e+00 4.432229029698651068e-01 3.720725306376931885e-01
1.266666666666666607e+00 4.357464806996387274e-01 5.106972626238825974e-01
1.283333333333333215e+00 4.261996608824023536e-01 6.100690769297889560e-01
1.300000000000000044e+00 4.154108448019790956e-01 6.724460483952537926e-01
1.316666666666666652e+00 4.037847926025605605e-01 7.086122505437353336e-01
1.333333333333333259e+00 3.917904364505212511e-01 7.110853334330297093e-01
1.350000000000000089e+00 3.800819481547929035e-01 6.684717393453315504e-01
1.366666666666666696e+00 3.695080451390101994e-01 5.886203992840643995e-01
1.383333333333333304e+00 3.604612681786574235e-01 4.811945719847643410e-01
1.399999999999999911e+00 3.534682260728513881e-01 3.694959496980004809e-01
1.416666666666666741e+00 3.481447365220574075e-01 2.660158928015537994e-01
1.433333333333333348e+00 3.446010296461329281e-01 1.703306681381072663e-01
1.449999999999999956e+00 3.424670475841204986e-01 7.921193489700495416e-02
1.466666666666666563e+00 3.419606318162327629e-01 -4.346376529006934497e-03
1.483333333333333393e+00 3.426119268017540631e-01 -5.639580358072437960e-02
1.500000000000000000e+00 3.438404919355902423e-01 -6.686035551837110624e-02
1.516666666666666607e+00 3.448406053190331000e-01 -4.146438522032502849e-02
1.533333333333333215e+00 3.452226381096010766e-01 8.221736627193609870e-03
1.550000000000000044e+00 3.445665474314599797e-01 7.082987905377868820e-02
1.566666666666666652e+00 3.428616421411417869e-01 1.454688639520523852e-01
1.583333333333333259e+00 3.397175852997249001e-01 2.416208435806938004e-01
1.600000000000000089e+00 3.348076140217853269e-01 3.622472195640319415e-01
1.616666666666666696e+00 3.276426779809238354e-01 4.996179853486276690e-01
1.633333333333333304e+00 3.181536811768310713e-01 6.371172101609418048e-01
1.649999999999999911e+00 3.064054376422257753e-01 7.550360780051568188e-01
1.666666666666666741e+00 2.929858119099925107e-01 8.360040392377987573e-01
1.683333333333333348e+00 2.785386363342991500e-01 8.851844599821112602e-01
1.699999999999999956e+00 2.634796632439221353e-01 9.201501196988021158e-01
1.716666666666666563e+00 2.478669656776724128e-01 9.468450985562437694e-01
1.733333333333333393e+00 2.319181599587140097e-01 9.566063681253098583e-01
1.750000000000000000e+00 2.159800867401620861e-01 9.474250154993668627e-01
1.766666666666666607e+00 2.003373261087351143e-01 9.298274216217470300e-01
1.783333333333333215e+00 1.849858393527705203e-01 9.123305511612339602e-01
1.800000000000000044e+00 1.699263077366939823e-01 8.966160484157081889e-01
1.816666666666666652e+00 1.550986377389135806e-01 8.829410283065675102e-01
1.833333333333333259e+00 1.404949401264750652e-01 8.719039109090523931e-01
1.849999999999999867e+00 1.260351740419451694e-01 8.648670776805150728e-01
1.866666666666666696e+00 1.116660375371245628e-01 8.628151786079661933e-01
1.883333333333333304e+00 9.727466808834629719e-02 8.615112877623981591e-01
1.899999999999999911e+00 8.294899461171129085e-02 8.570092071567118053e-01
1.916666666666666741e+00 6.870769451645590553e-02 8.512263959297530214e-01
1.933333333333333348e+00 5.457478141405285726e-02 1.567119980772607724e+00
1.949999999999999956e+00 1.647036182403564808e-02 1.580902828223245793e+00
1.966666666666666563e+00 1.878020473278001635e-03 4.893933251726022005e-01
1.983333333333333393e+00 1.572509849489081059e-04 5.634061419834004991e-02
2.000000000000000000e+00 0.000000000000000000e+00 9.435059096934487327e-03
