0.00000000 16567.86096887 183290.09072509
0.01666667 13750.79859816 154757.39375960
0.03333333 11409.28117688 128624.06301958
0.05000000 9463.32983084 106886.70583443
0.06666667 7846.39098240 88807.34410579
0.08333333 6503.08502732 73771.75912605
0.10000000 5387.33234487 61268.74835683
0.11666667 4460.79341542 50872.85797450
0.13333333 3691.57041238 42230.00886443
0.15000000 3053.12645328 35045.53129750
0.16666667 2523.38603580 29074.20473308
0.18333333 2083.98629551 24111.96679893
0.20000000 1719.65380917 19989.01177947
0.21666667 1417.68590286 16564.04579677
0.23333333 1167.51894928 13719.50487264
0.25000000 960.36907377 11357.57453027
0.26666667 788.93313160 9396.87662451
0.28333333 647.13985295 7769.71159205
0.30000000 529.94274520 6419.76304571
0.31666667 433.14775143 5300.18723110
0.33333333 353.26983750 4372.02284607
0.35000000 287.41365656 3602.86753045
0.36666667 233.17425315 2965.77632984
0.38333333 188.55444557 2438.34492701
0.40000000 151.89608892 2001.94666835
0.41666667 121.82288995 1641.09760372
0.43333333 97.19283546 2115.26170018
0.45000000 51.31416662 2020.88084262
0.46666667 29.83014070 1193.16225584
0.48333333 11.54209142 603.79651685
0.50000000 9.70359014 116.25843064
0.51666667 7.66681040 122.20678457
0.53333333 5.63003066 73.29913949
0.55000000 5.22350575 37.89136195
0.56666667 4.36698526 53.98536040
0.58333333 3.42399374 53.39451224
0.60000000 2.58716818 46.60371846
0.61666667 1.87053645 41.32842565
0.63333333 1.20955399 38.41481831
0.65000000 0.59004251 35.31329588
0.66666667 0.03244413 31.76647718
0.68333333 -0.46884006 29.41547471
0.70000000 -0.94807169 28.56840575
0.71666667 -1.42112025 27.62395884
0.73333333 -1.86887032 24.93184292
0.75000000 -2.25218168 20.48928089
0.76666667 -2.55184635 16.25097619
0.78333333 -2.79388089 14.04183987
0.80000000 -3.01990768 13.07666149
0.81666667 -3.22976961 11.19981506
0.83333333 -3.39323485 8.14447338
0.85000000 -3.50125205 5.37711415
0.86666667 -3.57247199 3.51517628
0.88333333 -3.61842460 1.96840487
0.90000000 -3.63808548 0.46311233
0.91666667 -3.63386167 -0.66727021
0.93333333 -3.61584314 -1.44649976
0.95000000 -3.58564501 -2.36219813
0.96666667 -3.53710320 -3.54468217
0.98333333 -3.46748894 -4.60315216
1.00000000 -3.38366480 -5.34044474
1.01666667 -3.28947412 -6.03197030
1.03333333 -3.18259912 -6.71522520
1.05000000 -3.06563328 -6.88737578
1.06666667 -2.95301993 -6.41126402
1.08333333 -2.85192448 -5.99105815
1.10000000 -2.75331799 -6.28297932
1.11666667 -2.64249183 -7.13072360
1.13333333 -2.51562720 -7.76678710
1.15000000 -2.38359893 -7.72502691
1.16666667 -2.25812631 -7.40200702
1.18333333 -2.13686536 -7.38270316
1.20000000 -2.01203620 -7.54835413
1.21666667 -1.88525356 -7.30001965
1.23333333 -1.76870221 -6.58845864
1.25000000 -1.66563827 -6.24642005
1.26666667 -1.56048821 -6.74313481
1.28333333 -1.44086711 -7.42691821
1.30000000 -1.31292427 -7.52991326
1.31666667 -1.18987000 -7.00318018
1.33333333 -1.07948493 -6.22686926
1.35000000 -0.98230769 -5.56482913
1.36666667 -0.89399063 -5.17362342
1.38333333 -0.80985358 -5.00873237
1.40000000 -0.72703288 -4.86263800
1.41666667 -0.64776565 -4.47354143
1.43333333 -0.57791483 -3.83606387
1.45000000 -0.51989685 -3.23106210
1.46666667 -0.47021276 -2.88681973
1.48333333 -0.42366953 -2.76716341
1.50000000 -0.37797398 -2.64865177
1.51666667 -0.33538113 -2.35759634
1.53333333 -0.29938744 -1.91382150
1.55000000 -0.27158708 -1.41902721
1.56666667 -0.25208653 -0.93777155
1.58333333 -0.24032803 -0.57319206
1.60000000 -0.23298013 -0.42355862
1.61666667 -0.22620941 -0.41376050
1.63333333 -0.21918811 -0.42842761
1.65000000 -0.21192849 -0.44621529
1.66666667 -0.20431427 -0.40952341
1.68333333 -0.19827771 -0.27681708
1.70000000 -0.19508703 -0.16177724
1.71666667 -0.19288514 -0.18147963
1.73333333 -0.18903771 -0.31044374
1.75000000 -0.18253701 -0.44049996
1.76666667 -0.17435438 -0.51119080
1.78333333 -0.16549732 -0.55360181
1.80000000 -0.15590099 -0.60437982
1.81666667 -0.14535132 -0.65535104
1.83333333 -0.13405595 -0.68479252
1.85000000 -0.12252491 -0.68498776
1.86666667 -0.11122303 -0.68408806
1.88333333 -0.09972197 -0.72109739
1.90000000 -0.08718645 -0.78206710
1.91666667 -0.07365307 -0.83118966
1.93333333 -0.05948013 -1.90604492
1.95000000 -0.01011824 -1.73934600
1.96666667 -0.00150193 -0.29655008
1.98333333 -0.00023323 -0.04505777
2.00000000 0.00000000 0.01706966
