0.000000000000000000e+00 3.462391550849498003e+02 7.606258932952073337e+02
1.666666666666666644e-02 3.335620568633630114e+02 7.606258932952073337e+02
3.333333333333333287e-02 3.208849586417762225e+02 7.606258932952073337e+02
5.000000000000000278e-02 3.082078604201894336e+02 7.606258932952073337e+02
6.666666666666666574e-02 2.955307621986026447e+02 7.606258932952090390e+02
8.333333333333332871e-02 2.828536639770157990e+02 7.606258932952107443e+02
1.000000000000000056e-01 2.701765657554289533e+02 7.606258932952073337e+02
1.166666666666666685e-01 2.574994675338422212e+02 7.606258932952073337e+02
1.333333333333333315e-01 2.448223693122553755e+02 7.606258932952073337e+02
1.499999999999999944e-01 2.321452710906686434e+02 7.606258932952073337e+02
1.666666666666666574e-01 2.194681728690817977e+02 7.606258932952073337e+02
1.833333333333333204e-01 2.067910746474950656e+02 7.606258932952073337e+02
2.000000000000000111e-01 1.941139764259082199e+02 7.606258932952090390e+02
2.166666666666666741e-01 1.814368782043214310e+02 7.606258932952073337e+02
2.333333333333333370e-01 1.687597799827346421e+02 7.606258932952073337e+02
2.500000000000000000e-01 1.560826817611478532e+02 7.606258932952073337e+02
2.666666666666666630e-01 1.434055835395610643e+02 7.606258932952073337e+02
2.833333333333333259e-01 1.307284853179742754e+02 7.606258932952077885e+02
2.999999999999999889e-01 1.180513870963874723e+02 7.606258932952077885e+02
3.166666666666666519e-01 1.053742888748006834e+02 7.606258932952073337e+02
3.333333333333333148e-01 9.269719065321389451e+01 7.606258932952073337e+02
3.499999999999999778e-01 8.002009243162710561e+01 7.606258932952077885e+02
3.666666666666666408e-01 6.734299421004030251e+01 7.606258932952075611e+02
3.833333333333333037e-01 5.466589598845352072e+01 7.606258932952085843e+02
4.000000000000000222e-01 4.198879776686668208e+01 7.606258932952088117e+02
4.166666666666666852e-01 2.931169954527989319e+01 7.606258932952074474e+02
4.333333333333333481e-01 1.663460132369310074e+01 5.609529270669814878e+02
4.500000000000000111e-01 1.061326864304717610e+01 2.938114392496856340e+02
4.666666666666666741e-01 6.840886682036913413e+00 1.891556061320569881e+02
4.833333333333333370e-01 4.308081771978609531e+00 1.275289238355122734e+02
5.000000000000000000e-01 2.589922554186504300e+00 8.606070221478873350e+01
5.166666666666666075e-01 1.439391698152318266e+00 5.745714415674248698e+01
5.333333333333333259e-01 6.746844156284215188e-01 3.895665465924057713e+01
5.500000000000000444e-01 1.408365428442989453e-01 2.892589312139433844e+01
5.666666666666666519e-01 -2.895120217513897920e-01 2.552165880502977302e+01
5.833333333333333703e-01 -7.098854173233601905e-01 2.546112094825802785e+01
5.999999999999999778e-01 -1.138216053359990765e+00 2.409625710501636675e+01
6.166666666666666963e-01 -1.513093987490572445e+00 1.804064963045557590e+01
6.333333333333333037e-01 -1.739571041041843236e+00 7.529208080273281922e+00
6.500000000000000222e-01 -1.764067590166348509e+00 -4.196812643837779966e+00
6.666666666666666297e-01 -1.599677286247250585e+00 -1.388976196964924625e+01
6.833333333333333481e-01 -1.301075524511373649e+00 -1.937551497630755648e+01
6.999999999999999556e-01 -9.538267870369987467e-01 -1.886205851110393539e+01
7.166666666666666741e-01 -6.723402408079091064e-01 -1.230461958865083538e+01
7.333333333333332815e-01 -5.436728007486375525e-01 -2.961364630176389845e+00
7.500000000000000000e-01 -5.736280864686961189e-01 5.042585201446049048e+00
7.666666666666666075e-01 -7.117589741301725281e-01 9.844152934970288982e+00
7.833333333333333259e-01 -9.017665176343724331e-01 1.181465644269687409e+01
8.000000000000000444e-01 -1.105580855553401687e+00 1.202180064201247944e+01
8.166666666666666519e-01 -1.302493205701455103e+00 1.128824575830462962e+01
8.333333333333333703e-01 -1.481855714163555993e+00 9.566090227316610850e+00
8.499999999999999778e-01 -1.621362879945342117e+00 6.662865612477228971e+00
8.666666666666666963e-01 -1.703951234579463625e+00 3.109649658360724711e+00
8.833333333333333037e-01 -1.725017868557366274e+00 -5.529612158142627187e-01
9.000000000000000222e-01 -1.685519194052321534e+00 -4.217653388909878842e+00
9.166666666666666297e-01 -1.584429422260370313e+00 -7.461128164294368759e+00
9.333333333333333481e-01 -1.436814921909175924e+00 -9.225582922106374539e+00
9.499999999999999556e-01 -1.276909991523491161e+00 -9.123276043199700425e+00
9.666666666666666741e-01 -1.132705720469185939e+00 -8.014681525879295165e+00
9.833333333333332815e-01 -1.009753940660848004e+00 -6.635710549845939887e+00
1.000000000000000000e+00 -9.115153688076546024e-01 -5.010692868940425981e+00
1.016666666666666607e+00 -8.427308450295004638e-01 -3.360083399734078657e+00
1.033333333333333215e+00 -7.995125888165186545e-01 -1.973400130701591371e+00
1.050000000000000044e+00 -7.769508406727807515e-01 -6.925001128282870511e-01
1.066666666666666652e+00 -7.764292517222424195e-01 5.597932920462111994e-01
1.083333333333333259e+00 -7.956106170743211248e-01 1.773866733138315110e+00
1.100000000000000089e+00 -8.355581428268529232e-01 2.997906305586361952e+00
1.116666666666666696e+00 -8.955408272605331899e-01 4.007342700135497537e+00
1.133333333333333304e+00 -9.691362328313695151e-01 4.524418613122447752e+00
1.149999999999999911e+00 -1.046354781031281433e+00 4.849126986115915194e+00
1.166666666666666741e+00 -1.130773799035233340e+00 5.346912238393888295e+00
1.183333333333333348e+00 -1.224585188977744377e+00 5.774663411281919956e+00
1.199999999999999956e+00 -1.323262579411297324e+00 5.609437023098897690e+00
1.216666666666666563e+00 -1.411566423081040966e+00 4.769971641355628122e+00
1.233333333333333393e+00 -1.482261634123151595e+00 3.586640434984449399e+00
1.250000000000000000e+00 -1.531121104247189280e+00 2.358013865439096968e+00
1.266666666666666607e+00 -1.560862096304454827e+00 1.136123866847627006e+00
1.283333333333333215e+00 -1.568991899808776846e+00 -1.611051016605835606e-01
1.300000000000000044e+00 -1.555491926249102042e+00 -1.393021064681798649e+00
1.316666666666666652e+00 -1.522557864319383558e+00 -2.339303943495307792e+00
1.333333333333333259e+00 -1.477515128132591782e+00 -3.054149778407013738e+00
1.350000000000000089e+00 -1.420752871705816434e+00 -3.757357218359231865e+00
1.366666666666666696e+00 -1.352269887520617386e+00 -4.447688950610984016e+00
1.383333333333333304e+00 -1.272496573352116966e+00 -4.976898143456138790e+00
1.399999999999999911e+00 -1.186373282738746093e+00 -5.340826982895094943e+00
1.416666666666666741e+00 -1.094469007255613802e+00 -5.581534398891736970e+00
1.433333333333333348e+00 -1.000322136109021542e+00 -5.546387966556562965e+00
1.449999999999999956e+00 -9.095894083703950361e-01 -5.224118922683062216e+00
1.466666666666666563e+00 -8.261848386862528093e-01 -4.741169136867132927e+00
1.483333333333333393e+00 -7.515504371414906126e-01 -4.224655655988323488e+00
1.500000000000000000e+00 -6.853629834866420412e-01 -3.710458124768548860e+00
1.516666666666666607e+00 -6.278684996492056580e-01 -3.250560744221604459e+00
1.533333333333333215e+00 -5.770109586792552259e-01 -2.821060135362745136e+00
1.550000000000000044e+00 -5.338331618037808202e-01 -2.396487533942198045e+00
1.566666666666666652e+00 -4.971280408811819540e-01 -2.058133667701304237e+00
1.583333333333333259e+00 -4.652287062137373530e-01 -1.824726642568220258e+00
1.600000000000000089e+00 -4.363038194622412824e-01 -1.586806187852517480e+00
1.616666666666666696e+00 -4.123351666186534370e-01 -1.309728697827289956e+00
1.633333333333333304e+00 -3.926461962013316209e-01 -1.049187174320255878e+00
1.649999999999999911e+00 -3.773622608079782448e-01 -8.492135334808303959e-01
1.666666666666666741e+00 -3.643390784186372744e-01 -8.244355701132616288e-01
1.683333333333333348e+00 -3.498810751375361905e-01 -1.097993203887927649e+00
1.699999999999999956e+00 -3.277393049557063565e-01 -1.566231728085287767e+00
1.716666666666666563e+00 -2.976733508680265983e-01 -1.913250416551505850e+00
1.733333333333333393e+00 -2.639642910706561652e-01 -1.948807926953256109e+00
1.750000000000000000e+00 -2.327130866362513983e-01 -1.704396514903622428e+00
1.766666666666666607e+00 -2.071510739072020824e-01 -1.308874407970909148e+00
1.783333333333333215e+00 -1.890839397038877601e-01 -8.850900999898406729e-01
1.800000000000000044e+00 -1.776480705742073951e-01 -7.887540232417770136e-01
1.816666666666666652e+00 -1.627921389291618615e-01 -1.196407378822983425e+00
1.833333333333333259e+00 -1.377678246134412809e-01 -1.716374929712327635e+00
1.849999999999999867e+00 -1.055796412720842736e-01 -2.028558442237382575e+00
1.866666666666666696e+00 -7.014920987219519510e-02 -2.085212183818984322e+00
1.883333333333333304e+00 -3.607256847811812078e-02 -1.889166512777651796e+00
1.899999999999999911e+00 -7.176992779606801084e-03 -1.534312875563696554e+00
1.916666666666666741e+00 1.507119404067176413e-02 -1.079777990587249548e+00
1.933333333333333348e+00 2.881560690663485108e-02 -1.842508166783380918e-01
1.949999999999999956e+00 2.121288792994970029e-02 7.594831790866384269e-01
1.966666666666666563e+00 3.499500937080235897e-03 6.273206930494794609e-01
1.983333333333333393e+00 3.021981616337193169e-04 1.049850281124070778e-01
2.000000000000000000e+00 0.000000000000000000e+00 1.813188969802315836e-02
