0.0000 1350.0931 2744.1696
0.0167 1304.3570 2744.1696
0.0333 1258.6208 2744.1696
0.0500 1212.8846 2744.1696
0.0667 1167.1485 2744.1696
0.0833 1121.4123 2744.1696
0.1000 1075.6762 2744.1696
0.1167 1029.9400 2744.1696
0.1333 984.2038 2744.1696
0.1500 938.4677 2744.1696
0.1667 892.7315 2744.1696
0.1833 846.9954 2744.1696
0.2000 801.2592 2744.1696
0.2167 755.5230 2744.1696
0.2333 709.7869 2744.1696
0.2500 664.0507 2744.1696
0.2667 618.3146 2744.1696
0.2833 572.5784 2744.1696
0.3000 526.8422 2744.1696
0.3167 481.1061 2744.1696
0.3333 435.3699 2744.1696
0.3500 389.6338 2744.1696
0.3667 343.8976 2744.1696
0.3833 298.1615 2744.1696
0.4000 252.4253 2744.1696
0.4167 206.6891 2744.1696
0.4333 160.9530 2744.1696
0.4500 115.2168 2744.1696
0.4667 69.4807 2744.1696
0.4833 23.7445 1682.8370
0.5000 13.3861 549.1672
0.5167 5.4389 422.8556
0.5333 -0.7091 329.8458
0.5500 -5.5559 259.6455
0.5667 -9.3639 202.4704
0.5833 -12.3050 153.6417
0.6000 -14.4853 110.9307
0.6167 -16.0026 71.3970
0.6333 -16.8652 36.8272
0.6500 -17.2302 4.9445
0.6667 -17.0301 -25.9638
0.6833 -16.3648 -48.7501
0.7000 -15.4050 -65.5995
0.7167 -14.1781 -70.2060
0.7333 -13.0648 -60.5737
0.7500 -12.1590 -43.3910
0.7667 -11.6185 -27.0869
0.7833 -11.2561 -23.1300
0.8000 -10.8475 -21.2956
0.8167 -10.5462 -10.4680
0.8333 -10.4985 -4.7080
0.8500 -10.3893 -7.7388
0.8667 -10.2406 -13.9065
0.8833 -9.9257 -11.1301
0.9000 -9.8696 -6.1380
0.9167 -9.7211 -9.3068
0.9333 -9.5594 -13.2052
0.9500 -9.2810 -25.1111
0.9667 -8.7223 -30.0607
0.9833 -8.2789 -27.4461
1.0000 -7.8074 -33.4260
1.0167 -7.1647 -39.1409
1.0333 -6.5028 -35.9136
1.0500 -5.9676 -27.0439
1.0667 -5.6013 -20.2586
1.0833 -5.2923 -14.3534
1.1000 -5.1228 -5.0940
1.1167 -5.1225 0.5864
1.1333 -5.1424 4.3942
1.1500 -5.2690 7.4052
1.1667 -5.3892 5.8152
1.1833 -5.4629 8.1962
1.2000 -5.6624 11.0035
1.2167 -5.8296 9.3091
1.2333 -5.9727 7.9499
1.2500 -6.0946 8.3448
1.2667 -6.2509 7.1842
1.2833 -6.3341 4.4654
1.3000 -6.3997 2.5310
1.3167 -6.4185 -0.6905
1.3333 -6.3767 -4.0217
1.3500 -6.2844 -3.9178
1.3667 -6.2461 -2.9926
1.3833 -6.1847 -4.4142
1.4000 -6.0990 -5.3660
1.4167 -6.0058 -2.0983
1.4333 -6.0291 -0.8153
1.4500 -5.9786 -1.9245
1.4667 -5.9649 -2.3902
1.4833 -5.8990 -4.3972
1.5000 -5.8183 -5.7633
1.5167 -5.7068 -6.7681
1.5333 -5.5927 -8.0699
1.5500 -5.4378 -10.2355
1.5667 -5.2515 -9.2505
1.5833 -5.1295 -8.4626
1.6000 -4.9695 -12.2825
1.6167 -4.7201 -14.4749
1.6333 -4.4870 -14.9382
1.6500 -4.2221 -16.6587
1.6667 -3.9317 -17.0204
1.6833 -3.6548 -16.1267
1.7000 -3.3941 -16.2997
1.7167 -3.1115 -15.3093
1.7333 -2.8838 -12.2119
1.7500 -2.7044 -13.0252
1.7667 -2.4496 -14.6904
1.7833 -2.2147 -14.0453
1.8000 -1.9815 -15.0177
1.8167 -1.7141 -16.1918
1.8333 -1.4417 -14.8075
1.8500 -1.2206 -13.8090
1.8667 -0.9814 -13.9300
1.8833 -0.7562 -12.9516
1.9000 -0.5497 -12.5858
1.9167 -0.3367 -11.8475
1.9333 -0.1548 -10.3815
1.9500 0.0094 -4.7560
1.9667 0.0037 0.2713
1.9833 0.0003 0.1122
2.0000 0.0000 0.0190
