0.00000000 16567.86096887 183290.09072509
0.01666667 13750.79859816 154757.39375960
0.03333333 11409.28117688 128624.06301958
0.05000000 9463.32983084 106886.70583443
0.06666667 7846.39098240 88807.34410579
0.08333333 6503.08502732 73771.75912605
0.10000000 5387.33234487 61268.74835683
0.11666667 4460.79341542 50872.85797450
0.13333333 3691.57041238 42230.00886443
0.15000000 3053.12645328 35045.53129750
0.16666667 2523.38603580 29074.20473308
0.18333333 2083.98629551 24111.96679893
0.20000000 1719.65380917 19989.01177947
0.21666667 1417.68590286 16564.04579677
0.23333333 1167.51894928 13719.50487264
0.25000000 960.36907377 11357.57453027
0.26666667 788.93313160 9396.87662451
0.28333333 647.13985295 7769.71159205
0.30000000 529.94274520 6419.76304571
0.31666667 433.14775143 5300.18723110
0.33333333 353.26983750 4372.02284607
0.35000000 287.41365656 3602.86753045
0.36666667 233.17425315 2965.77632984
0.38333333 188.55444557 2438.34492701
0.40000000 151.89608892 2001.94666835
0.41666667 121.82288995 1641.09760372
0.43333333 97.19283546 1342.92807763
0.45000000 77.05862070 1753.58951693
0.46666667 38.73985156 1919.34215732
0.48333333 13.08054879 958.97562626
0.50000000 6.77399735 410.02071978
0.51666667 -0.58680854 238.11767667
0.53333333 -1.16325854 34.58700006
0.55000000 -1.73970854 34.58700006
0.56666667 -2.31615854 21.25873674
0.58333333 -2.44833310 13.58070899
0.60000000 -2.76884884 17.12997235
0.61666667 -3.01933217 11.16462305
0.63333333 -3.14100294 5.26902705
0.65000000 -3.19496641 2.71269375
0.66666667 -3.23142607 2.20665109
0.68333333 -3.26852145 2.51120292
0.70000000 -3.31513283 2.75973800
0.71666667 -3.36051271 1.71513242
0.73333333 -3.37230391 -0.25831147
0.75000000 -3.35190233 -1.12441027
0.76666667 -3.33482357 -0.42792737
0.78333333 -3.33763808 0.03550374
0.80000000 -3.33600703 -0.95340293
0.81666667 -3.30585799 -2.47742411
0.83333333 -3.25342622 -3.62440756
0.85000000 -3.18504440 -4.75046405
0.86666667 -3.09507742 -5.86095470
0.88333333 -2.98967925 -6.25697781
0.90000000 -2.88651149 -6.03235932
0.91666667 -2.78860060 -5.89058434
0.93333333 -2.69015868 -5.66730475
0.95000000 -2.59969044 -4.64383091
0.96666667 -2.53536432 -3.18737483
0.98333333 -2.49344462 -2.72382512
1.00000000 -2.44457015 -3.76879001
1.01666667 -2.36781828 -5.03203354
1.03333333 -2.27683570 -5.26174368
1.05000000 -2.19242683 -4.72220043
1.06666667 -2.11942902 -4.27350574
1.08333333 -2.04997663 -4.29638225
1.10000000 -1.97621627 -4.51549782
1.11666667 -1.89946004 -4.37737149
1.13333333 -1.83030389 -3.91019716
1.15000000 -1.76912014 -3.78846881
1.16666667 -1.70402160 -4.08533067
1.18333333 -1.63294245 -4.11253366
1.20000000 -1.56693714 -3.66692578
1.21666667 -1.51071159 -3.19095901
1.23333333 -1.46057184 -2.94695890
1.25000000 -1.41247962 -2.96626400
1.26666667 -1.36169638 -3.26980783
1.28333333 -1.30348603 -3.60990530
1.30000000 -1.24136620 -3.54836999
1.31666667 -1.18520703 -3.14711770
1.33333333 -1.13646228 -2.91781298
1.35000000 -1.08794660 -2.98789751
1.36666667 -1.03686569 -3.01158258
1.38333333 -0.98756051 -2.84104798
1.40000000 -0.94216409 -2.67024698
1.41666667 -0.89855228 -2.68608742
1.43333333 -0.85262784 -2.86483713
1.45000000 -0.80305771 -2.92878320
1.46666667 -0.75500174 -2.68401252
1.48333333 -0.71359062 -2.34251093
1.50000000 -0.67691804 -2.13509170
1.51666667 -0.64242090 -1.99835729
1.53333333 -0.61030613 -1.92151143
1.55000000 -0.57837052 -2.04714470
1.56666667 -0.54206797 -2.24002289
1.58333333 -0.50370309 -2.17520749
1.60000000 -0.46956106 -1.89153365
1.61666667 -0.44065197 -1.64646487
1.63333333 -0.41467890 -1.43077498
1.65000000 -0.39295947 -1.17922316
1.66666667 -0.37537146 -1.09402560
1.68333333 -0.35649195 -1.32138401
1.70000000 -0.33132532 -1.64117433
1.71666667 -0.30178614 -1.72243457
1.73333333 -0.27391084 -1.52632822
1.75000000 -0.25090853 -1.27866385
1.76666667 -0.23128871 -1.14468721
1.78333333 -0.21275229 -1.12617206
1.80000000 -0.19374964 -1.18897504
1.81666667 -0.17311979 -1.26964552
1.83333333 -0.15142812 -1.25836470
1.85000000 -0.13117430 -1.13462152
1.86666667 -0.11360741 -1.00728182
1.88333333 -0.09759824 -0.94489998
1.90000000 -0.08211074 -0.91386876
1.91666667 -0.06713595 -0.88556850
1.93333333 -0.05259179 -1.76497455
1.95000000 -0.00830346 -1.54047758
1.96666667 -0.00124254 -0.24282994
1.98333333 -0.00020913 -0.03727612
2.00000000 0.00000000 0.01218053
