0.000000000000000000e+00 6.623466938656747516e+02 1.125861816379888296e+03
1.666666666666666644e-02 6.435823302593432800e+02 1.125861816379888296e+03
3.333333333333333287e-02 6.248179666530118084e+02 1.125861816379888296e+03
5.000000000000000278e-02 6.060536030466803368e+02 1.125861816379888296e+03
6.666666666666666574e-02 5.872892394403488652e+02 1.125861816379888296e+03
8.333333333333332871e-02 5.685248758340173936e+02 1.125861816379891707e+03
1.000000000000000056e-01 5.497605122276858083e+02 1.125861816379891707e+03
1.166666666666666685e-01 5.309961486213543367e+02 1.125861816379888296e+03
1.333333333333333315e-01 5.122317850150228651e+02 1.125861816379888296e+03
1.499999999999999944e-01 4.934674214086913935e+02 1.125861816379886704e+03
1.666666666666666574e-01 4.747030578023599787e+02 1.125861816379888296e+03
1.833333333333333204e-01 4.559386941960284503e+02 1.125861816379890115e+03
2.000000000000000111e-01 4.371743305896969787e+02 1.125861816379888296e+03
2.166666666666666741e-01 4.184099669833655071e+02 1.125861816379890115e+03
2.333333333333333370e-01 3.996456033770339786e+02 1.125861816379890115e+03
2.500000000000000000e-01 3.808812397707025070e+02 1.125861816379888296e+03
2.666666666666666630e-01 3.621168761643710354e+02 1.125861816379888296e+03
2.833333333333333259e-01 3.433525125580395638e+02 1.125861816379888296e+03
2.999999999999999889e-01 3.245881489517080922e+02 1.125861816379890115e+03
3.166666666666666519e-01 3.058237853453765638e+02 1.125861816379890115e+03
3.333333333333333148e-01 2.870594217390450922e+02 1.125861816379888296e+03
3.499999999999999778e-01 2.682950581327136206e+02 1.125861816379888296e+03
3.666666666666666408e-01 2.495306945263821490e+02 1.125861816379888296e+03
3.833333333333333037e-01 2.307663309200506774e+02 1.125861816379890115e+03
4.000000000000000222e-01 2.120019673137191489e+02 1.125861816379890115e+03
4.166666666666666852e-01 1.932376037073876773e+02 1.125861816379889206e+03
4.333333333333333481e-01 1.744732401010561773e+02 1.125861816379889206e+03
4.500000000000000111e-01 1.557088764947247057e+02 1.125861816379889206e+03
4.666666666666666741e-01 1.369445128883932057e+02 1.125861816379889206e+03
4.833333333333333370e-01 1.181801492820617341e+02 1.125861816379888296e+03
5.000000000000000000e-01 9.941578567573026248e+01 1.125861816379886704e+03
5.166666666666666075e-01 8.065142206939884773e+01 1.125861816379888751e+03
5.333333333333333259e-01 6.188705846306730507e+01 9.479114674613501847e+02
5.500000000000000444e-01 4.905437315402051013e+01 6.986037683950162318e+02
5.666666666666666519e-01 3.860026618323342973e+01 5.713755726051316515e+02
5.833333333333333703e-01 3.000852073384945484e+01 4.675062762288108615e+02
5.999999999999999778e-01 2.301672364227306744e+01 3.807166649508944829e+02
6.166666666666666963e-01 1.731796523548630518e+01 3.105459271800848455e+02
6.333333333333333037e-01 1.266519273627023878e+01 2.543838741342308936e+02
6.500000000000000222e-01 8.838502764345275153e+00 2.079016207790751309e+02
6.666666666666666297e-01 5.735138710301067810e+00 1.675820404579462775e+02
6.833333333333333481e-01 3.252434749080399534e+00 1.320900691824968476e+02
6.999999999999999556e-01 1.332136404217839631e+00 1.007206519432627942e+02
7.166666666666666741e-01 -1.049203156950270777e-01 7.368308969135823361e+01
7.333333333333332815e-01 -1.123966585494101222e+00 5.120875618802897833e+01
7.500000000000000000e-01 -1.811878855295993018e+00 3.326846332334754663e+01
7.666666666666666075e-01 -2.232915362939019488e+00 1.915614025643933260e+01
7.833333333333333259e-01 -2.450416863843970727e+00 8.227411620409963433e+00
8.000000000000000444e-01 -2.507162416952684936e+00 -1.492739543641974365e-01
8.166666666666666519e-01 -2.445441065365164146e+00 -6.643464035071668938e+00
8.333333333333333703e-01 -2.285713615783629304e+00 -1.185540739323179693e+01
8.499999999999999778e-01 -2.050260818924104278e+00 -1.552538102812513365e+01
8.666666666666666963e-01 -1.768200914846124849e+00 -1.716340479248689022e+01
8.833333333333333037e-01 -1.478147325841207893e+00 -1.705390495973602683e+01
9.000000000000000222e-01 -1.199737416188257244e+00 -1.619472873070630570e+01
9.166666666666666297e-01 -9.383230348176643254e-01 -1.518537120580233868e+01
9.333333333333333481e-01 -6.935583759948459326e-01 -1.400649171652652392e+01
9.499999999999999556e-01 -4.714399776001135245e-01 -1.229956741641981743e+01
9.666666666666666741e-01 -2.835727954475186774e-01 -9.843171008240830133e+00
9.833333333333332815e-01 -1.433342773254192015e-01 -6.567071866445018280e+00
1.000000000000000000e+00 -6.467039989935140232e-02 -2.685660278998605488e+00
1.016666666666666607e+00 -5.381226802546567461e-02 1.202390339276114606e+00
1.033333333333333215e+00 -1.047500778752218920e-01 4.407284307665737977e+00
1.050000000000000044e+00 -2.007217449476569326e-01 6.350607917348368936e+00
1.066666666666666652e+00 -3.164370084535008676e-01 6.844581643246016256e+00
1.083333333333333259e+00 -4.288744663891908004e-01 6.110393581554601106e+00
1.100000000000000089e+00 -5.201167945053208896e-01 4.720493200022255920e+00
1.116666666666666696e+00 -5.862242397232659830e-01 3.316527924284619289e+00
1.133333333333333304e+00 -6.306677253148081919e-01 2.283813482013715923e+00
1.149999999999999911e+00 -6.623513557903898397e-01 1.769348219166083647e+00
1.166666666666666741e+00 -6.896459992870109801e-01 1.692333603227536010e+00
1.183333333333333348e+00 -7.187624758979743733e-01 1.761742944125899157e+00
1.199999999999999956e+00 -7.483707640912076187e-01 1.688417128840822290e+00
1.216666666666666563e+00 -7.750430468593351163e-01 1.310117607025400588e+00
1.233333333333333393e+00 -7.920413509920543049e-01 6.499482304816694977e-01
1.250000000000000000e+00 -7.967079878753907662e-01 -7.339173591888181747e-03
1.266666666666666607e+00 -7.917967118723246989e-01 -3.950044965610732817e-01
1.283333333333333215e+00 -7.835411713233549902e-01 -4.984801923792048228e-01
1.300000000000000044e+00 -7.751807054596845381e-01 -5.481750921812400534e-01
1.316666666666666652e+00 -7.652686682506469884e-01 -7.140670008283767078e-01
1.333333333333333259e+00 -7.513784720987386478e-01 -1.078423893870086303e+00
1.350000000000000089e+00 -7.293212051216441116e-01 -1.575270846797373059e+00
1.366666666666666696e+00 -6.988694438721595459e-01 -2.021843191254761862e+00
1.383333333333333304e+00 -6.619264320798187162e-01 -2.332052032670361985e+00
1.399999999999999911e+00 -6.211343761164808130e-01 -2.582504273422467911e+00
1.416666666666666741e+00 -5.758429562990697859e-01 -2.842600710784661810e+00
1.433333333333333348e+00 -5.263810190903254194e-01 -3.090668682266707545e+00
1.449999999999999956e+00 -4.728206668901795418e-01 -3.232005862829394172e+00
1.466666666666666563e+00 -4.186474903293456173e-01 -3.198172779692092682e+00
1.483333333333333393e+00 -3.662149075671097820e-01 -3.007905016354881056e+00
1.500000000000000000e+00 -3.183839897841829192e-01 -2.762187638769304510e+00
1.516666666666666607e+00 -2.741419862747996317e-01 -2.586265612741187159e+00
1.533333333333333215e+00 -2.321751360261433417e-01 -2.473274158603545825e+00
1.550000000000000044e+00 -1.916995143213481023e-01 -2.314479364096086567e+00
1.566666666666666652e+00 -1.550258238896071172e-01 -1.998347861102826029e+00
1.583333333333333259e+00 -1.250879189512539014e-01 -1.544581100520528993e+00
1.600000000000000089e+00 -1.035397872055894841e-01 -1.077069321983773253e+00
1.616666666666666696e+00 -8.918560821846145681e-02 -7.664611708472802709e-01
1.633333333333333304e+00 -7.799108151068014083e-02 -6.871318207126697608e-01
1.649999999999999911e+00 -6.628121419470579812e-02 -7.777053458371259165e-01
1.666666666666666741e+00 -5.206756998277594500e-02 -9.137554741213111953e-01
1.683333333333333348e+00 -3.582269839066209299e-02 -9.596201984553253128e-01
1.699999999999999956e+00 -2.008023003426510217e-02 -8.385110444629150228e-01
1.716666666666666563e+00 -7.872330241898258668e-03 -5.929013625258959808e-01
1.733333333333333393e+00 -3.168512834019019276e-04 -3.162849468747120363e-01
1.750000000000000000e+00 2.670501320592140980e-03 -6.376951362218123698e-02
1.766666666666666607e+00 1.808799170670806304e-03 9.814024729509289446e-02
1.783333333333333215e+00 -6.008402559109554588e-04 1.466790307680808925e-01
1.800000000000000044e+00 -3.080501854931890285e-03 1.296027657473066141e-01
1.816666666666666652e+00 -4.920932447487843045e-03 9.577433564252547937e-02
1.833333333333333259e+00 -6.272979709682739366e-03 5.986529695208479135e-02
1.849999999999999867e+00 -6.916442345890669481e-03 3.271853410908026616e-02
1.866666666666666696e+00 -7.363597513318748122e-03 1.338346298095377182e-02
1.883333333333333304e+00 -7.362557778589128542e-03 -6.536605663952123335e-03
1.899999999999999911e+00 -7.145710657853677344e-03 -2.239172497442116355e-02
1.916666666666666741e+00 -6.616166946108423090e-03 -3.697243851955633875e-02
1.933333333333333348e+00 -5.913296040535132719e-03 1.796461559800387534e-02
1.949999999999999956e+00 -7.214987466041885601e-03 -1.354826602630911925e-01
1.966666666666666563e+00 -1.397207365098759738e-03 -2.126193681642398470e-01
1.983333333333333393e+00 -1.276751939005581530e-04 -4.191622095296279604e-02
2.000000000000000000e+00 0.000000000000000000e+00 -7.660511634033488962e-03
