0.000000000000000000e+00 6.291555470521949474e+02 8.873929555268841796e+02
1.666666666666666644e-02 6.143656644600802110e+02 8.873929555268807690e+02
3.333333333333333287e-02 5.995757818679655884e+02 8.873929555268773584e+02
5.000000000000000278e-02 5.847858992758509658e+02 8.873929555268773584e+02
6.666666666666666574e-02 5.699960166837363431e+02 8.873929555268807690e+02
8.333333333333332871e-02 5.552061340916216068e+02 8.873929555268807690e+02
1.000000000000000056e-01 5.404162514995069841e+02 8.873929555268807690e+02
1.166666666666666685e-01 5.256263689073922478e+02 8.873929555268807690e+02
1.333333333333333315e-01 5.108364863152776252e+02 8.873929555268807690e+02
1.499999999999999944e-01 4.960466037231628889e+02 8.873929555268773584e+02
1.666666666666666574e-01 4.812567211310483799e+02 8.873929555268773584e+02
1.833333333333333204e-01 4.664668385389336436e+02 8.873929555268807690e+02
2.000000000000000111e-01 4.516769559468190209e+02 8.873929555268807690e+02
2.166666666666666741e-01 4.368870733547042846e+02 8.873929555268807690e+02
2.333333333333333370e-01 4.220971907625896620e+02 8.873929555268773584e+02
2.500000000000000000e-01 4.073073081704750393e+02 8.873929555268807690e+02
2.666666666666666630e-01 3.925174255783603030e+02 8.873929555268807690e+02
2.833333333333333259e-01 3.777275429862456804e+02 8.873929555268773584e+02
2.999999999999999889e-01 3.629376603941310577e+02 8.873929555268807690e+02
3.166666666666666519e-01 3.481477778020163214e+02 8.873929555268807690e+02
3.333333333333333148e-01 3.333578952099016988e+02 8.873929555268773584e+02
3.499999999999999778e-01 3.185680126177870761e+02 8.873929555268807690e+02
3.666666666666666408e-01 3.037781300256723398e+02 8.873929555268807690e+02
3.833333333333333037e-01 2.889882474335577172e+02 8.873929555268807690e+02
4.000000000000000222e-01 2.741983648414429808e+02 8.873929555268807690e+02
4.166666666666666852e-01 2.594084822493283582e+02 8.873929555268790637e+02
4.333333333333333481e-01 2.446185996572136787e+02 8.873929555268799731e+02
4.500000000000000111e-01 2.298287170650990276e+02 8.873929555268790637e+02
4.666666666666666741e-01 2.150388344729843766e+02 8.873929555268790637e+02
4.833333333333333370e-01 2.002489518808697255e+02 8.873929555268790637e+02
5.000000000000000000e-01 1.854590692887550745e+02 8.873929555268782678e+02
5.166666666666666075e-01 1.706691866966404518e+02 8.873929555268807690e+02
5.333333333333333259e-01 1.558793041045257155e+02 8.873929555268824743e+02
5.500000000000000444e-01 1.410894215124110360e+02 8.873929555268790637e+02
5.666666666666666519e-01 1.262995389202964134e+02 8.873929555268799731e+02
5.833333333333333703e-01 1.115096563281817055e+02 8.873929555268795184e+02
5.999999999999999778e-01 9.671977373606709705e+01 8.873929555268795184e+02
6.166666666666666963e-01 8.192989114395238914e+01 8.873929555268795184e+02
6.333333333333333037e-01 6.714000855183778071e+01 7.327124706210142904e+02
6.500000000000000222e-01 5.750614212325191232e+01 5.920231008560524515e+02
6.666666666666666297e-01 4.740590518996936709e+01 5.719341259072309640e+02
6.833333333333333481e-01 3.844167125967754828e+01 4.922666033183335799e+02
6.999999999999999556e-01 3.099701841269158109e+01 4.133312134175341725e+02
7.166666666666666741e-01 2.466396414575974205e+01 3.504696812574122191e+02
7.333333333333332815e-01 1.931469570411117331e+01 2.971931188615046153e+02
7.500000000000000000e-01 1.475752685037625511e+01 2.518420127084459068e+02
7.666666666666666075e-01 1.091996194716297630e+01 2.129971328618246673e+02
7.833333333333333259e-01 7.657622421648766498e+00 1.805557899794451941e+02
8.000000000000000444e-01 4.901435614514803696e+00 1.523322872682437321e+02
8.166666666666666519e-01 2.579879512707308642e+00 1.271559159634910117e+02
8.333333333333333703e-01 6.629050823984368179e-01 1.046986130404282136e+02
8.499999999999999778e-01 -9.100742553069652852e-01 8.505065273673004356e+01
8.666666666666666963e-01 -2.172116675492564486e+00 6.771580739669073523e+01
8.833333333333333037e-01 -3.167267835196656112e+00 5.264064809872299122e+01
9.000000000000000222e-01 -3.926804945449997586e+00 3.962003197694345857e+01
9.166666666666666297e-01 -4.487935567761438094e+00 2.841099894705724793e+01
9.333333333333333481e-01 -4.873838243685239213e+00 1.847338053760926257e+01
9.499999999999999556e-01 -5.103714919015080120e+00 9.410454372522343292e+00
9.666666666666666741e-01 -5.187520056102650656e+00 9.454949751324370766e-01
9.833333333333332815e-01 -5.135231418186161356e+00 -6.822334470515052374e+00
1.000000000000000000e+00 -4.960108907085482244e+00 -1.347289130097228949e+01
1.016666666666666607e+00 -4.686135041487085040e+00 -1.821801537724814679e+01
1.033333333333333215e+00 -4.352841727843877351e+00 -2.072588945106092595e+01
1.050000000000000044e+00 -3.995272059785054175e+00 -2.117626352852682814e+01
1.066666666666666652e+00 -3.646966276892983139e+00 -2.003694018027607626e+01
1.083333333333333259e+00 -3.327374053775851603e+00 -1.813135093647527540e+01
1.100000000000000089e+00 -3.042587912343807321e+00 -1.636555679194216850e+01
1.116666666666666696e+00 -2.781855494044445987e+00 -1.506161065835245871e+01
1.133333333333333304e+00 -2.540534223732058727e+00 -1.385088025792790312e+01
1.149999999999999911e+00 -2.320159485446849246e+00 -1.244553473220355144e+01
1.166666666666666741e+00 -2.125683065991940346e+00 -1.077803843328564604e+01
1.183333333333333348e+00 -1.960891537670661045e+00 -8.931833484996083428e+00
1.199999999999999956e+00 -1.827955283158737565e+00 -7.229776512854093617e+00
1.216666666666666563e+00 -1.719898987242191257e+00 -6.172488592836735677e+00
1.233333333333333393e+00 -1.622205663397513042e+00 -5.906747095604969466e+00
1.250000000000000000e+00 -1.523007417388692275e+00 -6.171698180926918909e+00
1.266666666666666607e+00 -1.416482390699949079e+00 -6.559263438484371100e+00
1.283333333333333215e+00 -1.304365302772546586e+00 -6.744896000844116557e+00
1.300000000000000044e+00 -1.191652524005145208e+00 -6.574074253836261761e+00
1.316666666666666652e+00 -1.085229494311337861e+00 -6.220270920755197608e+00
1.333333333333333259e+00 -9.843101599799719548e-01 -5.880889953688068772e+00
1.350000000000000089e+00 -8.891998291884022354e-01 -5.513407068389738264e+00
1.366666666666666696e+00 -8.005299243669806719e-01 -5.221623887310964385e+00
1.383333333333333304e+00 -7.151456996113700892e-01 -5.098870060842244811e+00
1.399999999999999911e+00 -6.305675890055725263e-01 -4.945813496932465192e+00
1.416666666666666741e+00 -5.502852497136212495e-01 -4.575736795216887032e+00
1.433333333333333348e+00 -4.780430291650096253e-01 -4.070925451919310767e+00
1.449999999999999956e+00 -4.145877346496442128e-01 -3.581635446015470237e+00
1.466666666666666563e+00 -3.586551809644939470e-01 -3.110899320993234074e+00
1.483333333333333393e+00 -3.108910906165364141e-01 -2.644828214161620838e+00
1.500000000000000000e+00 -2.704942404924399191e-01 -2.204815297697397813e+00
1.516666666666666607e+00 -2.373972473599564870e-01 -1.792249066515118949e+00
1.533333333333333215e+00 -2.107526049419359560e-01 -1.439362691508820014e+00
1.550000000000000044e+00 -1.894184909763291513e-01 -1.200212898175031295e+00
1.566666666666666652e+00 -1.707455083361015813e-01 -1.027476264160402941e+00
1.583333333333333259e+00 -1.551692821709823866e-01 -8.915335375250388328e-01
1.600000000000000089e+00 -1.410277237519336202e-01 -8.774447481641759472e-01
1.616666666666666696e+00 -1.259211238988431902e-01 -9.934643914058051140e-01
1.633333333333333304e+00 -1.079122440384067821e-01 -1.069886865014448407e+00
1.649999999999999911e+00 -9.025822839836157574e-02 -9.772013959353725854e-01
1.666666666666666741e+00 -7.533886417389436263e-02 -7.947830920998556481e-01
1.683333333333333348e+00 -6.376545866169971988e-02 -6.316661301830601705e-01
1.699999999999999956e+00 -5.428332650112568936e-02 -5.540255338145237962e-01
1.716666666666666563e+00 -4.529794086788226093e-02 -5.155550490668968644e-01
1.733333333333333393e+00 -3.709815819889579480e-02 -4.319788579631085867e-01
1.750000000000000000e+00 -3.089864560244530781e-02 -3.091650223825441191e-01
1.766666666666666607e+00 -2.679265745281099106e-02 -2.117381523476627725e-01
1.783333333333333215e+00 -2.384070719085654849e-02 -1.451258880309740096e-01
1.800000000000000044e+00 -2.195512785177852408e-02 -1.060781155286427413e-01
1.816666666666666652e+00 -2.030477000656845735e-02 -1.060067552123833134e-01
1.833333333333333259e+00 -1.842156934469908053e-02 -9.931015752483896009e-02
1.849999999999999867e+00 -1.699443142240715868e-02 -3.126849799650808365e-02
1.866666666666666696e+00 -1.737928607814881107e-02 8.209937114722479223e-02
1.883333333333333304e+00 -1.973107712731465152e-02 1.663450677456387583e-01
1.899999999999999911e+00 -2.292412166967010279e-02 1.600401384802387916e-01
1.916666666666666741e+00 -2.506574840998927745e-02 5.055915178794608694e-02
1.933333333333333348e+00 -2.460942672926830568e-02 -5.964795595824544661e-01
1.949999999999999956e+00 -5.183096423907461968e-03 -7.175856186308773310e-01
1.966666666666666563e+00 -6.899061082390598636e-04 -1.532355133135168967e-01
1.983333333333333393e+00 -7.524598012356526410e-05 -2.069718324717179786e-02
2.000000000000000000e+00 0.000000000000000000e+00 -4.514758807413915900e-03
