0.000000000000000000e+00 7.485932196016452735e+02 1.280258235211010742e+03
1.666666666666666644e-02 7.272555823481284278e+02 1.280219828232095551e+03
3.333333333333333287e-02 7.059192253272420885e+02 1.280219828232092141e+03
5.000000000000000278e-02 6.845815880737253565e+02 1.280258235211010742e+03
6.666666666666666574e-02 6.632439508202083971e+02 1.280219828232095551e+03
8.333333333333332871e-02 6.419075937993221714e+02 1.280219828232095551e+03
1.000000000000000056e-01 6.205699565458052120e+02 1.280258235211017563e+03
1.166666666666666685e-01 5.992323192922882527e+02 1.280219828232098962e+03
1.333333333333333315e-01 5.778959622714019133e+02 1.280219828232095551e+03
1.499999999999999944e-01 5.565583250178850676e+02 1.280258235211014153e+03
1.666666666666666574e-01 5.352206877643681082e+02 1.280219828232095551e+03
1.833333333333333204e-01 5.138843307434818826e+02 1.280219828232093960e+03
2.000000000000000111e-01 4.925466934899649800e+02 1.280258235211014153e+03
2.166666666666666741e-01 4.712090562364480775e+02 1.280219828232097370e+03
2.333333333333333370e-01 4.498726992155617381e+02 1.280219828232095551e+03
2.500000000000000000e-01 4.285350619620448924e+02 1.280258235211012561e+03
2.666666666666666630e-01 4.071974247085279899e+02 1.280219828232097370e+03
2.833333333333333259e-01 3.858610676876416505e+02 1.280219828232095551e+03
2.999999999999999889e-01 3.645234304341248048e+02 1.280258235211010742e+03
3.166666666666666519e-01 3.431857931806079591e+02 1.280219828232097370e+03
3.333333333333333148e-01 3.218494361597215629e+02 1.280219828232097370e+03
3.499999999999999778e-01 3.005117989062047172e+02 1.280258235211014153e+03
3.666666666666666408e-01 2.791741616526877579e+02 1.280219828232097370e+03
3.833333333333333037e-01 2.578378046318014754e+02 1.280219828232096461e+03
4.000000000000000222e-01 2.365001673782845444e+02 1.280258235211013243e+03
4.166666666666666852e-01 2.151625301247676987e+02 1.280219828232096461e+03
4.333333333333333481e-01 1.938261731038813309e+02 1.280219828232096461e+03
4.500000000000000111e-01 1.724885358503644852e+02 1.280258235211011652e+03
4.666666666666666741e-01 1.511508985968476111e+02 1.280219828232097370e+03
4.833333333333333370e-01 1.298145415759612433e+02 1.280219828232096916e+03
5.000000000000000000e-01 1.084769043224443834e+02 1.280258235211011652e+03
5.166666666666666075e-01 8.713926706892752350e+01 1.280219828232094187e+03
5.333333333333333259e-01 6.580291004804124100e+01 1.598093006838045540e+03
5.500000000000000444e-01 3.386950017432600646e+01 1.219570234025693708e+03
5.666666666666666519e-01 2.515056891385145121e+01 4.178852602909033180e+02
5.833333333333333703e-01 1.993999149796256276e+01 2.911231528107612689e+02
5.999999999999999778e-01 1.544646382015940844e+01 2.504092292704593206e+02
6.166666666666666963e-01 1.159301718894725219e+01 2.115662595977040041e+02
6.333333333333333037e-01 8.394255166902608423e+00 1.745268309898847008e+02
6.500000000000000222e-01 5.775456155951095738e+00 1.423678706969670031e+02
6.666666666666666297e-01 3.648659477003708407e+00 1.160089070400770765e+02
6.833333333333333481e-01 1.908492587948526609e+00 9.405071246057961787e+01
6.999999999999999556e-01 5.136357283177210853e-01 7.479196540435913221e+01
7.166666666666666741e-01 -5.845729255301109761e-01 5.766371084489654919e+01
7.333333333333332815e-01 -1.408487966512163903e+00 4.132620801054078186e+01
7.500000000000000000e-01 -1.962113192548137208e+00 2.598690724289348708e+01
7.666666666666666075e-01 -2.274718207941946790e+00 1.447789690538581908e+01
7.833333333333333259e-01 -2.444709756060997830e+00 6.250198147724632669e+00
8.000000000000000444e-01 -2.483058146199434546e+00 -5.006147881341460604e-01
8.166666666666666519e-01 -2.428022596456526294e+00 -6.977775420979930310e+00
8.333333333333333703e-01 -2.250465632166770202e+00 -1.191184136906163538e+01
8.499999999999999778e-01 -2.030961217487805115e+00 -1.386075939056851958e+01
8.666666666666666963e-01 -1.788440319147819535e+00 -1.435437873914204054e+01
8.833333333333333037e-01 -1.552481926183070460e+00 -1.435382858841459885e+01
9.000000000000000222e-01 -1.309979366200666240e+00 -1.425606915937381025e+01
9.166666666666666297e-01 -1.077279620870610133e+00 -1.445555123638386519e+01
9.333333333333333481e-01 -8.281276583212040521e-01 -1.284329367407631217e+01
9.499999999999999556e-01 -6.491698317347330827e-01 -8.192536699082440421e+00
9.666666666666666741e-01 -5.550431016851227195e-01 -3.902449402416350299e+00
9.833333333333332815e-01 -5.190881849875214060e-01 -2.211123881649823097e+00
1.000000000000000000e+00 -4.813389722967952866e-01 1.820210109703415124e+00
1.016666666666666607e+00 -5.797618553109685768e-01 7.717572782592053926e+00
1.033333333333333215e+00 -7.385913983831970953e-01 1.137266839020484710e+01
1.050000000000000044e+00 -9.588508016511301246e-01 1.420981492965539061e+01
1.066666666666666652e+00 -1.212251896038376797e+00 1.481812111278587984e+01
1.083333333333333259e+00 -1.452788172077326134e+00 1.382369332179716359e+01
1.100000000000000089e+00 -1.673041673431615584e+00 1.268498354958771657e+01
1.116666666666666696e+00 -1.875620957063583338e+00 1.216568143903581856e+01
1.133333333333333304e+00 -2.078564388066142854e+00 1.062286841402842974e+01
1.149999999999999911e+00 -2.229716570864531011e+00 7.765087881033134742e+00
1.166666666666666741e+00 -2.337400650767247345e+00 6.881013917859206686e+00
1.183333333333333348e+00 -2.459083701459837901e+00 6.714500691954823353e+00
1.199999999999999956e+00 -2.561217340499074790e+00 5.807538934461211610e+00
1.216666666666666563e+00 -2.652668332608544954e+00 4.228155320828705932e+00
1.233333333333333393e+00 -2.702155851193364988e+00 1.798097767736495101e+00
1.250000000000000000e+00 -2.712604924866428124e+00 -9.396027340399282224e-01
1.266666666666666607e+00 -2.670835760058700714e+00 -3.670013433761645238e+00
1.283333333333333215e+00 -2.590271143741039950e+00 -5.468081435895957298e+00
1.300000000000000044e+00 -2.488566378862168804e+00 -7.283819546432868108e+00
1.316666666666666652e+00 -2.347477158859944346e+00 -9.015827179570067074e+00
1.333333333333333259e+00 -2.188038806209833265e+00 -9.575906264626775410e+00
1.350000000000000089e+00 -2.028280283372385195e+00 -9.796346443181942476e+00
1.366666666666666696e+00 -1.861493924770435182e+00 -9.968330289349959017e+00
1.383333333333333304e+00 -1.696002607060719924e+00 -1.025903745295344116e+01
1.399999999999999911e+00 -1.519526009671987143e+00 -1.067906332672272818e+01
1.416666666666666741e+00 -1.340033829503295637e+00 -1.092844012868844317e+01
1.433333333333333348e+00 -1.155244672049039023e+00 -1.116377553272434575e+01
1.449999999999999956e+00 -9.679079784124841046e-01 -1.077791984678879977e+01
1.466666666666666563e+00 -7.959806771560790084e-01 -9.677286554385929662e+00
1.483333333333333393e+00 -6.453317599329531085e-01 -9.125713250346937144e+00
1.500000000000000000e+00 -4.917902354778477814e-01 -8.781969651461885462e+00
1.516666666666666607e+00 -3.525994382175569597e-01 -7.927706164754964036e+00
1.533333333333333215e+00 -2.275333633193489802e-01 -7.036733107451925484e+00
1.550000000000000044e+00 -1.180416679691594223e-01 -5.946705962753859431e+00
1.566666666666666652e+00 -2.930983122755368570e-02 -4.751286390553016936e+00
1.583333333333333259e+00 4.033454504927448669e-02 -3.709624889844790552e+00
1.600000000000000089e+00 9.434433176727266557e-02 -2.714933472506690482e+00
1.616666666666666696e+00 1.308323274661641611e-01 -2.065448671411427739e+00
1.633333333333333304e+00 1.631926208143202606e-01 -1.467077111951218482e+00
1.649999999999999911e+00 1.797348978645381123e-01 -9.612048396854511179e-01
1.666666666666666741e+00 1.952327821371686312e-01 -1.404780615231718266e-01
1.683333333333333348e+00 1.844174999153105066e-01 8.354866354098050563e-01
1.699999999999999956e+00 1.673832276235084626e-01 1.352781357666944073e+00
1.716666666666666563e+00 1.393247879930790412e-01 2.275381884363436580e+00
1.733333333333333393e+00 9.153716481139391459e-02 3.411976579995695147e+00
1.750000000000000000e+00 2.559223532655587399e-02 4.634173433934219766e+00
1.766666666666666607e+00 -6.293528298641341834e-02 5.061258839436762358e+00
1.783333333333333215e+00 -1.431163926546695220e-01 4.587260354097975501e+00
1.800000000000000044e+00 -2.158439614563459341e-01 4.319744248147048715e+00
1.816666666666666652e+00 -2.871078675929044643e-01 3.394875196986417265e+00
1.833333333333333259e+00 -3.290064680225598392e-01 1.443561494365470654e+00
1.849999999999999867e+00 -3.352265840717534862e-01 -7.287956882571905437e-01
1.866666666666666696e+00 -3.047132784139868211e-01 -2.425186961012567810e+00
1.883333333333333304e+00 -2.543870187046678999e-01 -3.047403339436597580e+00
1.899999999999999911e+00 -2.031331670994335759e-01 -3.348941323397346626e+00
1.916666666666666741e+00 -1.427556412580896772e-01 -3.588692712592882916e+00
1.933333333333333348e+00 -8.351007667967080828e-02 -4.096743731623971208e+00
1.949999999999999956e+00 -6.197516870623987102e-03 -2.503452593055234043e+00
1.966666666666666563e+00 -6.165691116301578610e-05 -1.856190056250774378e-01
1.983333333333333393e+00 -1.021668312140655043e-05 -1.849707334890473556e-03
2.000000000000000000e+00 0.000000000000000000e+00 -6.130009872843930662e-04
