0.000000000000000000e+00 4.205505644934083875e+02 8.179975773139494777e+02
1.666666666666666644e-02 4.069172715381758962e+02 8.179975773139477724e+02
3.333333333333333287e-02 3.932839785829434618e+02 8.179975773139477724e+02
5.000000000000000278e-02 3.796506856277109705e+02 8.179975773139477724e+02
6.666666666666666574e-02 3.660173926724785360e+02 8.179975773139460671e+02
8.333333333333332871e-02 3.523840997172461016e+02 8.179975773139477724e+02
1.000000000000000056e-01 3.387508067620136103e+02 8.179975773139477724e+02
1.166666666666666685e-01 3.251175138067811758e+02 8.179975773139477724e+02
1.333333333333333315e-01 3.114842208515486845e+02 8.179975773139477724e+02
1.499999999999999944e-01 2.978509278963162501e+02 8.179975773139477724e+02
1.666666666666666574e-01 2.842176349410837588e+02 8.179975773139460671e+02
1.833333333333333204e-01 2.705843419858513812e+02 8.179975773139460671e+02
2.000000000000000111e-01 2.569510490306188899e+02 8.179975773139494777e+02
2.166666666666666741e-01 2.433177560753863986e+02 8.179975773139477724e+02
2.333333333333333370e-01 2.296844631201539642e+02 8.179975773139477724e+02
2.500000000000000000e-01 2.160511701649214729e+02 8.179975773139477724e+02
2.666666666666666630e-01 2.024178772096890384e+02 8.179975773139460671e+02
2.833333333333333259e-01 1.887845842544566040e+02 8.179975773139477724e+02
2.999999999999999889e-01 1.751512912992241127e+02 8.179975773139477724e+02
3.166666666666666519e-01 1.615179983439916782e+02 8.179975773139469766e+02
3.333333333333333148e-01 1.478847053887592153e+02 8.179975773139477724e+02
3.499999999999999778e-01 1.342514124335267525e+02 8.179975773139473176e+02
3.666666666666666408e-01 1.206181194782943038e+02 8.179975773139473176e+02
3.833333333333333037e-01 1.069848265230618409e+02 8.179975773139486819e+02
4.000000000000000222e-01 9.335153356782934964e+01 8.179975773139486819e+02
4.166666666666666852e-01 7.971824061259688676e+01 8.179975773139473176e+02
4.333333333333333481e-01 6.608494765736443810e+01 8.179975773139473176e+02
4.500000000000000111e-01 5.245165470213197523e+01 8.179975773139475450e+02
4.666666666666666741e-01 3.881836174689951946e+01 8.179975773139473176e+02
4.833333333333333370e-01 2.518506879166706369e+01 8.179975773139473176e+02
5.000000000000000000e-01 1.155177583643460792e+01 5.349388666177698042e+02
5.166666666666666075e-01 7.353773237741403790e+00 2.150317831109164217e+02
5.333333333333333259e-01 4.384049732737393512e+00 1.585636213029191026e+02
5.500000000000000444e-01 2.068319194310767717e+00 1.247519371243958801e+02
5.666666666666666519e-01 2.256518285908639954e-01 9.922594076441194488e+01
5.833333333333333703e-01 -1.239212164502964120e+00 7.908339042303101962e+01
5.999999999999999778e-01 -2.410461185510170079e+00 6.278604842656459795e+01
6.166666666666666963e-01 -3.332080445388450940e+00 4.833239114318090657e+01
6.333333333333333037e-01 -4.021540890282866876e+00 3.450126447523916795e+01
6.500000000000000222e-01 -4.482122594563089812e+00 2.309549120722282467e+01
6.666666666666666297e-01 -4.791390597190294365e+00 1.615011493123329700e+01
6.833333333333333481e-01 -5.020459758937533046e+00 1.253938065312616423e+01
6.999999999999999556e-01 -5.209369952294499839e+00 1.014911558919409096e+01
7.166666666666666741e-01 -5.358763611910669411e+00 7.968713854384539275e+00
7.333333333333332815e-01 -5.474993747440651148e+00 5.978168755633781473e+00
7.500000000000000000e-01 -5.558035903765128793e+00 4.120060549437942754e+00
7.666666666666666075e-01 -5.612329099088582574e+00 1.928393075273824309e+00
7.833333333333333259e-01 -5.622315672940922937e+00 -8.500104757751270057e-01
8.000000000000000444e-01 -5.583995416562745007e+00 -3.790903653063599776e+00
8.166666666666666519e-01 -5.495952217838802945e+00 -6.322465350151142971e+00
8.333333333333333703e-01 -5.373246571557706908e+00 -8.041404820609168169e+00
8.499999999999999778e-01 -5.227905390485164006e+00 -9.027936945584809081e+00
8.666666666666666963e-01 -5.072315340038213272e+00 -9.589275094711293690e+00
8.833333333333333037e-01 -4.908262887328120883e+00 -1.009780777826373210e+01
9.000000000000000222e-01 -4.735721747429422201e+00 -1.059500279626164776e+01
9.166666666666666297e-01 -4.555096127452732624e+00 -1.093773007589105006e+01
9.333333333333333481e-01 -4.371130744899720533e+00 -1.093300566270699825e+01
9.499999999999999556e-01 -4.190662605362499349e+00 -1.059257669303858229e+01
9.666666666666666741e-01 -4.018044855131767790e+00 -9.995083461412086479e+00
9.833333333333332815e-01 -3.857493156648763133e+00 -9.368647222307915357e+00
1.000000000000000000e+00 -3.705756614388170611e+00 -9.077096767804695432e+00
1.016666666666666607e+00 -3.554923264388606619e+00 -9.237049689494934768e+00
1.033333333333333215e+00 -3.397854958071672815e+00 -9.487046453529597301e+00
1.050000000000000044e+00 -3.238688382604286708e+00 -9.503599396015394163e+00
1.066666666666666652e+00 -3.081068311537826343e+00 -9.220956452130506520e+00
1.083333333333333259e+00 -2.931323167533269825e+00 -8.742892795273800033e+00
1.100000000000000089e+00 -2.789638551695366342e+00 -8.205305470962654724e+00
1.116666666666666696e+00 -2.657812985167848030e+00 -7.621229714849682146e+00
1.133333333333333304e+00 -2.535597561200376937e+00 -7.028902598256241419e+00
1.149999999999999911e+00 -2.423516231892639983e+00 -6.485915387637541940e+00
1.166666666666666741e+00 -2.319400381612458872e+00 -6.054814001254493760e+00
1.183333333333333348e+00 -2.221689098517490191e+00 -5.787357752413968548e+00
1.199999999999999956e+00 -2.126488456531993254e+00 -5.670994753977591785e+00
1.216666666666666563e+00 -2.032655940051570465e+00 -5.574502032860575440e+00
1.233333333333333393e+00 -1.940671722103307406e+00 -5.417850782041653268e+00
1.250000000000000000e+00 -1.852060913983515356e+00 -5.189731767550096464e+00
1.266666666666666607e+00 -1.767680663184970857e+00 -4.886630240008662973e+00
1.283333333333333215e+00 -1.689173239316559938e+00 -4.492459230260184455e+00
1.300000000000000044e+00 -1.617932022176298057e+00 -4.098379738942052875e+00
1.316666666666666652e+00 -1.552560581351824842e+00 -3.806313100545117845e+00
1.333333333333333259e+00 -1.491054918824794129e+00 -3.639216205627167078e+00
1.350000000000000089e+00 -1.431253374497585940e+00 -3.562314303832894158e+00
1.366666666666666696e+00 -1.372311108697030990e+00 -3.555537406762918629e+00
1.383333333333333304e+00 -1.312735460938821985e+00 -3.603750070503197733e+00
1.399999999999999911e+00 -1.252186106346924399e+00 -3.641621303639188678e+00
1.416666666666666741e+00 -1.191348084150849029e+00 -3.606863640527515624e+00
1.433333333333333348e+00 -1.131957318329340545e+00 -3.504007112538991553e+00
1.449999999999999956e+00 -1.074547847066215978e+00 -3.374950017741715769e+00
1.466666666666666563e+00 -1.019458984404616686e+00 -3.252258975851691769e+00
1.483333333333333393e+00 -9.661392145378262519e-01 -3.147673326006550365e+00
1.500000000000000000e+00 -9.145365402043983405e-01 -3.051456682696676026e+00
1.516666666666666607e+00 -8.644239917812703844e-01 -2.978438316272395969e+00
1.533333333333333215e+00 -8.152552629953184749e-01 -2.922970438222588729e+00
1.550000000000000044e+00 -7.669916438405174341e-01 -2.871890540324026908e+00
1.566666666666666652e+00 -7.195255783178509112e-01 -2.812475346385800101e+00
1.583333333333333259e+00 -6.732424656276574382e-01 -2.749406460931556051e+00
1.600000000000000089e+00 -6.278786962867990429e-01 -2.690060506432887522e+00
1.616666666666666696e+00 -5.835737820798945208e-01 -2.617302629265768843e+00
1.633333333333333304e+00 -5.406352753112734222e-01 -2.517531341216751262e+00
1.649999999999999911e+00 -4.996560707060028195e-01 -2.406832606579320188e+00
1.666666666666666741e+00 -4.604075217586294233e-01 -2.306712126739006941e+00
1.683333333333333348e+00 -4.227656664813692622e-01 -2.211056746872367640e+00
1.699999999999999956e+00 -3.867056301962171760e-01 -2.099871474574662944e+00
1.716666666666666563e+00 -3.527699506622138381e-01 -1.983593668653826469e+00
1.733333333333333393e+00 -3.205858412410896308e-01 -1.878643486034786703e+00
1.750000000000000000e+00 -2.901485011277209480e-01 -1.786328979610879442e+00
1.766666666666666607e+00 -2.610415419207269827e-01 -1.700185533309652497e+00
1.783333333333333215e+00 -2.334756500173992000e-01 -1.616329146046875609e+00
1.800000000000000044e+00 -2.071639037191644606e-01 -1.536275560799599260e+00
1.816666666666666652e+00 -1.822664646574125580e-01 -1.448440299519955898e+00
1.833333333333333259e+00 -1.588825604018326010e-01 -1.348455069511595772e+00
1.849999999999999867e+00 -1.373179623403593674e-01 -1.244969766785815724e+00
1.866666666666666696e+00 -1.173835681756387472e-01 -1.151748647666695158e+00
1.883333333333333304e+00 -9.892634075146952699e-02 -1.076887316655358084e+00
1.899999999999999911e+00 -8.148732428712680831e-02 -1.015081845130000993e+00
1.916666666666666741e+00 -6.509027924713615965e-02 -9.524562059288796956e-01
1.933333333333333348e+00 -4.973878408949748697e-02 -1.509531210213129526e+00
1.949999999999999956e+00 -1.477257224003183933e-02 -1.446648609045779299e+00
1.966666666666666563e+00 -1.517163787971506162e-03 -4.397185708135002424e-01
1.983333333333333393e+00 -1.152865462484995519e-04 -4.551491363914518529e-02
2.000000000000000000e+00 0.000000000000000000e+00 -6.917192774909972953e-03
