0.000000000000000000e+00 4.175082510010588521e+02 6.535629693647854310e+02
1.666666666666666644e-02 4.066155348449790949e+02 6.535629693647820204e+02
3.333333333333333287e-02 3.957228186888994514e+02 6.535629693647803151e+02
5.000000000000000278e-02 3.848301025328197511e+02 6.535629693647803151e+02
6.666666666666666574e-02 3.739373863767401076e+02 6.535629693647820204e+02
8.333333333333332871e-02 3.630446702206603504e+02 6.535629693647820204e+02
1.000000000000000056e-01 3.521519540645807069e+02 6.535629693647803151e+02
1.166666666666666685e-01 3.412592379085010066e+02 6.535629693647820204e+02
1.333333333333333315e-01 3.303665217524213062e+02 6.535629693647820204e+02
1.499999999999999944e-01 3.194738055963416059e+02 6.535629693647803151e+02
1.666666666666666574e-01 3.085810894402619624e+02 6.535629693647820204e+02
1.833333333333333204e-01 2.976883732841822052e+02 6.535629693647820204e+02
2.000000000000000111e-01 2.867956571281025617e+02 6.535629693647803151e+02
2.166666666666666741e-01 2.759029409720228614e+02 6.535629693647820204e+02
2.333333333333333370e-01 2.650102248159431610e+02 6.535629693647820204e+02
2.500000000000000000e-01 2.541175086598634607e+02 6.535629693647812246e+02
2.666666666666666630e-01 2.432247925037837888e+02 6.535629693647812246e+02
2.833333333333333259e-01 2.323320763477040884e+02 6.535629693647812246e+02
2.999999999999999889e-01 2.214393601916244165e+02 6.535629693647812246e+02
3.166666666666666519e-01 2.105466440355447162e+02 6.535629693647812246e+02
3.333333333333333148e-01 1.996539278794650443e+02 6.535629693647812246e+02
3.499999999999999778e-01 1.887612117233853439e+02 6.535629693647820204e+02
3.666666666666666408e-01 1.778684955673056436e+02 6.535629693647812246e+02
3.833333333333333037e-01 1.669757794112259717e+02 6.535629693647820204e+02
4.000000000000000222e-01 1.560830632551462429e+02 6.535629693647829299e+02
4.166666666666666852e-01 1.451903470990665426e+02 6.535629693647812246e+02
4.333333333333333481e-01 1.342976309429868707e+02 6.535629693647812246e+02
4.500000000000000111e-01 1.234049147869071703e+02 6.535629693647815657e+02
4.666666666666666741e-01 1.125121986308274842e+02 6.535629693647812246e+02
4.833333333333333370e-01 1.016194824747477981e+02 6.535629693647812246e+02
5.000000000000000000e-01 9.072676631866811192e+01 6.535629693647803151e+02
5.166666666666666075e-01 7.983405016258845421e+01 6.535629693647815657e+02
5.333333333333333259e-01 6.894133400650872545e+01 6.535629693647832710e+02
5.500000000000000444e-01 5.804861785042901090e+01 6.535629693647812246e+02
5.666666666666666519e-01 4.715590169434935319e+01 6.535629693647813383e+02
5.833333333333333703e-01 3.626318553826963154e+01 6.535629693647813383e+02
5.999999999999999778e-01 2.537046938218997738e+01 6.535629693647813383e+02
6.166666666666666963e-01 1.447775322611025217e+01 4.620157843604707750e+02
6.333333333333333037e-01 9.969943236840951073e+00 2.522993884316743163e+02
6.500000000000000222e-01 6.067773611721109184e+00 2.185124900072777052e+02
6.666666666666666297e-01 2.686193569931693670e+00 1.840859454971203775e+02
6.833333333333333481e-01 -6.842457151623605738e-02 1.455497323524837441e+02
6.999999999999999556e-01 -2.165464175151097237e+00 1.115822446135451429e+02
7.166666666666666741e-01 -3.787832725301074177e+00 8.592106594543862741e+01
7.333333333333332815e-01 -5.029499706665718328e+00 6.742360783545709069e+01
7.500000000000000000e-01 -6.035286319816310474e+00 5.498085222402491468e+01
7.666666666666666075e-01 -6.862194780799882210e+00 4.338748481224062914e+01
7.833333333333333259e-01 -7.481535813557664838e+00 3.282991038576675891e+01
8.000000000000000444e-01 -7.956525126992107566e+00 2.455123626702267359e+01
8.166666666666666519e-01 -8.299910355791753958e+00 1.932896582498013061e+01
8.333333333333333703e-01 -8.600823987824778527e+00 1.562563946401599679e+01
8.499999999999999778e-01 -8.820765004592287184e+00 9.226469735806528405e+00
8.666666666666666963e-01 -8.908372979018329474e+00 3.379552995620223044e+00
8.833333333333333037e-01 -8.933416771112961285e+00 -1.122921989143694788e+00
9.000000000000000222e-01 -8.870942246046872981e+00 -4.202323885851662055e+00
9.166666666666666297e-01 -8.793339308251239217e+00 -4.883396953955028152e+00
9.333333333333333481e-01 -8.708162347581705376e+00 -7.967124891493941874e+00
9.499999999999999556e-01 -8.527768478534774488e+00 -1.442053617243470143e+01
9.666666666666666741e-01 -8.227477808500548662e+00 -1.793808350761747050e+01
9.833333333333332815e-01 -7.929832361614192138e+00 -1.805779523452896385e+01
1.000000000000000000e+00 -7.625551300682916533e+00 -1.886852422316415812e+01
1.016666666666666607e+00 -7.300881554175386867e+00 -2.024317553671700409e+01
1.033333333333333215e+00 -6.950778782792349730e+00 -2.011754377236178115e+01
1.050000000000000044e+00 -6.630296761763327495e+00 -1.983408636799658353e+01
1.066666666666666652e+00 -6.289642570525797005e+00 -1.880218693344541236e+01
1.083333333333333259e+00 -6.003557197315147143e+00 -1.818666556158214931e+01
1.100000000000000089e+00 -5.683420385139725362e+00 -1.900228913038011669e+01
1.116666666666666696e+00 -5.370147559635809920e+00 -1.912024503463207736e+01
1.133333333333333304e+00 -5.046078883985322783e+00 -1.557135104773643697e+01
1.149999999999999911e+00 -4.851102524711262021e+00 -1.308512748748798415e+01
1.166666666666666741e+00 -4.609907967735723311e+00 -1.343271334938773265e+01
1.183333333333333348e+00 -4.403345413065004266e+00 -1.276404605723792329e+01
1.199999999999999956e+00 -4.184439765827792534e+00 -1.170944466798045980e+01
1.216666666666666563e+00 -4.013030590798988939e+00 -1.207481379983662784e+01
1.233333333333333393e+00 -3.781945972499904940e+00 -1.481980562644924504e+01
1.250000000000000000e+00 -3.519037069917347438e+00 -1.810578470351924096e+01
1.266666666666666607e+00 -3.178419815715930241e+00 -1.867195365326638523e+01
1.283333333333333215e+00 -2.896638614808467960e+00 -1.824951686064513368e+01
1.300000000000000044e+00 -2.570102587027759178e+00 -1.689314115034281372e+01
1.316666666666666652e+00 -2.333533909797040895e+00 -1.563583998355656846e+01
1.333333333333333259e+00 -2.048907920909206926e+00 -1.539991331777888206e+01
1.350000000000000089e+00 -1.820203465871078174e+00 -1.180149780431221096e+01
1.366666666666666696e+00 -1.655524660765466560e+00 -6.968921675182560449e+00
1.383333333333333304e+00 -1.587906076698326174e+00 -3.813292040942248828e+00
1.399999999999999911e+00 -1.528414926067391599e+00 -1.777934447077407221e+00
1.416666666666666741e+00 -1.528641595129079267e+00 2.720764787500362658e-01
1.433333333333333348e+00 -1.537484142025726142e+00 6.949228974315602159e-01
1.449999999999999956e+00 -1.551805691710131274e+00 8.932284231444342915e-01
1.466666666666666563e+00 -1.567258422797207285e+00 2.437754153765574472e+00
1.483333333333333393e+00 -1.633064163502317090e+00 3.530771937245456016e+00
1.500000000000000000e+00 -1.684950820705389152e+00 3.812832976553193198e+00
1.516666666666666607e+00 -1.760158596054090197e+00 4.794416917894593233e+00
1.533333333333333215e+00 -1.844764717968542245e+00 5.646035147147223654e+00
1.550000000000000044e+00 -1.948359767625664318e+00 6.356962810001832054e+00
1.566666666666666652e+00 -2.056663478301936632e+00 6.384047429142962748e+00
1.583333333333333259e+00 -2.161161348597096410e+00 4.699017967647365346e+00
1.600000000000000089e+00 -2.213297410556848810e+00 3.527894475194597312e+00
1.616666666666666696e+00 -2.278757831103582987e+00 3.006150927367632342e+00
1.633333333333333304e+00 -2.313502441469103221e+00 1.450046415506145436e+00
1.649999999999999911e+00 -2.327092711620454502e+00 -6.384366850373801583e-02
1.666666666666666741e+00 -2.311374319185645287e+00 -7.207736956763133307e-01
1.683333333333333348e+00 -2.303066921764577391e+00 -1.358802645714569657e+00
1.699999999999999956e+00 -2.266080897661826299e+00 -2.071207456042469808e+00
1.716666666666666563e+00 -2.234026673229828397e+00 -2.703306615265739232e+00
1.733333333333333393e+00 -2.175970677152968324e+00 -3.938859524717166494e+00
1.750000000000000000e+00 -2.102731355739256180e+00 -4.816482291089214662e+00
1.766666666666666607e+00 -2.015421267449994502e+00 -4.627643180472731821e+00
1.783333333333333215e+00 -1.948476583056831801e+00 -5.123609739400072804e+00
1.800000000000000044e+00 -1.844634276136658757e+00 -7.809211772183561884e+00
1.816666666666666652e+00 -1.688169523984046405e+00 -1.063692088406648928e+01
1.833333333333333259e+00 -1.490070246667775766e+00 -1.265959546932561253e+01
1.849999999999999867e+00 -1.266183008339859306e+00 -1.412087787758232516e+01
1.866666666666666696e+00 -1.019374317415031594e+00 -1.396208620132406608e+01
1.883333333333333304e+00 -8.007801349623904219e-01 -1.285816887888526594e+01
1.899999999999999911e+00 -5.907686881188560779e-01 -1.165509380923449712e+01
1.916666666666666741e+00 -4.122770079879071736e-01 -9.773763326807801022e+00
1.933333333333333348e+00 -2.649765772252627438e-01 -1.120156008113815460e+01
1.949999999999999956e+00 -3.889167194996866889e-02 -7.856700612029169584e+00
1.966666666666666563e+00 -3.086556824290434368e-03 -1.157412589124451774e+00
1.983333333333333393e+00 -3.112523124869431487e-04 -9.259670472871303626e-02
2.000000000000000000e+00 0.000000000000000000e+00 -1.867513874921658892e-02
