0.000000000000000000e+00 2.890725847690079604e+02 5.243596740480813878e+02
1.666666666666666644e-02 2.803332568682066039e+02 5.243596740480796825e+02
3.333333333333333287e-02 2.715939289674053043e+02 5.243596740480779772e+02
5.000000000000000278e-02 2.628546010666040047e+02 5.243596740480805920e+02
6.666666666666666574e-02 2.541152731658026198e+02 5.243596740480813878e+02
8.333333333333332871e-02 2.453759452650012918e+02 5.243596740480796825e+02
1.000000000000000056e-01 2.366366173641999637e+02 5.243596740480805920e+02
1.166666666666666685e-01 2.278972894633986073e+02 5.243596740480796825e+02
1.333333333333333315e-01 2.191579615625973076e+02 5.243596740480805920e+02
1.499999999999999944e-01 2.104186336617959228e+02 5.243596740480805920e+02
1.666666666666666574e-01 2.016793057609946231e+02 5.243596740480796825e+02
1.833333333333333204e-01 1.929399778601932667e+02 5.243596740480805920e+02
2.000000000000000111e-01 1.842006499593919386e+02 5.243596740480796825e+02
2.166666666666666741e-01 1.754613220585906106e+02 5.243596740480805920e+02
2.333333333333333370e-01 1.667219941577892541e+02 5.243596740480805920e+02
2.500000000000000000e-01 1.579826662569879261e+02 5.243596740480796825e+02
2.666666666666666630e-01 1.492433383561865980e+02 5.243596740480796825e+02
2.833333333333333259e-01 1.405040104553852700e+02 5.243596740480796825e+02
2.999999999999999889e-01 1.317646825545839420e+02 5.243596740480801373e+02
3.166666666666666519e-01 1.230253546537825997e+02 5.243596740480805920e+02
3.333333333333333148e-01 1.142860267529812575e+02 5.243596740480801373e+02
3.499999999999999778e-01 1.055466988521799294e+02 5.243596740480796825e+02
3.666666666666666408e-01 9.680737095137860138e+01 5.243596740480801373e+02
3.833333333333333037e-01 8.806804305057725912e+01 5.243596740480813878e+02
4.000000000000000222e-01 7.932871514977588845e+01 5.243596740480809331e+02
4.166666666666666852e-01 7.058938724897456041e+01 5.243596740480796825e+02
4.333333333333333481e-01 6.185005934817323237e+01 5.243596740480799099e+02
4.500000000000000111e-01 5.311073144737189722e+01 5.243596740480801373e+02
4.666666666666666741e-01 4.437140354657056207e+01 5.243596740480799099e+02
4.833333333333333370e-01 3.563207564576923403e+01 5.243596740480799099e+02
5.000000000000000000e-01 2.689274774496789888e+01 5.243596740480792278e+02
5.166666666666666075e-01 1.815341984416659216e+01 5.243596740480801373e+02
5.333333333333333259e-01 9.414091943365228587e+00 4.182062397418750379e+02
5.500000000000000444e-01 4.213211852770759158e+00 2.723498843953598225e+02
5.666666666666666519e-01 3.357624635199013552e-01 1.968593153232746999e+02
5.833333333333333703e-01 -2.348765324671730159e+00 1.392187013765352219e+02
5.999999999999999778e-01 -4.304860915697939383e+00 1.020315133971419073e+02
6.166666666666666963e-01 -5.749815771243127038e+00 7.051236580508732743e+01
6.333333333333333037e-01 -6.655273109200850357e+00 4.767873658796450087e+01
6.500000000000000222e-01 -7.339106990841943734e+00 3.211576252271974141e+01
6.666666666666666297e-01 -7.725798526624841678e+00 2.041195527339309379e+01
6.833333333333333481e-01 -8.019505499955046801e+00 1.307026827760728871e+01
6.999999999999999556e-01 -8.161474135878417968e+00 3.351013295956200011e+00
7.166666666666666741e-01 -8.131205943153586801e+00 -3.326945943199071110e+00
7.333333333333332815e-01 -8.050575937771782264e+00 -1.042096018368197541e+01
7.500000000000000000e-01 -7.783840603697520955e+00 -1.979174304465625767e+01
7.666666666666666075e-01 -7.390851169616573735e+00 -2.696272895895253541e+01
7.833333333333333259e-01 -6.885082971732436441e+00 -3.369818138725953816e+01
8.000000000000000444e-01 -6.267578456707922463e+00 -3.629763650718707169e+01
8.166666666666666519e-01 -5.675161754826200777e+00 -3.556761532591387009e+01
8.333333333333333703e-01 -5.081991279177460186e+00 -3.210110424712630817e+01
8.499999999999999778e-01 -4.605124946588657231e+00 -2.625087878003655462e+01
8.666666666666666963e-01 -4.206961986509575091e+00 -2.249803890836762221e+01
8.833333333333333037e-01 -3.855190316309736520e+00 -1.558232478166777568e+01
9.000000000000000222e-01 -3.687551160453982568e+00 -1.003273046924821088e+01
9.166666666666666297e-01 -3.520765967334796187e+00 -7.078650724678960948e+00
9.333333333333333481e-01 -3.451596136298017203e+00 -4.219969459778010190e+00
9.499999999999999556e-01 -3.380100318675529181e+00 -2.657010655876108629e+00
9.666666666666666741e-01 -3.363029114435480249e+00 -3.279779767561072923e+00
9.833333333333332815e-01 -3.270774326423493417e+00 -4.480682475043891166e+00
1.000000000000000000e+00 -3.213673031934017210e+00 -4.287458823552778853e+00
1.016666666666666607e+00 -3.127859032305067455e+00 -6.887200428502029403e+00
1.033333333333333215e+00 -2.984099684317282897e+00 -7.472063943641171768e+00
1.050000000000000044e+00 -2.878790234183695063e+00 -6.196189325726240149e+00
1.066666666666666652e+00 -2.777560040126408225e+00 -7.758370298108547836e+00
1.083333333333333259e+00 -2.620177890913410135e+00 -6.338782067511332663e+00
1.100000000000000089e+00 -2.566267304542697136e+00 -4.485801832256144372e+00
1.116666666666666696e+00 -2.470651163171538656e+00 -1.688256844446045513e+00
1.133333333333333304e+00 -2.509992076394495619e+00 -6.977541425421307508e-01
1.149999999999999911e+00 -2.447392691753467631e+00 -1.479090387035606469e+00
1.166666666666666741e+00 -2.460689063493308737e+00 -2.041888095768440436e-01
1.183333333333333348e+00 -2.440586398100906163e+00 -1.700123365833547950e+00
1.199999999999999956e+00 -2.404018284632190472e+00 -1.903924230891975711e+00
1.216666666666666563e+00 -2.377122257071173639e+00 -2.771076767529061513e+00
1.233333333333333393e+00 -2.311649059047888422e+00 -3.973470105832750399e+00
1.250000000000000000e+00 -2.244673253543415292e+00 -3.507020901964645887e+00
1.266666666666666607e+00 -2.194748362315733559e+00 -3.550593028628452608e+00
1.283333333333333215e+00 -2.126320152589133539e+00 -2.071176515177586275e+00
1.300000000000000044e+00 -2.125709145143147349e+00 -1.718542583649034228e+00
1.316666666666666652e+00 -2.069035399800832398e+00 -2.020891027648055172e+00
1.333333333333333259e+00 -2.058346110888212177e+00 -1.920722279461415383e+00
1.350000000000000089e+00 -2.005011323818785218e+00 -2.644484809718106177e+00
1.366666666666666696e+00 -1.970196617230941971e+00 -2.746295025355642849e+00
1.383333333333333304e+00 -1.913468156306930457e+00 -1.880990947203520225e+00
1.399999999999999911e+00 -1.907496918990824630e+00 5.523354197529917187e-02
1.416666666666666741e+00 -1.915309274372773762e+00 -1.330714158444741280e+00
1.433333333333333348e+00 -1.863139780375999921e+00 -4.274802216333890570e+00
1.449999999999999956e+00 -1.772815867161644077e+00 -4.495680996549136665e+00
1.466666666666666563e+00 -1.713283747157695380e+00 -4.418463534769554890e+00
1.483333333333333393e+00 -1.625533749335992262e+00 -5.758985890608236957e+00
1.500000000000000000e+00 -1.521317550804087482e+00 -6.301667740200058709e+00
1.516666666666666607e+00 -1.415478157995990305e+00 -6.513465546027863873e+00
1.533333333333333215e+00 -1.304202032603158701e+00 -7.122838885005529086e+00
1.550000000000000044e+00 -1.178050195162472669e+00 -6.614085734345600542e+00
1.566666666666666652e+00 -1.083732508124972016e+00 -6.512384505531810142e+00
1.583333333333333259e+00 -9.609707116447456787e-01 -7.460754721037177184e+00
1.600000000000000089e+00 -8.350406840903994432e-01 -8.271829975787719391e+00
1.616666666666666696e+00 -6.852430457851550472e-01 -7.539265413343905209e+00
1.633333333333333304e+00 -5.837318369789359362e-01 -6.933188882072999881e+00
1.649999999999999911e+00 -4.541367497160550548e-01 -6.468954495888196377e+00
1.666666666666666741e+00 -3.681000204493293793e-01 -5.659753001321322863e+00
1.683333333333333348e+00 -2.654783163386776335e-01 -6.069081815725802187e+00
1.699999999999999956e+00 -1.657972932584693138e-01 -6.056183417192488427e+00
1.716666666666666563e+00 -6.360553576559467570e-02 -5.236765943887499830e+00
1.733333333333333393e+00 8.761571537780668203e-03 -3.896970285889721719e+00
1.750000000000000000e+00 6.629347376406272141e-02 -2.078218392789375368e+00
1.766666666666666607e+00 7.803551796409317898e-02 -4.617825858548801898e-01
1.783333333333333215e+00 8.168622662589206107e-02 -1.288055967457513162e-02
1.800000000000000044e+00 7.846486995324568336e-02 1.241885716113297011e+00
1.816666666666666652e+00 4.029003608878216347e-02 1.512136528659041579e+00
1.833333333333333259e+00 2.806031899794429740e-02 -1.051668208928359383e-02
1.849999999999999867e+00 4.064059215842494993e-02 -1.228753878849438319e+00
1.866666666666666696e+00 6.901878162625890711e-02 -6.582176399127303013e-01
1.883333333333333304e+00 6.258118015551596136e-02 2.843057174105069751e-01
1.899999999999999911e+00 5.954192437924200887e-02 -1.343713204530272431e-01
1.916666666666666741e+00 6.706022417061686947e-02 1.428694356448047265e-01
1.933333333333333348e+00 5.477960985774851799e-02 1.353379106130734977e+00
1.949999999999999956e+00 2.194758729959236584e-02 1.551062503893406053e+00
1.966666666666666563e+00 3.077526394634980643e-03 6.504696349280217893e-01
1.983333333333333393e+00 2.652661353249743752e-04 9.232579183904941755e-02
2.000000000000000000e+00 0.000000000000000000e+00 1.591596811949846230e-02
