0.000000000000000000e+00 5.992216452425691386e+02 1.204899118622488459e+03
1.666666666666666644e-02 5.791399932655276643e+02 1.204899118622481637e+03
3.333333333333333287e-02 5.590583412884864174e+02 1.204899118622481637e+03
5.000000000000000278e-02 5.389766893114449431e+02 1.204899118622481637e+03
6.666666666666666574e-02 5.188950373344036961e+02 1.204899118622478227e+03
8.333333333333332871e-02 4.988133853573623355e+02 1.204899118622481637e+03
1.000000000000000056e-01 4.787317333803209749e+02 1.204899118622483456e+03
1.166666666666666685e-01 4.586500814032795574e+02 1.204899118622481637e+03
1.333333333333333315e-01 4.385684294262382537e+02 1.204899118622481637e+03
1.499999999999999944e-01 4.184867774491968362e+02 1.204899118622481637e+03
1.666666666666666574e-01 3.984051254721555324e+02 1.204899118622481637e+03
1.833333333333333204e-01 3.783234734951141149e+02 1.204899118622483456e+03
2.000000000000000111e-01 3.582418215180727543e+02 1.204899118622481637e+03
2.166666666666666741e-01 3.381601695410313937e+02 1.204899118622481637e+03
2.333333333333333370e-01 3.180785175639900331e+02 1.204899118622481637e+03
2.500000000000000000e-01 2.979968655869486724e+02 1.204899118622481637e+03
2.666666666666666630e-01 2.779152136099073118e+02 1.204899118622480046e+03
2.833333333333333259e-01 2.578335616328660080e+02 1.204899118622480728e+03
2.999999999999999889e-01 2.377519096558246190e+02 1.204899118622482547e+03
3.166666666666666519e-01 2.176702576787832584e+02 1.204899118622481637e+03
3.333333333333333148e-01 1.975886057017418977e+02 1.204899118622481637e+03
3.499999999999999778e-01 1.775069537247005371e+02 1.204899118622480728e+03
3.666666666666666408e-01 1.574253017476592049e+02 1.204899118622480728e+03
3.833333333333333037e-01 1.373436497706178443e+02 1.204899118622483684e+03
4.000000000000000222e-01 1.172619977935764126e+02 1.204899118622483684e+03
4.166666666666666852e-01 9.718034581653505199e+01 1.204899118622481183e+03
4.333333333333333481e-01 7.709869383949370558e+01 1.204899118622481183e+03
4.500000000000000111e-01 5.701704186245234496e+01 1.204899118622481637e+03
4.666666666666666741e-01 3.693538988541098433e+01 1.220697465782029212e+03
4.833333333333333370e-01 1.632712633638471189e+01 8.141041097362774508e+02
5.000000000000000000e-01 9.798586227535070137e+00 3.437596815928984597e+02
5.166666666666666075e-01 4.868470283288097278e+00 2.625902783036854657e+02
5.333333333333333259e-01 1.045576950745554790e+00 2.085136668608104173e+02
5.500000000000000444e-01 -2.081985278738916811e+00 1.705093508562566456e+02
5.666666666666666519e-01 -4.638068077796333455e+00 1.410477266810832191e+02
5.833333333333333703e-01 -6.783576168108357507e+00 1.164666372687604081e+02
5.999999999999999778e-01 -8.520289320088346940e+00 9.640209150820304274e+01
6.166666666666666963e-01 -9.996979218381792265e+00 8.236471175573052506e+01
6.333333333333333037e-01 -1.126577971194603123e+01 7.074413646773805908e+01
6.500000000000000222e-01 -1.235511710063972757e+01 6.087298180557215943e+01
6.666666666666666297e-01 -1.329487910546510321e+01 5.041027876938822061e+01
6.833333333333333481e-01 -1.403545972628600147e+01 3.800110785672531932e+01
6.999999999999999556e-01 -1.456158270068928040e+01 2.686029409434423698e+01
7.166666666666666741e-01 -1.493080286276414270e+01 1.757816363919051383e+01
7.333333333333332815e-01 -1.514752148866229753e+01 9.080233271401780826e+00
7.500000000000000000e-01 -1.523347730514420206e+01 -1.188711182954182988e+00
7.666666666666666075e-01 -1.510789778256382476e+01 -1.258849010950431335e+01
7.833333333333333259e-01 -1.481386096816072495e+01 -2.135641361971998720e+01
8.000000000000000444e-01 -1.439601732857315852e+01 -2.591712003855986879e+01
8.166666666666666519e-01 -1.394995696687539599e+01 -2.679026007297693468e+01
8.333333333333333703e-01 -1.350300865947392737e+01 -2.755164758895768173e+01
8.499999999999999778e-01 -1.303156871391013993e+01 -2.875667111089294181e+01
8.666666666666666963e-01 -1.254445295577749597e+01 -2.873336485859494971e+01
8.833333333333333037e-01 -1.207378988529030828e+01 -2.721769429665181761e+01
9.000000000000000222e-01 -1.163719647922243539e+01 -2.576608898285327243e+01
9.166666666666666297e-01 -1.121492025252853253e+01 -2.560973677234370527e+01
9.333333333333333481e-01 -1.078353858681097854e+01 -2.601186110569001286e+01
9.499999999999999556e-01 -1.034785821567219877e+01 -2.639957895288647549e+01
9.666666666666666741e-01 -9.903552621714762694e+00 -2.617833514176309606e+01
9.833333333333332815e-01 -9.475247044280095565e+00 -2.632041363748781393e+01
1.000000000000000000e+00 -9.026205500465168896e+00 -2.617885257938262100e+01
1.016666666666666607e+00 -8.602618624967341532e+00 -2.605115661071096156e+01
1.033333333333333215e+00 -8.157833613441470177e+00 -2.740143016727028424e+01
1.050000000000000044e+00 -7.689237619391665390e+00 -2.772537796281764955e+01
1.066666666666666652e+00 -7.233654348014215252e+00 -2.692066805374959415e+01
1.083333333333333259e+00 -6.791882017600012311e+00 -2.617548365262082299e+01
1.100000000000000089e+00 -6.361138226260187878e+00 -2.538766775919252439e+01
1.116666666666666696e+00 -5.945626425626928224e+00 -2.297849517572976907e+01
1.133333333333333304e+00 -5.595188387069195635e+00 -2.063073049622652988e+01
1.149999999999999911e+00 -5.257935409086043954e+00 -1.914280323501054326e+01
1.166666666666666741e+00 -4.957094945902177585e+00 -1.640237514268997288e+01
1.183333333333333348e+00 -4.711189570996378251e+00 -1.420692793268055532e+01
1.199999999999999956e+00 -4.483530681479492408e+00 -1.304548048935050275e+01
1.216666666666666563e+00 -4.276340221351361492e+00 -1.225161376561121784e+01
1.233333333333333393e+00 -4.075143555959118480e+00 -1.001756005749618872e+01
1.250000000000000000e+00 -3.942421552768155202e+00 -7.165311036723633897e+00
1.266666666666666607e+00 -3.836299854734997350e+00 -5.571405293157773997e+00
1.283333333333333215e+00 -3.756708042996229402e+00 -3.379202793331361754e+00
1.300000000000000044e+00 -3.723659761623951958e+00 -2.034797272894000031e+00
1.316666666666666652e+00 -3.688881467233096068e+00 -2.140191836119273994e+00
1.333333333333333259e+00 -3.652320033753309492e+00 -1.602232082137211577e+00
1.350000000000000089e+00 -3.635473731161855682e+00 -7.741141755382718870e-01
1.366666666666666696e+00 -3.626516227902033762e+00 -3.759665258292832490e-01
1.383333333333333304e+00 -3.622941513634212907e+00 1.773519876806961548e-01
1.399999999999999911e+00 -3.632427960824723634e+00 1.089509567431030668e+00
1.416666666666666741e+00 -3.659258499215247262e+00 1.524897419971353862e+00
1.433333333333333348e+00 -3.683257874823768763e+00 1.468043622021433237e+00
1.449999999999999956e+00 -3.708193286615961703e+00 1.738329619492122724e+00
1.466666666666666563e+00 -3.741202195473506187e+00 1.729548284955559900e+00
1.483333333333333393e+00 -3.765844896114480367e+00 9.867872606277661163e-01
1.500000000000000000e+00 -3.774095104161098391e+00 2.870945494331778036e-01
1.516666666666666607e+00 -3.775414714428919627e+00 -4.157747207587325633e-01
1.533333333333333215e+00 -3.760235946802473972e+00 -1.042908949970162702e+00
1.550000000000000044e+00 -3.740651082763247537e+00 -1.516661474219351824e+00
1.566666666666666652e+00 -3.709680564328495578e+00 -2.476174219360651740e+00
1.583333333333333259e+00 -3.658111942117892479e+00 -3.601319419710864445e+00
1.600000000000000089e+00 -3.589636583671466763e+00 -4.088548442252895043e+00
1.616666666666666696e+00 -3.521826994042795977e+00 -4.201788813873670314e+00
1.633333333333333304e+00 -3.449576956542344419e+00 -4.971416811839075578e+00
1.649999999999999911e+00 -3.356113100314826792e+00 -6.474438339281758381e+00
1.666666666666666741e+00 -3.233762345232952473e+00 -7.971328080973529850e+00
1.683333333333333348e+00 -3.090402164282375796e+00 -8.664537683481370323e+00
1.699999999999999956e+00 -2.944944422450240129e+00 -8.819988468736191578e+00
1.716666666666666563e+00 -2.796402548657836107e+00 -9.818582688964850647e+00
1.733333333333333393e+00 -2.617658332818078470e+00 -1.074103460539623889e+01
1.750000000000000000e+00 -2.438368061811294840e+00 -1.097094148129690083e+01
1.766666666666666607e+00 -2.251960283441515109e+00 -1.104075005214652272e+01
1.783333333333333215e+00 -2.070343060073077446e+00 -1.074175028492832240e+01
1.800000000000000044e+00 -1.893901940610571044e+00 -1.172609554247411268e+01
1.816666666666666652e+00 -1.679473208657273675e+00 -1.432233848840430745e+01
1.833333333333333259e+00 -1.416490657663760810e+00 -1.601761799129896247e+01
1.849999999999999867e+00 -1.145552608947308260e+00 -1.578359922688971828e+01
1.866666666666666696e+00 -8.903706834341035270e-01 -1.473839903446691224e+01
1.883333333333333304e+00 -6.542726411317445478e-01 -1.330945595807348170e+01
1.899999999999999911e+00 -4.467221514983207853e-01 -1.104659100392442284e+01
1.916666666666666741e+00 -2.860529410009304829e-01 -8.411053398822703642e+00
1.933333333333333348e+00 -1.663537048708973176e-01 -7.877010613570490705e+00
1.949999999999999956e+00 -2.348592054858081313e-02 -4.929818243970564673e+00
1.966666666666666563e+00 -2.026430071878504088e-03 -6.991927653968935674e-01
1.983333333333333393e+00 -1.794950353510278251e-04 -6.079290215635512612e-02
2.000000000000000000e+00 0.000000000000000000e+00 -1.076970212106167016e-02
