0.000000000000000000e+00 1.837476241318526036e+02 3.430841115013816989e+02
1.666666666666666644e-02 1.780295556068295753e+02 3.430841115013808462e+02
3.333333333333333287e-02 1.723114870818065754e+02 3.430841115013799936e+02
5.000000000000000278e-02 1.665934185567835755e+02 3.430841115013799936e+02
6.666666666666666574e-02 1.608753500317605756e+02 3.430841115013808462e+02
8.333333333333332871e-02 1.551572815067375473e+02 3.430841115013808462e+02
1.000000000000000056e-01 1.494392129817145474e+02 3.430841115013799936e+02
1.166666666666666685e-01 1.437211444566915475e+02 3.430841115013808462e+02
1.333333333333333315e-01 1.380030759316685192e+02 3.430841115013799936e+02
1.499999999999999944e-01 1.322850074066455477e+02 3.430841115013799936e+02
1.666666666666666574e-01 1.265669388816225194e+02 3.430841115013804483e+02
1.833333333333333204e-01 1.208488703565995337e+02 3.430841115013804483e+02
2.000000000000000111e-01 1.151308018315765054e+02 3.430841115013808462e+02
2.166666666666666741e-01 1.094127333065535055e+02 3.430841115013804483e+02
2.333333333333333370e-01 1.036946647815304914e+02 3.430841115013808462e+02
2.500000000000000000e-01 9.797659625650747728e+01 3.430841115013804483e+02
2.666666666666666630e-01 9.225852773148447739e+01 3.430841115013804483e+02
2.833333333333333259e-01 8.654045920646146328e+01 3.430841115013804483e+02
2.999999999999999889e-01 8.082239068143846339e+01 3.430841115013804483e+02
3.166666666666666519e-01 7.510432215641544929e+01 3.430841115013804483e+02
3.333333333333333148e-01 6.938625363139244939e+01 3.430841115013804483e+02
3.499999999999999778e-01 6.366818510636943529e+01 3.430841115013804483e+02
3.666666666666666408e-01 5.795011658134643540e+01 3.430841115013804483e+02
3.833333333333333037e-01 5.223204805632342129e+01 3.430841115013813010e+02
4.000000000000000222e-01 4.651397953130039298e+01 3.430841115013808462e+02
4.166666666666666852e-01 4.079591100627739308e+01 3.430841115013804483e+02
4.333333333333333481e-01 3.507784248125437898e+01 3.430841115013805052e+02
4.500000000000000111e-01 2.935977395623137554e+01 3.430841115013803346e+02
4.666666666666666741e-01 2.364170543120836854e+01 3.430841115013804483e+02
4.833333333333333370e-01 1.792363690618536154e+01 3.430841115013804483e+02
5.000000000000000000e-01 1.220556838116235454e+01 2.689235946317417643e+02
5.166666666666666075e-01 8.959517085127302494e+00 1.686115610212122817e+02
5.333333333333333259e-01 6.585183013788611817e+00 1.267491811956657557e+02
5.500000000000000444e-01 4.734544378605110460e+00 9.928448186878112836e+01
5.666666666666666519e-01 3.275700284829240694e+00 7.831519569404285619e+01
5.833333333333333703e-01 2.124037855470348735e+00 6.198405826741755220e+01
5.999999999999999778e-01 1.209565009248655842e+00 4.944586505146949662e+01
6.166666666666666963e-01 4.758423537546990212e-01 3.968444347243568870e+01
6.333333333333333037e-01 -1.132497731658669848e-01 3.178571044483702934e+01
6.500000000000000222e-01 -5.836813277398686939e-01 2.496259156633426102e+01
6.666666666666666297e-01 -9.453361587103422670e-01 1.866903815555370727e+01
6.833333333333333481e-01 -1.205982599591658877e+00 1.264245758549846954e+01
6.999999999999999556e-01 -1.366751411560291229e+00 6.834840633909422536e+00
7.166666666666666741e-01 -1.433810620721972962e+00 1.550247311112038506e+00
7.333333333333332815e-01 -1.418426321930692513e+00 -2.774933609835821269e+00
7.500000000000000000e-01 -1.341312833727445586e+00 -5.880646933906044538e+00
7.666666666666666075e-01 -1.222404757467157710e+00 -7.900817860170237239e+00
7.833333333333333259e-01 -1.077952238388437678e+00 -9.106530952962888392e+00
8.000000000000000444e-01 -9.188537257017280746e-01 -9.632972571529320405e+00
8.166666666666666519e-01 -7.568531526707936719e-01 -9.536558125807095720e+00
8.333333333333333703e-01 -6.009684548414915284e-01 -9.005557227838810519e+00
8.499999999999999778e-01 -4.566679117428333323e-01 -8.341614131613484417e+00
8.666666666666666963e-01 -3.229146504543753959e-01 -7.788429804370394116e+00
8.833333333333333037e-01 -1.970535849304868581e-01 -7.410223751299767514e+00
9.000000000000000222e-01 -7.590719207771648436e-02 -7.132205565693673144e+00
9.166666666666666297e-01 4.068660059263556894e-02 -6.723406349756629652e+00
9.333333333333333481e-01 1.482063529141711689e-01 -5.924140636397234871e+00
9.499999999999999556e-01 2.381579551392100647e-01 -4.654024694021111408e+00
9.666666666666666741e-01 3.033405093815415565e-01 -3.059834186613974438e+00
9.833333333333332815e-01 3.401524280263425459e-01 -1.434649809451114644e+00
1.000000000000000000e+00 3.511621696965787076e-01 -7.823429229437184329e-02
1.016666666666666607e+00 3.427602377694882740e-01 8.243120818120419635e-01
1.033333333333333215e+00 3.236851003028439755e-01 1.245013760865246732e+00
1.050000000000000044e+00 3.012597790739800496e-01 1.342228577468994599e+00
1.066666666666666652e+00 2.789441477205441555e-01 1.335228237959185105e+00
1.083333333333333259e+00 2.567521711420072128e-01 1.342556003097841177e+00
1.100000000000000089e+00 2.341922809506161163e-01 1.337328625238938029e+00
1.116666666666666696e+00 2.121745503007092803e-01 1.241189973466616081e+00
1.133333333333333304e+00 1.928192818350622506e-01 1.056581290833663811e+00
1.149999999999999911e+00 1.769551739395871515e-01 8.397097541963153278e-01
1.166666666666666741e+00 1.648289566951850749e-01 6.444335058874628430e-01
1.183333333333333348e+00 1.554740570766717234e-01 4.888865778343956525e-01
1.199999999999999956e+00 1.485327374340385531e-01 3.579132302707621616e-01
1.216666666666666563e+00 1.435436160676463180e-01 2.367777811429233603e-01
1.233333333333333393e+00 1.406401447292744411e-01 8.599054528286798060e-02
1.250000000000000000e+00 1.406772645582173853e-01 -1.334004964579685315e-01
1.266666666666666607e+00 1.450868279445400588e-01 -3.854748054115478273e-01
1.283333333333333215e+00 1.535264247386023129e-01 -5.783095287940986928e-01
1.300000000000000044e+00 1.643638122376766819e-01 -6.726249449427379457e-01
1.316666666666666652e+00 1.759472562366935777e-01 -6.910858885976870480e-01
1.333333333333333259e+00 1.874000085242662483e-01 -6.657081511640259297e-01
1.350000000000000089e+00 1.981375279421611069e-01 -6.207706180192185119e-01
1.366666666666666696e+00 2.080923624582401987e-01 -5.749600966497567800e-01
1.383333333333333304e+00 2.173028644971529977e-01 -5.415171537108229849e-01
1.399999999999999911e+00 2.261429342486009630e-01 -5.288587210970419061e-01
1.416666666666666741e+00 2.349314885337210612e-01 -5.112380825514289961e-01
1.433333333333333348e+00 2.431842036669819296e-01 -4.480713725834581385e-01
1.449999999999999956e+00 2.498672009531696658e-01 -3.272126260830651723e-01
1.466666666666666563e+00 2.540912912030841020e-01 -1.718503330290593878e-01
1.483333333333333393e+00 2.555955453874716454e-01 -1.295188577071948455e-02
1.500000000000000000e+00 2.545230207287747515e-01 1.289745315621321220e-01
1.516666666666666607e+00 2.512963943354005747e-01 2.415679731419975718e-01
1.533333333333333215e+00 2.464707549573748324e-01 3.087598827809903690e-01
1.550000000000000044e+00 2.410043982427008957e-01 3.440269547060401112e-01
1.566666666666666652e+00 2.350031898005068287e-01 3.762976111299104476e-01
1.583333333333333259e+00 2.284611445383705475e-01 4.065432239317773311e-01
1.600000000000000089e+00 2.214517490027809177e-01 4.264264427841779614e-01
1.616666666666666696e+00 2.142469297788979488e-01 4.348343847373531412e-01
1.633333333333333304e+00 2.069572695115358130e-01 4.422762191025969569e-01
1.649999999999999911e+00 1.995043891421447169e-01 4.597606148118621450e-01
1.666666666666666741e+00 1.916319156844737415e-01 4.895232837117663438e-01
1.683333333333333348e+00 1.831869463517525054e-01 5.179492212943601626e-01
1.699999999999999956e+00 1.743669416413284046e-01 5.324069683858739799e-01
1.716666666666666563e+00 1.654400474055567061e-01 5.419175261124001830e-01
1.733333333333333393e+00 1.563030241042484003e-01 5.585317494022166152e-01
1.750000000000000000e+00 1.468223224254828208e-01 5.846338224170449793e-01
1.766666666666666607e+00 1.368152300236802343e-01 6.135828370284183153e-01
1.783333333333333215e+00 1.263695611912022121e-01 6.330505568488163926e-01
1.800000000000000044e+00 1.157135447953863555e-01 6.377910144368669210e-01
1.816666666666666652e+00 1.051098607099733157e-01 6.241699192412915043e-01
1.833333333333333259e+00 9.490788082067663778e-02 5.987258327260248647e-01
1.849999999999999867e+00 8.515233295243915257e-02 5.783068290008955836e-01
1.866666666666666696e+00 7.563098652064678684e-02 5.725338604092629069e-01
1.883333333333333304e+00 6.606787093879705475e-02 5.788103342029322640e-01
1.899999999999999911e+00 5.633730871388237943e-02 5.880345780387618015e-01
1.916666666666666741e+00 4.646671833750499331e-02 5.913759627706886013e-01
1.933333333333333348e+00 3.662477662152609226e-02 1.059800685102637141e+00
1.949999999999999956e+00 1.114002883408375666e-02 1.060693454036033767e+00
1.966666666666666563e+00 1.268328153658299182e-03 3.310613074288680791e-01
1.983333333333333393e+00 1.046519197881537748e-04 3.804984460974897287e-02
2.000000000000000000e+00 0.000000000000000000e+00 6.279115187289226706e-03
