0.000000000000000000e+00 3.339442904705037449e+02 6.737292681276039730e+02
1.666666666666666644e-02 3.227154693350436787e+02 6.737292681276022677e+02
3.333333333333333287e-02 3.114866481995836693e+02 6.737292681276022677e+02
5.000000000000000278e-02 3.002578270641236031e+02 6.737292681276039730e+02
6.666666666666666574e-02 2.890290059286635369e+02 6.737292681276039730e+02
8.333333333333332871e-02 2.778001847932034707e+02 6.737292681276039730e+02
1.000000000000000056e-01 2.665713636577434045e+02 6.737292681276039730e+02
1.166666666666666685e-01 2.553425425222833383e+02 6.737292681276048825e+02
1.333333333333333315e-01 2.441137213868232436e+02 6.737292681276031772e+02
1.499999999999999944e-01 2.328849002513632342e+02 6.737292681276031772e+02
1.666666666666666574e-01 2.216560791159031396e+02 6.737292681276039730e+02
1.833333333333333204e-01 2.104272579804431018e+02 6.737292681276039730e+02
2.000000000000000111e-01 1.991984368449830072e+02 6.737292681276048825e+02
2.166666666666666741e-01 1.879696157095229410e+02 6.737292681276039730e+02
2.333333333333333370e-01 1.767407945740628747e+02 6.737292681276031772e+02
2.500000000000000000e-01 1.655119734386028369e+02 6.737292681276031772e+02
2.666666666666666630e-01 1.542831523031427707e+02 6.737292681276039730e+02
2.833333333333333259e-01 1.430543311676827045e+02 6.737292681276031772e+02
2.999999999999999889e-01 1.318255100322226667e+02 6.737292681276035182e+02
3.166666666666666519e-01 1.205966888967625863e+02 6.737292681276039730e+02
3.333333333333333148e-01 1.093678677613025343e+02 6.737292681276035182e+02
3.499999999999999778e-01 9.813904662584246807e+01 6.737292681276035182e+02
3.666666666666666408e-01 8.691022549038241607e+01 6.737292681276035182e+02
3.833333333333333037e-01 7.568140435492234985e+01 6.737292681276048825e+02
4.000000000000000222e-01 6.445258321946225522e+01 6.737292681276048825e+02
4.166666666666666852e-01 5.322376208400218900e+01 6.737292681276035182e+02
4.333333333333333481e-01 4.199494094854213699e+01 6.737292681276034045e+02
4.500000000000000111e-01 3.076611981308207433e+01 6.737292681276036319e+02
4.666666666666666741e-01 1.953729867762201522e+01 5.050835560072649173e+02
4.833333333333333370e-01 1.393000127950657685e+01 2.784900680517677074e+02
5.000000000000000000e-01 1.025429640922975771e+01 1.914052697806187666e+02
5.166666666666666075e-01 7.549825620152618377e+00 1.455011331910356205e+02
5.333333333333333259e-01 5.404258636195237386e+00 1.177132268458155977e+02
5.500000000000000444e-01 3.626051391958765358e+00 9.815447346697837361e+01
5.666666666666666519e-01 2.132442853962624785e+00 8.298105931050017148e+01
5.833333333333333703e-01 8.600160816087595306e-01 7.100262722970575169e+01
5.999999999999999778e-01 -2.343113870275666255e-01 6.097634496973283547e+01
6.166666666666666963e-01 -1.172528750715668089e+00 5.115832049039806151e+01
6.333333333333333037e-01 -1.939588736707501981e+00 4.052583650002132742e+01
6.500000000000000222e-01 -2.523389967383045551e+00 2.927684421983116891e+01
6.666666666666666297e-01 -2.915483544035207597e+00 1.826852069696228043e+01
6.833333333333333481e-01 -3.132340657281788232e+00 8.314213790651425739e+00
6.999999999999999556e-01 -3.192624003723588455e+00 -3.591422551717426970e-01
7.166666666666666741e-01 -3.120369248776063476e+00 -7.713789506053649880e+00
7.333333333333332815e-01 -2.935497686855133459e+00 -1.345820857044794927e+01
7.500000000000000000e-01 -2.671762296427798500e+00 -1.692846119059443666e+01
7.666666666666666075e-01 -2.371215647168652296e+00 -1.725843519172384788e+01
7.833333333333333259e-01 -2.096481123370336874e+00 -1.409326607294740796e+01
8.000000000000000444e-01 -1.901440111403738698e+00 -7.915931867593997140e+00
8.166666666666666519e-01 -1.832616727783870303e+00 -5.339503036184911622e-01
8.333333333333333703e-01 -1.883641767949788992e+00 5.272050652418118766e+00
8.499999999999999778e-01 -2.008351749531140928e+00 7.824772550785534797e+00
8.666666666666666963e-01 -2.144467519642640152e+00 7.483209766849019395e+00
8.833333333333333037e-01 -2.257792075092774908e+00 5.971981851890579840e+00
9.000000000000000222e-01 -2.343533581372326147e+00 4.612343119711002082e+00
9.166666666666666297e-01 -2.411536845749808311e+00 3.490391682926641259e+00
9.333333333333333481e-01 -2.459879970803214189e+00 1.837694275093806340e+00
9.499999999999999556e-01 -2.472793321586268522e+00 -8.882993292592278323e-01
9.666666666666666741e-01 -2.430269993161239928e+00 -4.516763969491357500e+00
9.833333333333332815e-01 -2.322234522603223272e+00 -8.396303883631173193e+00
1.000000000000000000e+00 -2.150393197040200821e+00 -1.163298718094639916e+01
1.016666666666666607e+00 -1.934468283238343300e+00 -1.372777853303558615e+01
1.033333333333333215e+00 -1.692800579272347949e+00 -1.490237619078040510e+01
1.050000000000000044e+00 -1.437722410212329827e+00 -1.534676064769166892e+01
1.066666666666666652e+00 -1.181241891015959000e+00 -1.505787186738137429e+01
1.083333333333333259e+00 -9.357933479662839948e-01 -1.384766055710323585e+01
1.100000000000000089e+00 -7.196532057791844572e-01 -1.161968260998191127e+01
1.116666666666666696e+00 -5.484705943002202710e-01 -8.459619712463009478e+00
1.133333333333333304e+00 -4.376658820304174524e-01 -4.586115872464599619e+00
1.149999999999999911e+00 -3.956000652180669541e-01 -5.737129972012866563e-01
1.166666666666666741e+00 -4.185421154570412305e-01 2.691899240300620999e+00
1.183333333333333348e+00 -4.853300398947543171e-01 4.767039928661844783e+00
1.199999999999999956e+00 -5.774434464124360566e-01 5.811459421849080265e+00
1.216666666666666563e+00 -6.790453539563903185e-01 6.295533352204234490e+00
1.233333333333333393e+00 -7.872945581525772063e-01 6.486661247517567119e+00
1.250000000000000000e+00 -8.952673955403092076e-01 6.172029727526103571e+00
1.266666666666666607e+00 -9.930288824034473327e-01 5.212559551073055353e+00
1.283333333333333215e+00 -1.069019380576077705e+00 4.017754798863358623e+00
1.300000000000000044e+00 -1.126954042365559294e+00 3.034192457198310322e+00
1.316666666666666652e+00 -1.170159129149354715e+00 2.194589978195782276e+00
1.333333333333333259e+00 -1.200107041638752037e+00 1.320027939224088787e+00
1.350000000000000089e+00 -1.214160060456824342e+00 4.404970149888232100e-01
1.366666666666666696e+00 -1.214790275471712810e+00 -3.524650555690356235e-01
1.383333333333333304e+00 -1.202411225271189821e+00 -1.098561230764194541e+00
1.399999999999999911e+00 -1.178171567779572992e+00 -1.794654724104480792e+00
1.416666666666666741e+00 -1.142589401134373794e+00 -2.470224395836420062e+00
1.433333333333333348e+00 -1.095830754585025657e+00 -3.072295387604790928e+00
1.449999999999999956e+00 -1.040179554880880763e+00 -3.646140354343885281e+00
1.466666666666666563e+00 -9.742927427735628143e-01 -4.287334832188163247e+00
1.483333333333333393e+00 -8.972683938079419885e-01 -4.861178351705461864e+00
1.500000000000000000e+00 -8.122534643833807522e-01 -4.965787637452699244e+00
1.516666666666666607e+00 -7.317421392261853619e-01 -4.364771673939833896e+00
1.533333333333333215e+00 -6.667610752520529704e-01 -3.420292853774586916e+00
1.550000000000000044e+00 -6.177323774336991313e-01 -2.568658372845991078e+00
1.566666666666666652e+00 -5.811391294905199345e-01 -1.963215266958192595e+00
1.583333333333333259e+00 -5.522918685350927115e-01 -1.666534808464790185e+00
1.600000000000000089e+00 -5.255879692083602617e-01 -1.771992355655224172e+00
1.616666666666666696e+00 -4.932254566799185724e-01 -2.155550403657899849e+00
1.633333333333333304e+00 -4.537362890864302667e-01 -2.567167717904621504e+00
1.649999999999999911e+00 -4.076531994164311890e-01 -2.829041377897856258e+00
1.666666666666666741e+00 -3.594349098231683914e-01 -2.946231521050789670e+00
1.683333333333333348e+00 -3.094454820480715407e-01 -2.937131001128359564e+00
1.699999999999999956e+00 -2.615305431188897356e-01 -2.855195745066112956e+00
1.716666666666666563e+00 -2.142722905458677718e-01 -2.722205731309667254e+00
1.733333333333333393e+00 -1.707903520752341586e-01 -2.574151869056437558e+00
1.750000000000000000e+00 -1.284672282439865143e-01 -2.442728728336838628e+00
1.766666666666666607e+00 -8.936606113067287194e-02 -2.325829082553360294e+00
1.783333333333333215e+00 -5.093959215887450265e-02 -2.123371274487722449e+00
1.800000000000000044e+00 -1.858701864774879239e-02 -1.890521590980678290e+00
1.816666666666666652e+00 1.207779420714811223e-02 -1.754008088145634581e+00
1.833333333333333259e+00 3.987991762377235405e-02 -1.623494909539205500e+00
1.849999999999999867e+00 6.619429119178829590e-02 -1.416967480051862349e+00
1.866666666666666696e+00 8.711216695883443328e-02 -1.069898377871991269e+00
1.883333333333333304e+00 1.018575704541880012e-01 -5.640022464527808532e-01
1.899999999999999911e+00 1.059122418405937932e-01 9.482312105145371262e-02
1.916666666666666741e+00 9.869679975247287740e-02 7.222595966506861753e-01
1.933333333333333348e+00 8.183692195223758736e-02 2.193989621923937428e+00
1.949999999999999956e+00 2.556381235500829185e-02 2.356112650011704446e+00
1.966666666666666563e+00 3.299833618514108700e-03 7.584371879957716445e-01
1.983333333333333393e+00 2.825727551492374979e-04 9.899500855542325839e-02
2.000000000000000000e+00 0.000000000000000000e+00 1.695436530895425009e-02
