0.000000000000000000e+00 3.731315824592816170e+02 6.166808258984838176e+02
1.666666666666666644e-02 3.628535686943068868e+02 6.166808258984804070e+02
3.333333333333333287e-02 3.525755549293322701e+02 6.166808258984804070e+02
5.000000000000000278e-02 3.422975411643575399e+02 6.166808258984804070e+02
6.666666666666666574e-02 3.320195273993829232e+02 6.166808258984787017e+02
8.333333333333332871e-02 3.217415136344082498e+02 6.166808258984804070e+02
1.000000000000000056e-01 3.114634998694335764e+02 6.166808258984821123e+02
1.166666666666666685e-01 3.011854861044588461e+02 6.166808258984804070e+02
1.333333333333333315e-01 2.909074723394842295e+02 6.166808258984804070e+02
1.499999999999999944e-01 2.806294585745094992e+02 6.166808258984821123e+02
1.666666666666666574e-01 2.703514448095348257e+02 6.166808258984804070e+02
1.833333333333333204e-01 2.600734310445601523e+02 6.166808258984804070e+02
2.000000000000000111e-01 2.497954172795854788e+02 6.166808258984804070e+02
2.166666666666666741e-01 2.395174035146108054e+02 6.166808258984804070e+02
2.333333333333333370e-01 2.292393897496361319e+02 6.166808258984804070e+02
2.500000000000000000e-01 2.189613759846614585e+02 6.166808258984804070e+02
2.666666666666666630e-01 2.086833622196867850e+02 6.166808258984804070e+02
2.833333333333333259e-01 1.984053484547121116e+02 6.166808258984804070e+02
2.999999999999999889e-01 1.881273346897374381e+02 6.166808258984804070e+02
3.166666666666666519e-01 1.778493209247627647e+02 6.166808258984804070e+02
3.333333333333333148e-01 1.675713071597880912e+02 6.166808258984804070e+02
3.499999999999999778e-01 1.572932933948134178e+02 6.166808258984804070e+02
3.666666666666666408e-01 1.470152796298387443e+02 6.166808258984804070e+02
3.833333333333333037e-01 1.367372658648640709e+02 6.166808258984813165e+02
4.000000000000000222e-01 1.264592520998893690e+02 6.166808258984813165e+02
4.166666666666666852e-01 1.161812383349146955e+02 6.166808258984804070e+02
4.333333333333333481e-01 1.059032245699400221e+02 6.166808258984804070e+02
4.500000000000000111e-01 9.562521080496534864e+01 6.166808258984804070e+02
4.666666666666666741e-01 8.534719703999067519e+01 6.166808258984804070e+02
4.833333333333333370e-01 7.506918327501600174e+01 6.166808258984804070e+02
5.000000000000000000e-01 6.479116951004132829e+01 6.166808258984796112e+02
5.166666666666666075e-01 5.451315574506668327e+01 6.166808258984804070e+02
5.333333333333333259e-01 4.423514198009198140e+01 6.166808258984823397e+02
5.500000000000000444e-01 3.395712821511727242e+01 6.166808258984804070e+02
5.666666666666666519e-01 2.367911445014263450e+01 4.785501814028954186e+02
5.833333333333333703e-01 1.800545550168742537e+01 2.942028951003436532e+02
5.999999999999999778e-01 1.387235128013117880e+01 2.223917983009331749e+02
6.166666666666666963e-01 1.059239555832298585e+01 1.793151686140000152e+02
6.333333333333333037e-01 7.895178992997845313e+00 1.487369414127219898e+02
6.500000000000000222e-01 5.634497511232252620e+00 1.251345907612562911e+02
6.666666666666666297e-01 3.724025967622635491e+00 1.061308161032033581e+02
6.833333333333333481e-01 2.096803641125474016e+00 9.068262320475285776e+01
6.999999999999999556e-01 7.012718607975403362e-01 7.764046346911146657e+01
7.166666666666666741e-01 -4.912118078449083658e-01 6.580238978240546999e+01
7.333333333333332815e-01 -1.492141131949308752e+00 5.437417847072124033e+01
7.500000000000000000e-01 -2.303684423535616421e+00 4.298294559630512879e+01
7.666666666666666075e-01 -2.924905985159479638e+00 3.163768227585769210e+01
7.833333333333333259e-01 -3.358273832730872765e+00 2.081167477873502847e+01
8.000000000000000444e-01 -3.618628477783980557e+00 1.128871687357926845e+01
8.166666666666666519e-01 -3.734564395183515018e+00 3.902450656742106894e+00
8.333333333333333703e-01 -3.748710166342050787e+00 -9.029794266070378939e-01
8.499999999999999778e-01 -3.704465080963280421e+00 -3.289690449281339468e+00
8.666666666666666963e-01 -3.639053818032672805e+00 -3.966235130554149890e+00
8.833333333333333037e-01 -3.572257243278142091e+00 -3.885618790624931762e+00
9.000000000000000222e-01 -3.509533191678508413e+00 -3.846677283659944990e+00
9.166666666666666297e-01 -3.444034667156143925e+00 -4.208331837259180475e+00
9.333333333333333481e-01 -3.369255463769869063e+00 -5.036537234355127346e+00
9.499999999999999556e-01 -3.276150092677639680e+00 -6.096858623325913662e+00
9.666666666666666741e-01 -3.166026842992338608e+00 -6.839690507368683114e+00
9.833333333333332815e-01 -3.048160409098683576e+00 -6.829071693844674940e+00
1.000000000000000000e+00 -2.938391119864182777e+00 -5.967574559795516542e+00
1.016666666666666607e+00 -2.849241257105499692e+00 -4.263190578360203098e+00
1.033333333333333215e+00 -2.796284767252176007e+00 -1.780004441651930058e+00
1.050000000000000044e+00 -2.789907775717102023e+00 1.018785982150292035e+00
1.066666666666666652e+00 -2.830244299990519075e+00 3.209422334763720741e+00
1.083333333333333259e+00 -2.896888520209226048e+00 3.842925930722391747e+00
1.100000000000000089e+00 -2.958341831014598799e+00 2.664936336242380577e+00
1.116666666666666696e+00 -2.985719731417305400e+00 5.066534364930319612e-03
1.133333333333333304e+00 -2.958510715493429810e+00 -3.764184185917183179e+00
1.149999999999999911e+00 -2.860246925220065961e+00 -8.132161869120650977e+00
1.166666666666666741e+00 -2.687438653189408111e+00 -1.215657649682579056e+01
1.183333333333333348e+00 -2.455027708659206276e+00 -1.491389698192768343e+01
1.199999999999999956e+00 -2.190308753791818663e+00 -1.612702954458817217e+01
1.216666666666666563e+00 -1.917460057172933885e+00 -1.613948917149302176e+01
1.233333333333333393e+00 -1.652325781408717997e+00 -1.547572976102856046e+01
1.250000000000000000e+00 -1.401602398471981870e+00 -1.442058679064449933e+01
1.266666666666666607e+00 -1.171639555053901383e+00 -1.301847369309448155e+01
1.283333333333333215e+00 -9.676532753688324995e-01 -1.120421271077985459e+01
1.300000000000000044e+00 -7.981657980279062148e-01 -8.870948066313600222e+00
1.316666666666666652e+00 -6.719550064917124699e-01 -6.160945354498797322e+00
1.333333333333333259e+00 -5.928009528779463189e-01 -3.533727622126837886e+00
1.350000000000000089e+00 -5.541640857541512144e-01 -1.609240433330118014e+00
1.366666666666666696e+00 -5.391596051002757184e-01 -6.295716479985280500e-01
1.383333333333333304e+00 -5.331783641542002794e-01 -2.513240284441120576e-01
1.399999999999999911e+00 -5.307821374854719831e-01 9.177269814368615997e-02
1.416666666666666741e+00 -5.362374540923231514e-01 7.336530213290837210e-01
1.433333333333333348e+00 -5.552372381964414405e-01 1.641789853200723570e+00
1.449999999999999956e+00 -5.909637825323472704e-01 2.574764519053217793e+00
1.466666666666666563e+00 -6.410627221648820262e-01 3.280189899629783135e+00
1.483333333333333393e+00 -7.003034458533400342e-01 3.496167153643278347e+00
1.500000000000000000e+00 -7.576016272863246304e-01 3.174684323976775246e+00
1.516666666666666607e+00 -8.061262566525658757e-01 2.442009097692127373e+00
1.533333333333333215e+00 -8.390019305427288687e-01 1.482667833017816683e+00
1.550000000000000044e+00 -8.555485177531597651e-01 4.693920655521521823e-01
1.566666666666666652e+00 -8.546483327278006081e-01 -4.961346978000724661e-01
1.583333333333333259e+00 -8.390106944931573496e-01 -1.186493478697774329e+00
1.600000000000000089e+00 -8.150985501045414638e-01 -1.513714006773625442e+00
1.616666666666666696e+00 -7.885535609340365015e-01 -1.657115019508131892e+00
1.633333333333333304e+00 -7.598613827876037341e-01 -1.882068333709666641e+00
1.649999999999999911e+00 -7.258179498103809468e-01 -2.264466529295312558e+00
1.666666666666666741e+00 -6.843791651444266488e-01 -2.755575365916617336e+00
1.683333333333333348e+00 -6.339654376131603764e-01 -3.316218019751030699e+00
1.699999999999999956e+00 -5.738385644860589663e-01 -3.839301298523284611e+00
1.716666666666666563e+00 -5.059887276623842300e-01 -4.111890101358256722e+00
1.733333333333333393e+00 -4.367755611074504163e-01 -3.966174149038159680e+00
1.750000000000000000e+00 -3.737829226944455741e-01 -3.370288989846881300e+00
1.766666666666666607e+00 -3.244325947792210396e-01 -2.535904237464472466e+00
1.783333333333333215e+00 -2.892527814456298252e-01 -1.668872149402970129e+00
1.800000000000000044e+00 -2.688035231324553687e-01 -1.142108412223844072e+00
1.816666666666666652e+00 -2.511825010381683598e-01 -1.218119640171672957e+00
1.833333333333333259e+00 -2.281995351267329386e-01 -1.613258733892177554e+00
1.849999999999999867e+00 -1.974072099084291099e-01 -2.092241693825164894e+00
1.866666666666666696e+00 -1.584581453325607792e-01 -2.472949126492914651e+00
1.883333333333333304e+00 -1.149755723586652900e-01 -2.598142054987060412e+00
1.899999999999999911e+00 -7.185341016632543210e-02 -2.447283535503387508e+00
1.916666666666666741e+00 -3.339945450855237585e-02 -2.016634031294972651e+00
1.933333333333333348e+00 -4.632275789826349223e-03 -1.326220348493517776e+00
1.949999999999999956e+00 1.080789044123155532e-02 -1.985518441638346177e-01
1.966666666666666563e+00 1.986119015634804381e-03 3.191603872834707922e-01
1.983333333333333393e+00 1.692108651158615040e-04 5.958357046904413229e-02
2.000000000000000000e+00 0.000000000000000000e+00 1.015265190695169122e-02
