0.000000000000000000e+00 1.178232628673339804e+02 1.914081245200944181e+02
1.666666666666666644e-02 1.146331274586657401e+02 1.914081245200939918e+02
3.333333333333333287e-02 1.114429920499975140e+02 1.914081245200944181e+02
5.000000000000000278e-02 1.082528566413292594e+02 1.914081245200944181e+02
6.666666666666666574e-02 1.050627212326610334e+02 1.914081245200939918e+02
8.333333333333332871e-02 1.018725858239927931e+02 1.914081245200944181e+02
1.000000000000000056e-01 9.868245041532455275e+01 1.914081245200944181e+02
1.166666666666666685e-01 9.549231500665631245e+01 1.914081245200939918e+02
1.333333333333333315e-01 9.230217959798808636e+01 1.914081245200939918e+02
1.499999999999999944e-01 8.911204418931984605e+01 1.914081245200944181e+02
1.666666666666666574e-01 8.592190878065160575e+01 1.914081245200944181e+02
1.833333333333333204e-01 8.273177337198336545e+01 1.914081245200944181e+02
2.000000000000000111e-01 7.954163796331512515e+01 1.914081245200939918e+02
2.166666666666666741e-01 7.635150255464689906e+01 1.914081245200939918e+02
2.333333333333333370e-01 7.316136714597865875e+01 1.914081245200944181e+02
2.500000000000000000e-01 6.997123173731041845e+01 1.914081245200944181e+02
2.666666666666666630e-01 6.678109632864217815e+01 1.914081245200944181e+02
2.833333333333333259e-01 6.359096091997393785e+01 1.914081245200942192e+02
2.999999999999999889e-01 6.040082551130570465e+01 1.914081245200942192e+02
3.166666666666666519e-01 5.721069010263746435e+01 1.914081245200944181e+02
3.333333333333333148e-01 5.402055469396922405e+01 1.914081245200942192e+02
3.499999999999999778e-01 5.083041928530099085e+01 1.914081245200942192e+02
3.666666666666666408e-01 4.764028387663275055e+01 1.914081245200942192e+02
3.833333333333333037e-01 4.445014846796451735e+01 1.914081245200944181e+02
4.000000000000000222e-01 4.126001305929626994e+01 1.914081245200944181e+02
4.166666666666666852e-01 3.806987765062803675e+01 1.914081245200942192e+02
4.333333333333333481e-01 3.487974224195979644e+01 1.914081245200942192e+02
4.500000000000000111e-01 3.168960683329156325e+01 1.914081245200942192e+02
4.666666666666666741e-01 2.849947142462332295e+01 1.914081245200942192e+02
4.833333333333333370e-01 2.530933601595508975e+01 1.914081245200942192e+02
5.000000000000000000e-01 2.211920060728684945e+01 1.914081245200939918e+02
5.166666666666666075e-01 1.892906519861862336e+01 1.914081245200941623e+02
5.333333333333333259e-01 1.573892978995037772e+01 1.914081245200947876e+02
5.500000000000000444e-01 1.254879438128213032e+01 1.914081245200942192e+02
5.666666666666666519e-01 9.358658972613904226e+00 1.914081245200942192e+02
5.833333333333333703e-01 6.168523563945656818e+00 1.607450117633869695e+02
5.999999999999999778e-01 4.000491913834338220e+00 1.145283687098853136e+02
6.166666666666666963e-01 2.350911273616146602e+00 8.866146437705282324e+01
6.333333333333333037e-01 1.045109767932577594e+00 7.079852881915822138e+01
6.500000000000000222e-01 -9.039687022460739241e-03 5.734893184299312452e+01
6.666666666666666297e-01 -8.665212935005266459e-01 4.660983517981637192e+01
6.833333333333333481e-01 -1.562700859683006316e+00 3.754346104613733814e+01
6.999999999999999556e-01 -2.117969995038437858e+00 2.960529863775948556e+01
7.166666666666666741e-01 -2.549544147608322486e+00 2.258971876346856789e+01
7.333333333333332815e-01 -2.870960620487390091e+00 1.644908270170652997e+01
7.500000000000000000e-01 -3.097846904331873485e+00 1.116944907026553579e+01
7.666666666666666075e-01 -3.243275589496241285e+00 6.674295905380276395e+00
7.833333333333333259e-01 -3.320323434511216032e+00 2.838360088969862360e+00
8.000000000000000444e-01 -3.337887592461903363e+00 -5.012167429661396056e-01
8.166666666666666519e-01 -3.303616209745678045e+00 -3.420905430673499836e+00
8.333333333333333703e-01 -3.223857411439453369e+00 -5.836568619442514816e+00
8.499999999999999778e-01 -3.109063922430927551e+00 -7.570628331583515447e+00
8.666666666666666963e-01 -2.971503133720002854e+00 -8.668758474483878373e+00
8.833333333333333037e-01 -2.820105306614798302e+00 -9.301394685454727806e+00
9.000000000000000222e-01 -2.661456644204845290e+00 -9.583659375852123574e+00
9.166666666666666297e-01 -2.500649994086394212e+00 -9.545877730956178198e+00
9.333333333333333481e-01 -2.343260719839639350e+00 -9.261769474272499636e+00
9.499999999999999556e-01 -2.191924344943977587e+00 -8.833848247418538691e+00
9.666666666666666741e-01 -2.048799111592354727e+00 -8.445367297050177413e+00
9.833333333333332815e-01 -1.910412101708971688e+00 -8.289749323099655953e+00
1.000000000000000000e+00 -1.772474134155699543e+00 -8.399910605625125370e+00
1.016666666666666607e+00 -1.630415081521467524e+00 -8.605697367294188993e+00
1.033333333333333215e+00 -1.485617555245893229e+00 -8.614442328513094438e+00
1.050000000000000044e+00 -1.343267003904364376e+00 -8.175507676338387597e+00
1.066666666666666652e+00 -1.213100632701280324e+00 -7.270583876915548416e+00
1.083333333333333259e+00 -1.100914208007179429e+00 -6.169383861120096846e+00
1.100000000000000089e+00 -1.007454503997277095e+00 -5.180017262524075683e+00
1.116666666666666696e+00 -9.282469659230435655e-01 -4.496402577165538261e+00
1.133333333333333304e+00 -8.575744180917591608e-01 -4.156564744236210807e+00
1.149999999999999911e+00 -7.896948077818365386e-01 -4.014162590066241876e+00
1.166666666666666741e+00 -7.237689984228844464e-01 -3.798091530844448727e+00
1.183333333333333348e+00 -6.630917567536882551e-01 -3.350522419313493039e+00
1.199999999999999956e+00 -6.120849177791013451e-01 -2.703698644257598538e+00
1.216666666666666563e+00 -5.729684686117683112e-01 -1.980395899551327110e+00
1.233333333333333393e+00 -5.460717211273904415e-01 -1.305656119145240934e+00
1.250000000000000000e+00 -5.294465979735936134e-01 -7.866918041934578554e-01
1.266666666666666607e+00 -5.198486609876085129e-01 -4.409391111460758683e-01
1.283333333333333215e+00 -5.147486276020577511e-01 -2.311105173153704673e-01
1.300000000000000044e+00 -5.121449770770961640e-01 -1.429222752254877271e-01
1.316666666666666652e+00 -5.099845517612081602e-01 -1.790563853388416060e-01
1.333333333333333259e+00 -5.061764308991347772e-01 -3.026579750417712766e-01
1.350000000000000089e+00 -4.998959525931491177e-01 -4.514056093131685321e-01
1.366666666666666696e+00 -4.911295772553624928e-01 -6.063896185174422193e-01
1.383333333333333304e+00 -4.796829653092343770e-01 -7.609711133628005442e-01
1.399999999999999911e+00 -4.657638734766024746e-01 -8.539698163920944607e-01
1.416666666666666741e+00 -4.512173047628312283e-01 -8.290885388523999699e-01
1.433333333333333348e+00 -4.381275888481891423e-01 -7.124252767193200997e-01
1.449999999999999956e+00 -4.274697955388538917e-01 -5.866691244642668890e-01
1.466666666666666563e+00 -4.185719513660469127e-01 -5.626011106084738422e-01
1.483333333333333393e+00 -4.087164251852380970e-01 -6.900513321749679463e-01
1.500000000000000000e+00 -3.955702402935479811e-01 -9.064860702954885552e-01
1.516666666666666607e+00 -3.785002228420551451e-01 -1.109038707781186517e+00
1.533333333333333215e+00 -3.586022833675084343e-01 -1.240322181721354999e+00
1.550000000000000044e+00 -3.371561501180099785e-01 -1.288495699287135476e+00
1.566666666666666652e+00 -3.156524267246039184e-01 -1.264195806048897364e+00
1.583333333333333259e+00 -2.950162899163800700e-01 -1.217461050897032937e+00
1.600000000000000089e+00 -2.750703916947028205e-01 -1.208243917941310253e+00
1.616666666666666696e+00 -2.547414926516697320e-01 -1.244759068250146150e+00
1.633333333333333304e+00 -2.335784227530312840e-01 -1.277467313852496344e+00
1.649999999999999911e+00 -2.121592488565865187e-01 -1.261630401168073679e+00
1.666666666666666741e+00 -1.915240760474288262e-01 -1.199759187580972997e+00
1.683333333333333348e+00 -1.721672759372207540e-01 -1.119107853375552297e+00
1.699999999999999956e+00 -1.542204809349104200e-01 -1.034030838038414668e+00
1.716666666666666563e+00 -1.376995813359402632e-01 -9.454415479862653404e-01
1.733333333333333393e+00 -1.227057626687015762e-01 -8.499743516555905432e-01
1.750000000000000000e+00 -1.093671029474205803e-01 -7.524764906079085547e-01
1.766666666666666607e+00 -9.762321298177129014e-02 -6.677694683776547180e-01
1.783333333333333215e+00 -8.710812066816542298e-02 -6.021341093023594437e-01
1.800000000000000044e+00 -7.755207600502597720e-02 -5.529396247022853039e-01
1.816666666666666652e+00 -6.867679984475591470e-02 -5.167711987815403196e-01
1.833333333333333259e+00 -6.032636937897463414e-02 -4.915361509393734729e-01
1.849999999999999867e+00 -5.229226148011013181e-02 -4.685611462889290868e-01
1.866666666666666696e+00 -4.470766450267699837e-02 -4.389798186736063590e-01
1.883333333333333304e+00 -3.765960085765658605e-02 -4.081736202734071450e-01
1.899999999999999911e+00 -3.110187716023009308e-02 -3.821191904808435846e-01
1.916666666666666741e+00 -2.492229450829513276e-02 -3.594098550018154925e-01
1.933333333333333348e+00 -1.912154866016957735e-02 -5.666230672172329896e-01
1.949999999999999956e+00 -6.034858934387367542e-03 -5.494707161478229462e-01
1.966666666666666563e+00 -8.058581219088131308e-04 -1.791253403141472023e-01
1.983333333333333393e+00 -6.401425724912797896e-05 -2.417574365726439523e-02
2.000000000000000000e+00 0.000000000000000000e+00 -3.840855434947678792e-03
