0.000000000000000000e+00 3.572355503807568766e+02 5.464196629783509707e+02
1.666666666666666644e-02 3.481285559977843604e+02 5.464196629783475601e+02
3.333333333333333287e-02 3.390215616148119580e+02 5.464196629783475601e+02
5.000000000000000278e-02 3.299145672318394418e+02 5.464196629783492654e+02
6.666666666666666574e-02 3.208075728488669824e+02 5.464196629783492654e+02
8.333333333333332871e-02 3.117005784658944663e+02 5.464196629783492654e+02
1.000000000000000056e-01 3.025935840829220069e+02 5.464196629783492654e+02
1.166666666666666685e-01 2.934865896999494908e+02 5.464196629783492654e+02
1.333333333333333315e-01 2.843795953169770314e+02 5.464196629783492654e+02
1.499999999999999944e-01 2.752726009340045152e+02 5.464196629783475601e+02
1.666666666666666574e-01 2.661656065510321127e+02 5.464196629783475601e+02
1.833333333333333204e-01 2.570586121680595966e+02 5.464196629783501749e+02
2.000000000000000111e-01 2.479516177850871088e+02 5.464196629783484696e+02
2.166666666666666741e-01 2.388446234021146495e+02 5.464196629783484696e+02
2.333333333333333370e-01 2.297376290191421617e+02 5.464196629783492654e+02
2.500000000000000000e-01 2.206306346361696740e+02 5.464196629783484696e+02
2.666666666666666630e-01 2.115236402531972146e+02 5.464196629783484696e+02
2.833333333333333259e-01 2.024166458702247269e+02 5.464196629783492654e+02
2.999999999999999889e-01 1.933096514872522391e+02 5.464196629783484696e+02
3.166666666666666519e-01 1.842026571042797798e+02 5.464196629783484696e+02
3.333333333333333148e-01 1.750956627213072920e+02 5.464196629783492654e+02
3.499999999999999778e-01 1.659886683383348043e+02 5.464196629783492654e+02
3.666666666666666408e-01 1.568816739553623165e+02 5.464196629783484696e+02
3.833333333333333037e-01 1.477746795723898572e+02 5.464196629783492654e+02
4.000000000000000222e-01 1.386676851894173410e+02 5.464196629783501749e+02
4.166666666666666852e-01 1.295606908064448533e+02 5.464196629783484696e+02
4.333333333333333481e-01 1.204536964234723939e+02 5.464196629783484696e+02
4.500000000000000111e-01 1.113467020404999062e+02 5.464196629783488106e+02
4.666666666666666741e-01 1.022397076575274326e+02 5.464196629783484696e+02
4.833333333333333370e-01 9.313271327455495907e+01 5.464196629783488106e+02
5.000000000000000000e-01 8.402571889158247131e+01 5.464196629783480148e+02
5.166666666666666075e-01 7.491872450861002619e+01 5.464196629783484696e+02
5.333333333333333259e-01 6.581173012563752422e+01 5.464196629783505159e+02
5.500000000000000444e-01 5.670473574266500805e+01 5.464196629783488106e+02
5.666666666666666519e-01 4.759774135969256292e+01 5.464196629783485832e+02
5.833333333333333703e-01 3.849074697672005385e+01 5.464196629783486969e+02
5.999999999999999778e-01 2.938375259374760518e+01 4.634325002574107089e+02
6.166666666666666963e-01 2.304299696813969689e+01 3.450461991686404417e+02
6.333333333333333037e-01 1.788221262145959045e+01 2.828031136758437469e+02
6.500000000000000222e-01 1.361622651227823866e+01 2.341126440735017979e+02
6.666666666666666297e-01 1.007845781900953064e+01 1.941129614651886186e+02
6.833333333333333481e-01 7.145794463438617683e+00 1.606966671528242045e+02
6.999999999999999556e-01 4.721902247248723761e+00 1.324799288728788724e+02
7.166666666666666741e-01 2.729796834342655298e+00 1.084546611683842912e+02
7.333333333333332815e-01 1.106746874969247285e+00 8.793797987219700474e+01
7.500000000000000000e-01 -2.014691613972448558e-01 7.039228136129101188e+01
7.666666666666666075e-01 -1.239662503740453170e+00 5.543909164430057501e+01
7.833333333333333259e-01 -2.049438882873930723e+00 4.285145745092661684e+01
8.000000000000000444e-01 -2.668044418771340354e+00 3.240327287441568416e+01
8.166666666666666519e-01 -3.129547978687786891e+00 2.378175486221133639e+01
8.333333333333333703e-01 -3.460769580845051596e+00 1.661944371144256394e+01
8.499999999999999778e-01 -3.683529435735872326e+00 1.059111459708491410e+01
8.666666666666666963e-01 -3.813806734081215399e+00 5.463617940246936477e+00
8.833333333333333037e-01 -3.865650033744103542e+00 1.086048629022235978e+00
9.000000000000000222e-01 -3.850008355048623265e+00 -2.644314341423585901e+00
9.166666666666666297e-01 -3.777506222363317345e+00 -5.751224567862998072e+00
9.333333333333333481e-01 -3.658300869453189996e+00 -8.252921819938046966e+00
9.499999999999999556e-01 -3.502408828365382476e+00 -1.013916347274128604e+01
9.666666666666666741e-01 -3.320328753695147128e+00 -1.139850888417969976e+01
9.833333333333332815e-01 -3.122458532226059180e+00 -1.211439365571856719e+01
1.000000000000000000e+00 -2.916515631837861555e+00 -1.246373252936567866e+01
1.016666666666666607e+00 -2.707000781247203225e+00 -1.252687316613315005e+01
1.033333333333333215e+00 -2.498953192966756554e+00 -1.236365281520925485e+01
1.050000000000000044e+00 -2.294879020740228093e+00 -1.208475111682785652e+01
1.066666666666666652e+00 -2.096128155739161336e+00 -1.174995740700142299e+01
1.083333333333333259e+00 -1.903213773840180645e+00 -1.130869524631442680e+01
1.100000000000000089e+00 -1.719171647528680458e+00 -1.069787896958523810e+01
1.116666666666666696e+00 -1.546617808187339405e+00 -9.927897808689666093e+00
1.133333333333333304e+00 -1.388241720572358284e+00 -9.074837988526216037e+00
1.149999999999999911e+00 -1.244123208569798855e+00 -8.248510195340506002e+00
1.166666666666666741e+00 -1.113291380727674751e+00 -7.521711381431282817e+00
1.183333333333333348e+00 -9.933994958554227539e-01 -6.896476932817805938e+00
1.199999999999999956e+00 -8.834088163004145677e-01 -6.325255711641850631e+00
1.216666666666666563e+00 -7.825576388006943995e-01 -5.790214379236044984e+00
1.233333333333333393e+00 -6.904016703258797349e-01 -5.284298150845213371e+00
1.250000000000000000e+00 -6.064143671058539464e-01 -4.807369432550617994e+00
1.266666666666666607e+00 -5.301560225741924759e-01 -4.363109846547152060e+00
1.283333333333333215e+00 -4.609773722209488667e-01 -3.925507525715703050e+00
1.300000000000000044e+00 -3.993057717170023779e-01 -3.420191716950255145e+00
1.316666666666666652e+00 -3.469709816559403692e-01 -2.799854088809193176e+00
1.333333333333333259e+00 -3.059773020900292684e-01 -2.117660923576560883e+00
1.350000000000000089e+00 -2.763822842033883398e-01 -1.499426489808629137e+00
1.366666666666666696e+00 -2.559964190964083008e-01 -1.062702678050568839e+00
1.383333333333333304e+00 -2.409588616017027118e-01 -8.316861405762252524e-01
1.399999999999999911e+00 -2.282735477438674609e-01 -7.411113166901581728e-01
1.416666666666666741e+00 -2.162551510453641079e-01 -7.057292194828560516e-01
1.433333333333333348e+00 -2.047492404277722611e-01 -6.759743016944578242e-01
1.449999999999999956e+00 -1.937226743222155156e-01 -6.205061152159644378e-01
1.466666666666666563e+00 -1.840657032539067817e-01 -5.249420846890293646e-01
1.483333333333333393e+00 -1.762246048325812053e-01 -4.085460490096554098e-01
1.500000000000000000e+00 -1.704475016202516013e-01 -3.183251971461106833e-01
1.516666666666666607e+00 -1.656137649277108492e-01 -2.833460830212897186e-01
1.533333333333333215e+00 -1.610026321862086107e-01 -3.172493874523066304e-01
1.550000000000000044e+00 -1.550387853459672949e-01 -4.235538411120662317e-01
1.566666666666666652e+00 -1.468841708158064030e-01 -5.696067459062557070e-01
1.583333333333333259e+00 -1.360518938157587732e-01 -6.982160394806063985e-01
1.600000000000000089e+00 -1.236103028331195230e-01 -7.661959719861173301e-01
1.616666666666666696e+00 -1.105120280828881946e-01 -7.670082642574704845e-01
1.633333333333333304e+00 -9.804336069120384023e-02 -7.187439318959136791e-01
1.649999999999999911e+00 -8.655389701969107286e-02 -6.587678355539278163e-01
1.666666666666666741e+00 -7.608443283940624635e-02 -6.142251436283405752e-01
1.683333333333333348e+00 -6.607972556541305553e-02 -5.877250675691626514e-01
1.699999999999999956e+00 -5.649359725376749269e-02 -5.656929911157166924e-01
1.716666666666666563e+00 -4.722329252822250051e-02 -5.446974304553111601e-01
1.733333333333333393e+00 -3.833701623859045449e-02 -5.221582587744105775e-01
1.750000000000000000e+00 -2.981801723574214677e-02 -4.929529754213257120e-01
1.766666666666666607e+00 -2.190525039121293122e-02 -4.484851024071565551e-01
1.783333333333333215e+00 -1.486851382217026230e-02 -3.878450203740613222e-01
1.800000000000000044e+00 -8.977083045410887141e-03 -3.148145187683986657e-01
1.816666666666666652e+00 -4.374696529890307814e-03 -2.401693624803058202e-01
1.833333333333333259e+00 -9.714376294006927138e-04 -1.738818464574151124e-01
1.849999999999999867e+00 1.421365018690196047e-03 -1.186239768375587644e-01
1.866666666666666696e+00 2.982694931851266433e-03 -7.215912425021978049e-02
1.883333333333333304e+00 3.826669160364188499e-03 -3.534659260707257583e-02
1.899999999999999911e+00 4.160914685420352352e-03 -1.045922188939537104e-02
1.916666666666666741e+00 4.175309890010700867e-03 5.316572835001821470e-03
1.933333333333333348e+00 3.983695590920291636e-03 2.382104814629392581e-02
1.949999999999999956e+00 3.381274951800903369e-03 9.896292698696741719e-02
1.966666666666666563e+00 6.849313580213776866e-04 9.949695929575196052e-02
1.983333333333333393e+00 6.470964194250482943e-05 2.054794074064133017e-02
2.000000000000000000e+00 0.000000000000000000e+00 3.882578516550289766e-03
