0.000000000000000000e+00 2.255484415266857638e+02 3.413968249772437957e+02
1.666666666666666644e-02 2.198584944437317006e+02 3.413968249772429431e+02
3.333333333333333287e-02 2.141685473607776657e+02 3.413968249772437957e+02
5.000000000000000278e-02 2.084786002778235741e+02 3.413968249772437957e+02
6.666666666666666574e-02 2.027886531948695392e+02 3.413968249772429431e+02
8.333333333333332871e-02 1.970987061119154760e+02 3.413968249772429431e+02
1.000000000000000056e-01 1.914087590289614411e+02 3.413968249772429431e+02
1.166666666666666685e-01 1.857188119460073779e+02 3.413968249772429431e+02
1.333333333333333315e-01 1.800288648630533430e+02 3.413968249772437957e+02
1.499999999999999944e-01 1.743389177800992513e+02 3.413968249772437957e+02
1.666666666666666574e-01 1.686489706971452165e+02 3.413968249772429431e+02
1.833333333333333204e-01 1.629590236141911532e+02 3.413968249772437957e+02
2.000000000000000111e-01 1.572690765312370900e+02 3.413968249772437957e+02
2.166666666666666741e-01 1.515791294482830267e+02 3.413968249772429431e+02
2.333333333333333370e-01 1.458891823653289919e+02 3.413968249772429431e+02
2.500000000000000000e-01 1.401992352823749286e+02 3.413968249772437957e+02
2.666666666666666630e-01 1.345092881994208653e+02 3.413968249772429431e+02
2.833333333333333259e-01 1.288193411164668305e+02 3.413968249772429431e+02
2.999999999999999889e-01 1.231293940335127672e+02 3.413968249772437957e+02
3.166666666666666519e-01 1.174394469505587040e+02 3.413968249772437957e+02
3.333333333333333148e-01 1.117494998676046407e+02 3.413968249772429431e+02
3.499999999999999778e-01 1.060595527846506059e+02 3.413968249772429431e+02
3.666666666666666408e-01 1.003696057016965426e+02 3.413968249772437957e+02
3.833333333333333037e-01 9.467965861874247935e+01 3.413968249772437957e+02
4.000000000000000222e-01 8.898971153578841609e+01 3.413968249772437957e+02
4.166666666666666852e-01 8.329976445283435282e+01 3.413968249772433978e+02
4.333333333333333481e-01 7.760981736988030377e+01 3.413968249772429431e+02
4.500000000000000111e-01 7.191987028692625472e+01 3.413968249772433978e+02
4.666666666666666741e-01 6.622992320397219146e+01 3.413968249772435684e+02
4.833333333333333370e-01 6.053997612101813530e+01 3.413968249772433978e+02
5.000000000000000000e-01 5.485002903806407915e+01 3.413968249772427157e+02
5.166666666666666075e-01 4.916008195511004431e+01 3.413968249772433978e+02
5.333333333333333259e-01 4.347013487215596683e+01 3.413968249772444210e+02
5.500000000000000444e-01 3.778018778920189646e+01 3.413968249772431705e+02
5.666666666666666519e-01 3.209024070624786162e+01 3.413968249772433978e+02
5.833333333333333703e-01 2.640029362329378415e+01 3.413968249772433978e+02
5.999999999999999778e-01 2.071034654033974931e+01 3.413968249772432841e+02
6.166666666666666963e-01 1.502039945738567539e+01 2.837350124028329788e+02
6.333333333333333037e-01 1.125251279357865108e+01 2.002486645760124588e+02
6.500000000000000222e-01 8.345443971518593074e+00 1.569081101784150860e+02
6.666666666666666297e-01 6.022242454298148751e+00 1.259606238526519775e+02
6.833333333333333481e-01 4.146756509763527276e+00 1.018109293981032692e+02
6.999999999999999556e-01 2.628544807694706442e+00 8.225447840843511926e+01
7.166666666666666741e-01 1.404940562815689908e+00 6.606947433594788777e+01
7.333333333333332815e-01 4.262289964964434130e-01 5.254643762313017419e+01
7.500000000000000000e-01 -3.466073579553159978e-01 4.123916209863682525e+01
7.666666666666666075e-01 -9.484097401247840731e-01 3.180574617559320671e+01
7.833333333333333259e-01 -1.406798897141756211e+00 2.390793435933936806e+01
8.000000000000000444e-01 -1.745340885436096334e+00 1.727049547551472841e+01
8.166666666666666519e-01 -1.982482079658913765e+00 1.169641747615244576e+01
8.333333333333333703e-01 -2.135221467974511178e+00 7.032958162540987601e+00
8.499999999999999778e-01 -2.216914018410280018e+00 3.149875250227380796e+00
8.666666666666666963e-01 -2.240217309648757205e+00 -3.660595753565143440e-02
8.833333333333333037e-01 -2.215693819825758304e+00 -2.582213169974800770e+00
9.000000000000000222e-01 -2.154143537316263846e+00 -4.535156093935484023e+00
9.166666666666666297e-01 -2.064521950027908836e+00 -5.928848837181184273e+00
9.333333333333333481e-01 -1.956515242743557703e+00 -6.775011337045828697e+00
9.499999999999999556e-01 -1.838688238793047880e+00 -7.101220125085124124e+00
9.666666666666666741e-01 -1.719807905240720247e+00 -6.957838167805614482e+00
9.833333333333332815e-01 -1.606760299866194064e+00 -6.448888282782692549e+00
1.000000000000000000e+00 -1.504844962481297177e+00 -5.729443001563521598e+00
1.016666666666666607e+00 -1.415778866480743359e+00 -4.970114610245919273e+00
1.033333333333333215e+00 -1.339174475473099868e+00 -4.292334616121491919e+00
1.050000000000000044e+00 -1.272701045943360310e+00 -3.757225536700774526e+00
1.066666666666666652e+00 -1.213933624249740717e+00 -3.379003891929033276e+00
1.083333333333333259e+00 -1.160067582879059200e+00 -3.144554951623974581e+00
1.100000000000000089e+00 -1.109115125862274898e+00 -3.017570259126800547e+00
1.116666666666666696e+00 -1.059481907574832515e+00 -2.973336819098324479e+00
1.133333333333333304e+00 -1.010003898558997415e+00 -2.989333715619961751e+00
1.149999999999999911e+00 -9.598374503875004571e-01 -3.044816989871985680e+00
1.166666666666666741e+00 -9.085099988965978923e-01 -3.115436265488591427e+00
1.183333333333333348e+00 -8.559895748712140762e-01 -3.157589441310969747e+00
1.199999999999999956e+00 -8.032570175195655748e-01 -3.117857437934670184e+00
1.216666666666666563e+00 -7.520609936067250700e-01 -2.964994753127689897e+00
1.233333333333333393e+00 -7.044238590819759116e-01 -2.697011940040499045e+00
1.250000000000000000e+00 -6.621605956053751019e-01 -2.353086117345914996e+00
1.266666666666666607e+00 -6.259876551704454117e-01 -2.011507255405251549e+00
1.283333333333333215e+00 -5.951103537585333836e-01 -1.751149306474530931e+00
1.300000000000000044e+00 -5.676160116212943807e-01 -1.593848554690734387e+00
1.316666666666666652e+00 -5.419820686021755707e-01 -1.507988671547870752e+00
1.333333333333333259e+00 -5.173497225696986890e-01 -1.450728486776087900e+00
1.350000000000000089e+00 -4.936244523763059777e-01 -1.392431380064845792e+00
1.366666666666666696e+00 -4.709353432342038293e-01 -1.326686347592527238e+00
1.383333333333333304e+00 -4.494015741232217365e-01 -1.267581614623519703e+00
1.399999999999999911e+00 -4.286826227467531725e-01 -1.233106524726828690e+00
1.416666666666666741e+00 -4.082980232989941172e-01 -1.237089552448755292e+00
1.433333333333333348e+00 -3.874463043317946664e-01 -1.280377326546320305e+00
1.449999999999999956e+00 -3.656187790807834403e-01 -1.342708471347185517e+00
1.466666666666666563e+00 -3.426893552868884862e-01 -1.393523109214072075e+00
1.483333333333333393e+00 -3.191680087736477045e-01 -1.407121215389760538e+00
1.500000000000000000e+00 -2.957853147738964683e-01 -1.376780351552497894e+00
1.516666666666666607e+00 -2.732753303885644414e-01 -1.312360013091052435e+00
1.533333333333333215e+00 -2.520399810041947242e-01 -1.227323519471970048e+00
1.550000000000000044e+00 -2.323645464061654398e-01 -1.133248447042828122e+00
1.566666666666666652e+00 -2.142650327694337886e-01 -1.047535618028097248e+00
1.583333333333333259e+00 -1.974466924718955296e-01 -9.799412380515241106e-01
1.600000000000000089e+00 -1.816003248343829868e-01 -9.277955735723328878e-01
1.616666666666666696e+00 -1.665201733528177686e-01 -8.869959670695135578e-01
1.633333333333333304e+00 -1.520337925987325367e-01 -8.572608981826727037e-01
1.649999999999999911e+00 -1.379448100800620136e-01 -8.342727933250966288e-01
1.666666666666666741e+00 -1.242246994878959815e-01 -8.070040494656559593e-01
1.683333333333333348e+00 -1.110446750978734826e-01 -7.617052717857315525e-01
1.699999999999999956e+00 -9.883452376170492881e-02 -6.898581451853686985e-01
1.716666666666666563e+00 -8.804940359169452502e-02 -5.991685242326153515e-01
1.733333333333333393e+00 -7.886223962061775228e-02 -5.090112697770680095e-01
1.750000000000000000e+00 -7.108236126579225989e-02 -4.376534786489520990e-01
1.766666666666666607e+00 -6.427379033231934990e-02 -3.920782621129576540e-01
1.783333333333333215e+00 -5.801308586202700429e-02 -3.665011964814081646e-01
1.800000000000000044e+00 -5.205708378293907868e-02 -3.505642952811184876e-01
1.816666666666666652e+00 -4.632760935265638896e-02 -3.356763355751556932e-01
1.833333333333333259e+00 -4.086787259710055603e-02 -3.171323563192698369e-01
1.849999999999999867e+00 -3.575653080868072820e-02 -2.973368238797834961e-01
1.866666666666666696e+00 -3.095664513444110547e-02 -2.804119627229187950e-01
1.883333333333333304e+00 -2.640946538458343457e-02 -2.653933035767821469e-01
1.899999999999999911e+00 -2.211020168188169988e-02 -2.500937555241682375e-01
1.916666666666666741e+00 -1.807300686711115975e-02 -2.349525710797407407e-01
1.933333333333333348e+00 -1.427844931255700840e-02 -4.257443710695691386e-01
1.949999999999999956e+00 -3.881527831458855392e-03 -4.138435085380678391e-01
1.966666666666666563e+00 -4.836656946214134330e-04 -1.151087959405599770e-01
1.983333333333333393e+00 -4.456796677352281805e-05 -1.450997083864240256e-02
2.000000000000000000e+00 0.000000000000000000e+00 -2.674078006411369137e-03
