0.000000000000000000e+00 2.410792160540410407e+02 4.539054710253793701e+02
1.666666666666666644e-02 2.335141248702847179e+02 4.539054710253793701e+02
3.333333333333333287e-02 2.259490336865283950e+02 4.539054710253793701e+02
5.000000000000000278e-02 2.183839425027720722e+02 4.539054710253785174e+02
6.666666666666666574e-02 2.108188513190157778e+02 4.539054710253785174e+02
8.333333333333332871e-02 2.032537601352594550e+02 4.539054710253793701e+02
1.000000000000000056e-01 1.956886689515031321e+02 4.539054710253802227e+02
1.166666666666666685e-01 1.881235777677467809e+02 4.539054710253785174e+02
1.333333333333333315e-01 1.805584865839905149e+02 4.539054710253785174e+02
1.499999999999999944e-01 1.729933954002341636e+02 4.539054710253793701e+02
1.666666666666666574e-01 1.654283042164778692e+02 4.539054710253793701e+02
1.833333333333333204e-01 1.578632130327215179e+02 4.539054710253802227e+02
2.000000000000000111e-01 1.502981218489651951e+02 4.539054710253785174e+02
2.166666666666666741e-01 1.427330306652089007e+02 4.539054710253785174e+02
2.333333333333333370e-01 1.351679394814525779e+02 4.539054710253789722e+02
2.500000000000000000e-01 1.276028482976962692e+02 4.539054710253785174e+02
2.666666666666666630e-01 1.200377571139399606e+02 4.539054710253789722e+02
2.833333333333333259e-01 1.124726659301836378e+02 4.539054710253789722e+02
2.999999999999999889e-01 1.049075747464273292e+02 4.539054710253789722e+02
3.166666666666666519e-01 9.734248356267100633e+01 4.539054710253793701e+02
3.333333333333333148e-01 8.977739237891468349e+01 4.539054710253789722e+02
3.499999999999999778e-01 8.221230119515837487e+01 4.539054710253789722e+02
3.666666666666666408e-01 7.464721001140205203e+01 4.539054710253789722e+02
3.833333333333333037e-01 6.708211882764574341e+01 4.539054710253793701e+02
4.000000000000000222e-01 5.951702764388940636e+01 4.539054710253798248e+02
4.166666666666666852e-01 5.195193646013308353e+01 4.539054710253789722e+02
4.333333333333333481e-01 4.438684527637677490e+01 4.539054710253789722e+02
4.500000000000000111e-01 3.682175409262045207e+01 4.539054710253790290e+02
4.666666666666666741e-01 2.925666290886413989e+01 4.539054710253788585e+02
4.833333333333333370e-01 2.169157172510782416e+01 3.895565014095273000e+02
5.000000000000000000e-01 1.627144619521322966e+01 2.905080845994110632e+02
5.166666666666666075e-01 1.200796890512745563e+01 2.316600077150188497e+02
5.333333333333333259e-01 8.549445938045934668e+00 1.874666476985850920e+02
5.500000000000000444e-01 5.759080648507952205e+00 1.516901925706501402e+02
5.666666666666666519e-01 3.493106185690930676e+00 1.232789868285247081e+02
5.833333333333333703e-01 1.649781087557128156e+00 9.989903952842279011e+01
5.999999999999999778e-01 1.631382014101712963e-01 7.962294396314037215e+01
6.166666666666666963e-01 -1.004317044547550886e+00 6.241096639296611670e+01
6.333333333333333037e-01 -1.917227345022032736e+00 4.927272453523740126e+01
6.500000000000000222e-01 -2.646741195722130957e+00 3.969078157945474317e+01
6.666666666666666297e-01 -3.240253397670524116e+00 3.229343816473537032e+01
6.833333333333333481e-01 -3.723189134546643242e+00 2.609772256559478265e+01
6.999999999999999556e-01 -4.110177483190350145e+00 2.034147771851412401e+01
7.166666666666666741e-01 -4.401238391830447405e+00 1.473892826503554687e+01
7.333333333333332815e-01 -4.601475092024868374e+00 9.603170411690946651e+00
7.500000000000000000e-01 -4.721344072220145627e+00 5.327498829892451937e+00
7.666666666666666075e-01 -4.779058386354616772e+00 1.885704220938482223e+00
7.833333333333333259e-01 -4.784200879584761701e+00 -1.048514113370213607e+00
8.000000000000000444e-01 -4.744107915908942985e+00 -3.770595989213418875e+00
8.166666666666666519e-01 -4.658514346610981072e+00 -6.557963868275944463e+00
8.333333333333333703e-01 -4.525509120299744836e+00 -9.281636731601627943e+00
8.499999999999999778e-01 -4.349126455557593474e+00 -1.121601639726380384e+01
8.666666666666666963e-01 -4.151641907057618042e+00 -1.176805782756098928e+01
8.833333333333333037e-01 -3.956857861305560498e+00 -1.101580574718075667e+01
9.000000000000000222e-01 -3.784448382151592849e+00 -9.628277554265324056e+00
9.166666666666666297e-01 -3.635915276163383059e+00 -8.300002722915206022e+00
9.333333333333333481e-01 -3.507781624721086011e+00 -7.568949345200430834e+00
9.499999999999999556e-01 -3.383616964656702031e+00 -7.647320030861362028e+00
9.666666666666666741e-01 -3.252870957025707277e+00 -8.117909544010727174e+00
9.833333333333332815e-01 -3.113019979856344488e+00 -8.456169140457442168e+00
1.000000000000000000e+00 -2.970998652343792568e+00 -8.453770984028228241e+00
1.016666666666666607e+00 -2.831227613722070213e+00 -8.153096151316431062e+00
1.033333333333333215e+00 -2.699228780633244895e+00 -7.726019366971788038e+00
1.050000000000000044e+00 -2.573693634823010612e+00 -7.448319881138636411e+00
1.066666666666666652e+00 -2.450951451261957015e+00 -7.399306455309906383e+00
1.083333333333333259e+00 -2.327050086312680399e+00 -7.383022816624409401e+00
1.100000000000000089e+00 -2.204850690707810035e+00 -7.283972000097200805e+00
1.116666666666666696e+00 -2.084251019642773706e+00 -7.133487550321628845e+00
1.133333333333333304e+00 -1.967067772363755740e+00 -6.870996617386254002e+00
1.149999999999999911e+00 -1.855217799063231920e+00 -6.469439694779300254e+00
1.166666666666666741e+00 -1.751419782537779080e+00 -5.936949303872030015e+00
1.183333333333333348e+00 -1.657319488934164253e+00 -5.271664194580480967e+00
1.199999999999999956e+00 -1.575697642718429714e+00 -4.506087947103750047e+00
1.216666666666666563e+00 -1.507116557364039267e+00 -3.771344231025102189e+00
1.233333333333333393e+00 -1.449986168350926308e+00 -3.194695186233640349e+00
1.250000000000000000e+00 -1.400626717822917922e+00 -2.818190595126617293e+00
1.266666666666666607e+00 -1.356046481846705731e+00 -2.626291761000523195e+00
1.283333333333333215e+00 -1.313083659122900482e+00 -2.562945661149071963e+00
1.300000000000000044e+00 -1.270614959808403333e+00 -2.513711880380047337e+00
1.316666666666666652e+00 -1.229293263110232237e+00 -2.428944805802393248e+00
1.333333333333333259e+00 -1.189650132948323558e+00 -2.379458246825976175e+00
1.350000000000000089e+00 -1.149977988216033031e+00 -2.394395147186547668e+00
1.366666666666666696e+00 -1.109836961375438635e+00 -2.393468010317056915e+00
1.383333333333333304e+00 -1.070195721205464467e+00 -2.324704488943472036e+00
1.399999999999999911e+00 -1.032346811743989567e+00 -2.220586532215551578e+00
1.416666666666666741e+00 -9.961761701316127482e-01 -2.109483627925547999e+00
1.433333333333333348e+00 -9.620306908131379675e-01 -2.030831070807425309e+00
1.449999999999999956e+00 -9.284818011046985786e-01 -2.059377015365499997e+00
1.466666666666666563e+00 -8.933847903009546343e-01 -2.185974932670084137e+00
1.483333333333333393e+00 -8.556159700156957815e-01 -2.286342374573073766e+00
1.500000000000000000e+00 -8.171733778151855088e-01 -2.275277842565820663e+00
1.516666666666666607e+00 -7.797733752635017668e-01 -2.186421202449997381e+00
1.533333333333333215e+00 -7.442926710668522627e-01 -2.077628242754760102e+00
1.550000000000000044e+00 -7.105191005050097708e-01 -1.984048475723606542e+00
1.566666666666666652e+00 -6.781577218760653780e-01 -1.933966312280482880e+00
1.583333333333333259e+00 -6.460535567623270081e-01 -1.933776701775918871e+00
1.600000000000000089e+00 -6.136984984835347490e-01 -1.949590995848914377e+00
1.616666666666666696e+00 -5.810671902340298622e-01 -1.939016999739828773e+00
1.633333333333333304e+00 -5.490645984922071232e-01 -1.893556311727625507e+00
1.649999999999999911e+00 -5.179486465097756787e-01 -1.836189122544194641e+00
1.666666666666666741e+00 -4.878582944074006389e-01 -1.793969400389806568e+00
1.683333333333333348e+00 -4.581496664967821264e-01 -1.787683868151419109e+00
1.699999999999999956e+00 -4.282688321356866723e-01 -1.807935602945648368e+00
1.716666666666666563e+00 -3.978851463985938475e-01 -1.821763714597351980e+00
1.733333333333333393e+00 -3.675433749824416063e-01 -1.810027172450423549e+00
1.750000000000000000e+00 -3.375509073169130625e-01 -1.775356835857415216e+00
1.766666666666666607e+00 -3.083648137871944361e-01 -1.720963911269123292e+00
1.783333333333333215e+00 -2.801854436079422861e-01 -1.648881240393301306e+00
1.800000000000000044e+00 -2.534021057740843963e-01 -1.571807792791145353e+00
1.816666666666666652e+00 -2.277918505149041095e-01 -1.509207366429801134e+00
1.833333333333333259e+00 -2.030951935597576918e-01 -1.462531547299056989e+00
1.849999999999999867e+00 -1.790407989382688803e-01 -1.418379668879059530e+00
1.866666666666666696e+00 -1.558158712637890408e-01 -1.366441982867015792e+00
1.883333333333333304e+00 -1.334927328427016890e-01 -1.308475277955789329e+00
1.899999999999999911e+00 -1.122000286652627271e-01 -1.249554159390939612e+00
1.916666666666666741e+00 -9.184092752967036588e-02 -1.198934332783226475e+00
1.933333333333333348e+00 -7.223555090582184368e-02 -2.180007272005184404e+00
1.949999999999999956e+00 -1.917401846283088226e-02 -2.120124903025879526e+00
1.966666666666666563e+00 -1.564720804959188845e-03 -5.717583701418261777e-01
1.983333333333333393e+00 -1.154061247700082350e-04 -4.694162414877566664e-02
2.000000000000000000e+00 0.000000000000000000e+00 -6.924367486200493776e-03
