0.000000000000000000e+00 4.446404075260552986e+02 9.229506348793665893e+02
1.666666666666666644e-02 4.292578969447325221e+02 9.229506348793665893e+02
3.333333333333333287e-02 4.138753863634097456e+02 9.229506348793682946e+02
5.000000000000000278e-02 3.984928757820869123e+02 9.229506348793682946e+02
6.666666666666666574e-02 3.831103652007641358e+02 9.229506348793665893e+02
8.333333333333332871e-02 3.677278546194413593e+02 9.229506348793682946e+02
1.000000000000000056e-01 3.523453440381185260e+02 9.229506348793682946e+02
1.166666666666666685e-01 3.369628334567957495e+02 9.229506348793682946e+02
1.333333333333333315e-01 3.215803228754729162e+02 9.229506348793665893e+02
1.499999999999999944e-01 3.061978122941501965e+02 9.229506348793665893e+02
1.666666666666666574e-01 2.908153017128273632e+02 9.229506348793682946e+02
1.833333333333333204e-01 2.754327911315045867e+02 9.229506348793682946e+02
2.000000000000000111e-01 2.600502805501817534e+02 9.229506348793682946e+02
2.166666666666666741e-01 2.446677699688589769e+02 9.229506348793665893e+02
2.333333333333333370e-01 2.292852593875362004e+02 9.229506348793674988e+02
2.500000000000000000e-01 2.139027488062133955e+02 9.229506348793674988e+02
2.666666666666666630e-01 1.985202382248906190e+02 9.229506348793674988e+02
2.833333333333333259e-01 1.831377276435678141e+02 9.229506348793674988e+02
2.999999999999999889e-01 1.677552170622450376e+02 9.229506348793674988e+02
3.166666666666666519e-01 1.523727064809222327e+02 9.229506348793682946e+02
3.333333333333333148e-01 1.369901958995994278e+02 9.229506348793678399e+02
3.499999999999999778e-01 1.216076853182766371e+02 9.229506348793674988e+02
3.666666666666666408e-01 1.062251747369538464e+02 9.229506348793674988e+02
3.833333333333333037e-01 9.084266415563105568e+01 9.229506348793687494e+02
4.000000000000000222e-01 7.546015357430822235e+01 9.229506348793689767e+02
4.166666666666666852e-01 6.007764299298542454e+01 9.229506348793676125e+02
4.333333333333333481e-01 4.469513241166263384e+01 9.229506348793676125e+02
4.500000000000000111e-01 2.931262183033983959e+01 9.229506348793676125e+02
4.666666666666666741e-01 1.393011124901704711e+01 6.456837612413386296e+02
4.833333333333333370e-01 7.789829788961885271e+00 3.256469295610484096e+02
5.000000000000000000e-01 3.075213596982100395e+00 2.351273856181468602e+02
5.166666666666666075e-01 -4.774973164300964912e-02 1.625972570647074633e+02
5.333333333333333259e-01 -2.344694971841482012e+00 1.217610510650385720e+02
5.500000000000000444e-01 -4.106451433810962115e+00 9.629113807292046090e+01
5.666666666666666519e-01 -5.554399574272164131e+00 7.825295390750028446e+01
5.833333333333333703e-01 -6.714883230727638264e+00 6.293913440601971843e+01
5.999999999999999778e-01 -7.652370721139488019e+00 4.760654120709772030e+01
6.166666666666666963e-01 -8.301767937630895489e+00 2.919211169207165568e+01
6.333333333333333037e-01 -8.625441110875209816e+00 1.248758700281342726e+01
6.500000000000000222e-01 -8.718020837724676397e+00 -2.904781337772188721e+00
6.666666666666666297e-01 -8.528615066282803525e+00 -2.128971471370542545e+01
6.833333333333333481e-01 -8.008363680601162216e+00 -3.789626955075823389e+01
6.999999999999999556e-01 -7.265406081257529181e+00 -4.671211170741376861e+01
7.166666666666666741e-01 -6.451293290354036536e+00 -4.520477108720742621e+01
7.333333333333332815e-01 -5.758580378350615092e+00 -3.732112683373240003e+01
7.500000000000000000e-01 -5.207255729229623320e+00 -3.014087729518757541e+01
7.666666666666666075e-01 -4.753884468511029304e+00 -2.299099969288792522e+01
7.833333333333333259e-01 -4.440889072800025872e+00 -1.960651401835983521e+01
8.000000000000000444e-01 -4.100334001232368131e+00 -1.718006305457018001e+01
8.166666666666666519e-01 -3.868220304314353264e+00 -1.526639669582362835e+01
8.333333333333333703e-01 -3.591454111371580549e+00 -1.160212353430378762e+01
8.499999999999999778e-01 -3.481482853170893677e+00 -6.911717173872653497e+00
8.666666666666666963e-01 -3.361063538909158765e+00 -6.808485537691355560e+00
8.833333333333333037e-01 -3.254533335247848491e+00 -7.553041683146481944e+00
9.000000000000000222e-01 -3.109295482804276034e+00 -9.270539310444281256e+00
9.166666666666666297e-01 -2.945515358233039116e+00 -1.122129055996258096e+01
9.333333333333333481e-01 -2.735252464138856698e+00 -1.133485725278329781e+01
9.499999999999999556e-01 -2.567686783140262552e+00 -1.399433235460749358e+01
9.666666666666666741e-01 -2.268774718985273608e+00 -2.011613103869184727e+01
9.833333333333332815e-01 -1.897149081850534325e+00 -2.364416844293529962e+01
1.000000000000000000e+00 -1.480635770887430258e+00 -2.128006709902278715e+01
1.016666666666666607e+00 -1.187813511883108131e+00 -1.763038914144535951e+01
1.033333333333333215e+00 -8.929561328392515707e-01 -1.620943820306930760e+01
1.050000000000000044e+00 -6.474989051141312180e-01 -1.359074255123980635e+01
1.066666666666666652e+00 -4.399313811312580147e-01 -7.643907128501838955e+00
1.083333333333333259e+00 -3.927020008307365861e-01 -4.407055116820285390e-01
1.100000000000000089e+00 -4.252411974085237301e-01 2.959375112383582085e+00
1.116666666666666696e+00 -4.913478379101893223e-01 4.795155539531193334e+00
1.133333333333333304e+00 -5.850797153928968264e-01 8.391034711301369242e+00
1.149999999999999911e+00 -7.710489949535682674e-01 1.394607266118838318e+01
1.166666666666666741e+00 -1.049948804099176236e+00 1.699703430872039434e+01
1.183333333333333348e+00 -1.337616805244248086e+00 1.865226308459521931e+01
1.199999999999999956e+00 -1.671690906919016895e+00 2.103896378338112427e+01
1.216666666666666563e+00 -2.038915598023618880e+00 2.145941325650221287e+01
1.233333333333333393e+00 -2.387004682135757339e+00 2.181894748742642065e+01
1.250000000000000000e+00 -2.766213847604499509e+00 2.163826358171532149e+01
1.266666666666666607e+00 -3.108280134859601418e+00 1.803382536065356234e+01
1.283333333333333215e+00 -3.367341359626284891e+00 1.422615038267269405e+01
1.300000000000000044e+00 -3.582485147615357857e+00 1.173839376798325951e+01
1.316666666666666652e+00 -3.758621151892393542e+00 8.110248465910872895e+00
1.333333333333333259e+00 -3.852826763145720257e+00 5.250474179152377907e+00
1.350000000000000089e+00 -3.933636957864139472e+00 2.965199134548290871e+00
1.366666666666666696e+00 -3.951666734297329953e+00 -4.976869121020577325e-03
1.383333333333333304e+00 -3.933471062226772119e+00 -2.408844945577466312e+00
1.399999999999999911e+00 -3.871371902778081076e+00 -4.487580979618792654e+00
1.416666666666666741e+00 -3.783885029572812364e+00 -5.129059334213996735e+00
1.433333333333333348e+00 -3.700403258304281184e+00 -7.047381937019094877e+00
1.449999999999999956e+00 -3.548972298338842535e+00 -9.810898799746281540e+00
1.466666666666666563e+00 -3.373373298312738466e+00 -1.110709092263692277e+01
1.483333333333333393e+00 -3.178735934250945139e+00 -1.140417206921585880e+01
1.500000000000000000e+00 -2.993234229338876506e+00 -1.030836410376560153e+01
1.516666666666666607e+00 -2.835123797458758421e+00 -1.137703885621121458e+01
1.533333333333333215e+00 -2.613999600798502687e+00 -1.349572892912836330e+01
1.550000000000000044e+00 -2.385266166487812978e+00 -1.324742582271830038e+01
1.566666666666666652e+00 -2.172418740041226037e+00 -1.409963191899072044e+01
1.583333333333333259e+00 -1.915278435854788963e+00 -1.403351548058662956e+01
1.600000000000000089e+00 -1.704634890688338400e+00 -1.371791568703305408e+01
1.616666666666666696e+00 -1.458014579620353857e+00 -1.439640403842983929e+01
1.633333333333333304e+00 -1.224754756074010409e+00 -1.379175420499217353e+01
1.649999999999999911e+00 -9.982894394539481020e-01 -1.109367011561838012e+01
1.666666666666666741e+00 -8.549657522200644344e-01 -8.715899753633953750e+00
1.683333333333333348e+00 -7.077594476661496214e-01 -1.045198470229463261e+01
1.699999999999999956e+00 -5.065662621435766955e-01 -1.067399466179411327e+01
1.716666666666666563e+00 -3.519596256063458606e-01 -8.122371379584812701e+00
1.733333333333333393e+00 -2.358205494907496258e-01 -7.016325710923705827e+00
1.750000000000000000e+00 -1.180821019088890145e-01 -5.302224233839557321e+00
1.766666666666666607e+00 -5.907974169609771925e-02 -3.588303664443028396e+00
1.783333333333333215e+00 1.528020239211938611e-03 -2.471216946398366865e+00
1.800000000000000044e+00 2.329415651718116931e-02 -1.618927718473092359e+00
1.816666666666666652e+00 5.549227752164834909e-02 -7.607472987739064552e-01
1.833333333333333259e+00 4.865239980964471828e-02 4.667796188430904658e-02
1.849999999999999867e+00 5.393634545883804754e-02 -9.130023246267348069e-01
1.866666666666666696e+00 7.908581063053587989e-02 -1.477426790100434262e-01
1.883333333333333304e+00 5.886110142583949462e-02 1.040004372653785092e+00
1.899999999999999911e+00 4.441899820874304489e-02 9.903169756017300429e-01
1.916666666666666741e+00 2.585053557244849226e-02 7.660857346264196011e-01
1.933333333333333348e+00 1.888280705452905980e-02 3.455791379026286192e-01
1.949999999999999956e+00 1.433123097569420461e-02 4.848602971250381977e-01
1.966666666666666563e+00 2.720797150361119448e-03 4.233990266021420701e-01
1.983333333333333393e+00 2.179300889561364791e-04 8.162391451083358951e-02
2.000000000000000000e+00 0.000000000000000000e+00 1.307580533736818831e-02
