0.000000000000000000e+00 6.750465591206698264e+02 1.372084781233197646e+03
1.666666666666666644e-02 6.521784794334498656e+02 1.372084781233190824e+03
3.333333333333333287e-02 6.293103997462301322e+02 1.372084781233190824e+03
5.000000000000000278e-02 6.064423200590101715e+02 1.372084781233197646e+03
6.666666666666666574e-02 5.835742403717902107e+02 1.372084781233197646e+03
8.333333333333332871e-02 5.607061606845702499e+02 1.372084781233194235e+03
1.000000000000000056e-01 5.378380809973504029e+02 1.372084781233194235e+03
1.166666666666666685e-01 5.149700013101304421e+02 1.372084781233194235e+03
1.333333333333333315e-01 4.921019216229105950e+02 1.372084781233196054e+03
1.499999999999999944e-01 4.692338419356905774e+02 1.372084781233194235e+03
1.666666666666666574e-01 4.463657622484707872e+02 1.372084781233194235e+03
1.833333333333333204e-01 4.234976825612507696e+02 1.372084781233197646e+03
2.000000000000000111e-01 4.006296028740308657e+02 1.372084781233194235e+03
2.166666666666666741e-01 3.777615231868109618e+02 1.372084781233194235e+03
2.333333333333333370e-01 3.548934434995910578e+02 1.372084781233194235e+03
2.500000000000000000e-01 3.320253638123711539e+02 1.372084781233194235e+03
2.666666666666666630e-01 3.091572841251512500e+02 1.372084781233196054e+03
2.833333333333333259e-01 2.862892044379312892e+02 1.372084781233194235e+03
2.999999999999999889e-01 2.634211247507114422e+02 1.372084781233193326e+03
3.166666666666666519e-01 2.405530450634915098e+02 1.372084781233196054e+03
3.333333333333333148e-01 2.176849653762715775e+02 1.372084781233195145e+03
3.499999999999999778e-01 1.948168856890516736e+02 1.372084781233194235e+03
3.666666666666666408e-01 1.719488060018317697e+02 1.372084781233194235e+03
3.833333333333333037e-01 1.490807263146118657e+02 1.372084781233196736e+03
4.000000000000000222e-01 1.262126466273918766e+02 1.372084781233197191e+03
4.166666666666666852e-01 1.033445669401719584e+02 1.372084781233194690e+03
4.333333333333333481e-01 8.047648725295205452e+01 1.372084781233194462e+03
4.500000000000000111e-01 5.760840756573214350e+01 1.372084781233194690e+03
4.666666666666666741e-01 3.474032787851223247e+01 1.372084781233194690e+03
4.833333333333333370e-01 1.187224819129232145e+01 8.414184856832828245e+02
5.000000000000000000e-01 6.693045022402805522e+00 2.745836115066593948e+02
5.166666666666666075e-01 2.719461141070341981e+00 2.114277804154441469e+02
5.333333333333333259e-01 -3.545476581119990644e-01 1.649229066331177762e+02
5.500000000000000444e-01 -2.777969080033584337e+00 1.298227538855220473e+02
5.666666666666666519e-01 -4.681972787629399946e+00 1.012351957763921320e+02
5.833333333333333703e-01 -6.152475605913322099e+00 7.682085010289358706e+01
5.999999999999999778e-01 -7.242667791059186122e+00 5.546537271320840290e+01
6.166666666666666963e-01 -8.001321363020268862e+00 3.569848301551846248e+01
6.333333333333333037e-01 -8.432617224909801479e+00 1.841359367080206866e+01
6.500000000000000222e-01 -8.615107818713671151e+00 2.472249436037632364e+00
6.666666666666666297e-01 -8.515025539444389224e+00 -1.298189193451831258e+01
6.833333333333333481e-01 -8.182378087563060731e+00 -2.437504918878765636e+01
6.999999999999999556e-01 -7.702523899818134012e+00 -3.279975886670790430e+01
7.166666666666666741e-01 -7.089052792006130588e+00 -3.510299634110560163e+01
7.333333333333332815e-01 -6.532424021781280565e+00 -3.028684193334486352e+01
7.500000000000000000e-01 -6.079491394227968470e+00 -2.169550606282695426e+01
7.666666666666666075e-01 -5.809240486353715482e+00 -1.354345001689443606e+01
7.833333333333333259e-01 -5.628043060331487268e+00 -1.156501000515897992e+01
8.000000000000000444e-01 -5.423740152848416152e+00 -1.064782118810953193e+01
8.166666666666666519e-01 -5.273115687394502871e+00 -5.233981383959207534e+00
8.333333333333333703e-01 -5.249274106716442567e+00 -2.354010713137943966e+00
8.499999999999999778e-01 -5.194648663623238072e+00 -3.869409371114747032e+00
8.666666666666666963e-01 -5.120293794345951000e+00 -6.953271678502828124e+00
8.833333333333333037e-01 -4.962872941006477134e+00 -5.565058588720734889e+00
9.000000000000000222e-01 -4.934791841388593170e+00 -3.068996340346767937e+00
9.166666666666666297e-01 -4.860573062994918203e+00 -4.653421136649900092e+00
9.333333333333333481e-01 -4.779677803500263167e+00 -6.602619810840391068e+00
9.499999999999999556e-01 -4.640485735966905168e+00 -1.255556378812564766e+01
9.666666666666666741e-01 -4.361159010562741578e+00 -1.503035070767080761e+01
9.833333333333332815e-01 -4.139474045711211581e+00 -1.372306824380839174e+01
1.000000000000000000e+00 -3.903723402435795187e+00 -1.671300657871544360e+01
1.016666666666666607e+00 -3.582373826420696794e+00 -1.957042802672845028e+01
1.033333333333333215e+00 -3.251375801544846844e+00 -1.795678095909650551e+01
1.050000000000000044e+00 -2.983814461117479944e+00 -1.352195110380505660e+01
1.066666666666666652e+00 -2.800644098084678291e+00 -1.012928705828881704e+01
1.083333333333333259e+00 -2.646171559174519405e+00 -7.176691027311421500e+00
1.100000000000000089e+00 -2.561421063840964241e+00 -2.546999044863049733e+00
1.116666666666666696e+00 -2.561271591012417748e+00 2.931993085466944038e-01
1.133333333333333304e+00 -2.571194374125854054e+00 2.197118121746282071e+00
1.149999999999999911e+00 -2.634508861737293817e+00 3.702622375096558116e+00
1.166666666666666741e+00 -2.694615119962405991e+00 2.907606320096216557e+00
1.183333333333333348e+00 -2.731429072407167702e+00 4.098118126785754711e+00
1.199999999999999956e+00 -2.831219057521931148e+00 5.501742597610230767e+00
1.216666666666666563e+00 -2.914820492327508727e+00 4.654547578699537169e+00
1.233333333333333393e+00 -2.986370643478582387e+00 3.974957638279463801e+00
1.250000000000000000e+00 -3.047319080270157521e+00 4.172391282718606043e+00
1.266666666666666607e+00 -3.125450352902535922e+00 3.592124487667085475e+00
1.283333333333333215e+00 -3.167056563192393703e+00 2.232675895144047296e+00
1.300000000000000044e+00 -3.199872882740670832e+00 1.265503857470666738e+00
1.316666666666666652e+00 -3.209240025108082595e+00 -3.452460647850097430e-01
1.333333333333333259e+00 -3.188364680581170507e+00 -2.010863307691512780e+00
1.350000000000000089e+00 -3.142211248185032169e+00 -1.958896418898414815e+00
1.366666666666666696e+00 -3.123068133284556680e+00 -1.496311026471266459e+00
1.383333333333333304e+00 -3.092334213969323287e+00 -2.207096184658081661e+00
1.399999999999999911e+00 -3.049498260462620625e+00 -2.683014176378981652e+00
1.416666666666666741e+00 -3.002900408090023898e+00 -1.049130317954358738e+00
1.433333333333333348e+00 -3.014527249864142000e+00 -4.076490104628405220e-01
1.449999999999999956e+00 -2.989312107741262547e+00 -9.622532836781783061e-01
1.466666666666666563e+00 -2.982452140408202723e+00 -1.195101922257308935e+00
1.483333333333333393e+00 -2.949475376999352250e+00 -2.198603261379221685e+00
1.500000000000000000e+00 -2.909165365028895334e+00 -2.881666022703663899e+00
1.516666666666666607e+00 -2.853419842909230120e+00 -3.384025644970893865e+00
1.533333333333333215e+00 -2.796364510196532205e+00 -4.034944328369829414e+00
1.550000000000000044e+00 -2.718921698630235806e+00 -5.117763158814239155e+00
1.566666666666666652e+00 -2.625772404902724233e+00 -4.625232362358704385e+00
1.583333333333333259e+00 -2.564747286551612326e+00 -4.231292340679204678e+00
1.600000000000000089e+00 -2.484729326880084077e+00 -6.141247251815324937e+00
1.616666666666666696e+00 -2.360039044824434828e+00 -7.237435950071984259e+00
1.633333333333333304e+00 -2.243481461877684602e+00 -7.469091902350006862e+00
1.649999999999999911e+00 -2.111069314746101266e+00 -8.329335684852370747e+00
1.666666666666666741e+00 -1.965836939049272258e+00 -8.510203272874502289e+00
1.683333333333333348e+00 -1.827395872316951220e+00 -8.063361520300420082e+00
1.699999999999999956e+00 -1.697058221705924907e+00 -8.149865363183312894e+00
1.716666666666666563e+00 -1.555733693544174123e+00 -7.654659798249885405e+00
1.733333333333333393e+00 -1.441902895097595394e+00 -6.105941068147422435e+00
1.750000000000000000e+00 -1.352202324605926709e+00 -6.512601196168763984e+00
1.766666666666666607e+00 -1.224816188558636609e+00 -7.345219831286991408e+00
1.783333333333333215e+00 -1.107361663563027010e+00 -7.022648338987149685e+00
1.800000000000000044e+00 -9.907279105923982865e-01 -7.508850458309209053e+00
1.816666666666666652e+00 -8.570666482860533897e-01 -8.095909808976392341e+00
1.833333333333333259e+00 -7.208642502931852380e-01 -7.403733195467014028e+00
1.849999999999999867e+00 -6.102755417704862628e-01 -6.904503378228550758e+00
1.866666666666666696e+00 -4.907141376855668757e-01 -6.964987883658054102e+00
1.883333333333333304e+00 -3.781092789818844557e-01 -6.475776136134406613e+00
1.899999999999999911e+00 -2.748549331477533331e-01 -6.292875091123598885e+00
1.916666666666666741e+00 -1.683467759444311762e-01 -5.923763171725199506e+00
1.933333333333333348e+00 -7.739616075691335695e-02 -5.190773545160110913e+00
1.949999999999999956e+00 4.679008894239188900e-03 -2.377997704375585108e+00
1.966666666666666563e+00 1.870429388939477905e-03 1.356264285119086477e-01
1.983333333333333393e+00 1.581279438422347956e-04 5.611288166818433759e-02
2.000000000000000000e+00 0.000000000000000000e+00 9.487676630534087191e-03
