0.000000000000000000e+00 1.337432653923203816e+03 2.017217649735766827e+03
1.666666666666666644e-02 1.303812359760941035e+03 2.017217649735766827e+03
3.333333333333333287e-02 1.270192065598678255e+03 2.017217649735773648e+03
5.000000000000000278e-02 1.236571771436415247e+03 2.017217649735766827e+03
6.666666666666666574e-02 1.202951477274152694e+03 2.017217649735766827e+03
8.333333333333332871e-02 1.169331183111889686e+03 2.017217649735773648e+03
1.000000000000000056e-01 1.135710888949626906e+03 2.017217649735766827e+03
1.166666666666666685e-01 1.102090594787364125e+03 2.017217649735766827e+03
1.333333333333333315e-01 1.068470300625101345e+03 2.017217649735766827e+03
1.499999999999999944e-01 1.034850006462838564e+03 2.017217649735766827e+03
1.666666666666666574e-01 1.001229712300575784e+03 2.017217649735770237e+03
1.833333333333333204e-01 9.676094181383128898e+02 2.017217649735770237e+03
2.000000000000000111e-01 9.339891239760501094e+02 2.017217649735770237e+03
2.166666666666666741e-01 9.003688298137872152e+02 2.017217649735770237e+03
2.333333333333333370e-01 8.667485356515244348e+02 2.017217649735766827e+03
2.500000000000000000e-01 8.331282414892616544e+02 2.017217649735770237e+03
2.666666666666666630e-01 7.995079473269987602e+02 2.017217649735770237e+03
2.833333333333333259e-01 7.658876531647359798e+02 2.017217649735766827e+03
2.999999999999999889e-01 7.322673590024731993e+02 2.017217649735770237e+03
3.166666666666666519e-01 6.986470648402103052e+02 2.017217649735770237e+03
3.333333333333333148e-01 6.650267706779475247e+02 2.017217649735766827e+03
3.499999999999999778e-01 6.314064765156847443e+02 2.017217649735770237e+03
3.666666666666666408e-01 5.977861823534218502e+02 2.017217649735770237e+03
3.833333333333333037e-01 5.641658881911590697e+02 2.017217649735773648e+03
4.000000000000000222e-01 5.305455940288960619e+02 2.017217649735772056e+03
4.166666666666666852e-01 4.969252998666333383e+02 2.017217649735766827e+03
4.333333333333333481e-01 4.633050057043705010e+02 2.017217649735770237e+03
4.500000000000000111e-01 4.296847115421076637e+02 2.017217649735768646e+03
4.666666666666666741e-01 3.960644173798448833e+02 2.017217649735768646e+03
4.833333333333333370e-01 3.624441232175820460e+02 2.017217649735770237e+03
5.000000000000000000e-01 3.288238290553192087e+02 2.017217649735766827e+03
5.166666666666666075e-01 2.952035348930564851e+02 2.017217649735768646e+03
5.333333333333333259e-01 2.615832407307935910e+02 2.017217649735774557e+03
5.500000000000000444e-01 2.279629465685306684e+02 2.017217649735769328e+03
5.666666666666666519e-01 1.943426524062679448e+02 2.017217649735769328e+03
5.833333333333333703e-01 1.607223582440050222e+02 2.017217649735769328e+03
5.999999999999999778e-01 1.271020640817422986e+02 2.017217649735769328e+03
6.166666666666666963e-01 9.348176991947937609e+01 2.017217649735768646e+03
6.333333333333333037e-01 5.986147575721667380e+01 2.017217649735768873e+03
6.500000000000000222e-01 2.624118159495374414e+01 1.210674910755505607e+03
6.666666666666666297e-01 1.950564539869981928e+01 3.516209796511205923e+02
6.833333333333333481e-01 1.452048227324972451e+01 2.801639384937248565e+02
6.999999999999999556e-01 1.016684744890899061e+01 2.361722170823348961e+02
7.166666666666666741e-01 6.648075037171894408e+00 1.922006235996697114e+02
7.333333333333332815e-01 3.760159995586667581e+00 1.549679242835121613e+02
7.500000000000000000e-01 1.482477561054822202e+00 1.219269182910843909e+02
7.666666666666666075e-01 -3.040706141161449994e-01 9.568190149281532797e+01
7.833333333333333259e-01 -1.706919155372355279e+00 7.283145856658781270e+01
8.000000000000000444e-01 -2.731785899669072037e+00 5.354332347855464036e+01
8.166666666666666519e-01 -3.491696604657509972e+00 3.907385534172656349e+01
8.333333333333333703e-01 -4.034247744393290702e+00 2.685855866799883529e+01
8.499999999999999778e-01 -4.386981893590804482e+00 1.679337998317292246e+01
8.666666666666666963e-01 -4.594027077165721451e+00 8.120492572215320948e+00
8.833333333333333037e-01 -4.657664979331315180e+00 1.186532657368415400e+00
9.000000000000000222e-01 -4.633578165744668631e+00 -4.578128133335237493e+00
9.166666666666666297e-01 -4.505060708220140597e+00 -9.457992499544580767e+00
9.333333333333333481e-01 -4.318311749093182605e+00 -1.270343786707234024e+01
9.499999999999999556e-01 -4.081612779317729256e+00 -1.580214857296148523e+01
9.666666666666666741e-01 -3.791573463327799764e+00 -1.770286385919787620e+01
9.833333333333332815e-01 -3.491517317344466687e+00 -1.784712291225101666e+01
1.000000000000000000e+00 -3.196669366252765876e+00 -1.718060364767560699e+01
1.016666666666666607e+00 -2.918830529088613179e+00 -1.598641603157514801e+01
1.033333333333333215e+00 -2.663788831866927609e+00 -1.448858533941336901e+01
1.050000000000000044e+00 -2.435877684441500879e+00 -1.254617388652318510e+01
1.066666666666666652e+00 -2.245583035649488135e+00 -1.016706010244021741e+01
1.083333333333333259e+00 -2.096975681026826965e+00 -7.386181704703063566e+00
1.100000000000000089e+00 -1.999376978826052698e+00 -5.164697149042985380e+00
1.116666666666666696e+00 -1.924819109392060801e+00 -4.824297966033608276e+00
1.133333333333333304e+00 -1.838567046624932422e+00 -4.465806060824768942e+00
1.149999999999999911e+00 -1.775958907364568518e+00 -3.915899433872669366e+00
1.166666666666666741e+00 -1.708037065495843443e+00 -4.433224143967704478e+00
1.183333333333333348e+00 -1.628184769232311702e+00 -4.212533592758734180e+00
1.199999999999999956e+00 -1.567619279070552318e+00 -4.681175386572355990e+00
1.216666666666666563e+00 -1.472145589679899835e+00 -5.541196577864715422e+00
1.233333333333333393e+00 -1.382912726475061804e+00 -5.416920045954219276e+00
1.250000000000000000e+00 -1.291581588148092541e+00 -5.104540732311305007e+00
1.266666666666666607e+00 -1.212761368731351652e+00 -6.036189139012200222e+00
1.283333333333333215e+00 -1.090375283514352533e+00 -7.660767056306863942e+00
1.300000000000000044e+00 -9.574024668544561800e-01 -7.564982227543572968e+00
1.316666666666666652e+00 -8.382092092629001012e-01 -7.444898735051799221e+00
1.333333333333333259e+00 -7.092391756860628726e-01 -6.848232152769083925e+00
1.350000000000000089e+00 -6.099348041705973111e-01 -5.294929593508566512e+00
1.366666666666666696e+00 -5.327415225691106704e-01 -4.616504737408678061e+00
1.383333333333333304e+00 -4.560513129236413721e-01 -3.845286284265140520e+00
1.399999999999999911e+00 -4.045653130936059938e-01 -2.775723507605937446e+00
1.416666666666666741e+00 -3.635271960034434646e-01 -1.919785731491660652e+00
1.433333333333333348e+00 -3.405724553772173091e-01 -1.712003068373748160e+00
1.449999999999999956e+00 -3.064604270576518630e-01 -1.852400622676502184e+00
1.466666666666666563e+00 -2.788257679546672363e-01 -1.917942763832445552e+00
1.483333333333333393e+00 -2.425290015965703427e-01 -1.934678890188402667e+00
1.500000000000000000e+00 -2.143364716150538141e-01 -1.325253531137712937e+00
1.516666666666666607e+00 -1.983538838919799152e-01 -1.259200050729109233e+00
1.533333333333333215e+00 -1.723631365907501711e-01 -1.564458556135565725e+00
1.550000000000000044e+00 -1.462052653541277281e-01 -2.026140110552446139e+00
1.566666666666666652e+00 -1.048251329056686387e-01 -1.902711463889905641e+00
1.583333333333333259e+00 -8.278154989113087336e-02 -1.369782500561690819e+00
1.600000000000000089e+00 -5.916571622027894800e-02 -9.509247167864175454e-01
1.616666666666666696e+00 -5.108405933158362278e-02 -6.504781764416354140e-01
1.633333333333333304e+00 -3.748311033889110272e-02 -5.570756681813836542e-01
1.649999999999999911e+00 -3.251487039220416625e-02 -9.295195017658131054e-03
1.666666666666666741e+00 -3.717327050496916502e-02 3.555498118861855628e-01
1.683333333333333348e+00 -4.436653078841035214e-02 5.780083677958937072e-01
1.699999999999999956e+00 -5.644021609816562285e-02 9.660242097622688817e-01
1.716666666666666563e+00 -7.656733778048598060e-02 1.324394675931307663e+00
1.733333333333333393e+00 -1.005867052958758778e-01 2.085741017127692221e+00
1.750000000000000000e+00 -1.460920383514090481e-01 2.142424191595705629e+00
1.766666666666666607e+00 -1.720008450157327340e-01 1.237167224375737007e+00
1.783333333333333215e+00 -1.873309458306002817e-01 7.877293780350974606e-01
1.800000000000000044e+00 -1.982584909502359827e-01 5.769208228372318947e-02
1.816666666666666652e+00 -1.892540152400577214e-01 -8.050868314808193871e-01
1.833333333333333259e+00 -1.714222632342086716e-01 -1.040203897219323048e+00
1.849999999999999867e+00 -1.545805519994136179e-01 -9.907807770667768077e-01
1.866666666666666696e+00 -1.383962373319827799e-01 -1.221681724378070433e+00
1.883333333333333304e+00 -1.138578278534779359e-01 -1.493939181379378534e+00
1.899999999999999911e+00 -8.859826461933682784e-02 -1.488675501536370849e+00
1.916666666666666741e+00 -6.423531113559891037e-02 -1.548153149012234442e+00
1.933333333333333348e+00 -3.699315965226234598e-02 -1.953498286402707729e+00
1.949999999999999956e+00 8.812984111580120196e-04 -1.135294269226094110e+00
1.966666666666666563e+00 8.499826552741256451e-04 2.413307437327284408e-02
1.983333333333333393e+00 7.686259871558383488e-05 2.549947965822376914e-02
2.000000000000000000e+00 0.000000000000000000e+00 4.611755922935029985e-03
