0.000000000000000000e+00 1.065594489250062679e+03 1.683631544478034812e+03
1.666666666666666644e-02 1.037533963508762099e+03 1.683631544478034812e+03
3.333333333333333287e-02 1.009473437767461519e+03 1.683631544478041633e+03
5.000000000000000278e-02 9.814129120261607113e+02 1.683631544478041633e+03
6.666666666666666574e-02 9.533523862848601311e+02 1.683631544478041633e+03
8.333333333333332871e-02 9.252918605435593236e+02 1.683631544478041633e+03
1.000000000000000056e-01 8.972313348022587434e+02 1.683631544478041633e+03
1.166666666666666685e-01 8.691708090609579358e+02 1.683631544478041633e+03
1.333333333333333315e-01 8.411102833196573556e+02 1.683631544478038222e+03
1.499999999999999944e-01 8.130497575783566617e+02 1.683631544478041633e+03
1.666666666666666574e-01 7.849892318370559678e+02 1.683631544478041633e+03
1.833333333333333204e-01 7.569287060957552740e+02 1.683631544478041633e+03
2.000000000000000111e-01 7.288681803544545801e+02 1.683631544478041633e+03
2.166666666666666741e-01 7.008076546131538862e+02 1.683631544478041633e+03
2.333333333333333370e-01 6.727471288718531923e+02 1.683631544478041633e+03
2.500000000000000000e-01 6.446866031305524984e+02 1.683631544478041633e+03
2.666666666666666630e-01 6.166260773892518046e+02 1.683631544478038222e+03
2.833333333333333259e-01 5.885655516479512244e+02 1.683631544478041633e+03
2.999999999999999889e-01 5.605050259066504168e+02 1.683631544478041633e+03
3.166666666666666519e-01 5.324445001653498366e+02 1.683631544478038222e+03
3.333333333333333148e-01 5.043839744240491427e+02 1.683631544478041633e+03
3.499999999999999778e-01 4.763234486827484488e+02 1.683631544478041633e+03
3.666666666666666408e-01 4.482629229414477550e+02 1.683631544478041633e+03
3.833333333333333037e-01 4.202023972001470611e+02 1.683631544478045043e+03
4.000000000000000222e-01 3.921418714588462535e+02 1.683631544478045043e+03
4.166666666666666852e-01 3.640813457175455596e+02 1.683631544478038222e+03
4.333333333333333481e-01 3.360208199762449794e+02 1.683631544478038222e+03
4.500000000000000111e-01 3.079602942349442856e+02 1.683631544478041633e+03
4.666666666666666741e-01 2.798997684936435917e+02 1.683631544478041633e+03
4.833333333333333370e-01 2.518392427523428978e+02 1.683631544478041633e+03
5.000000000000000000e-01 2.237787170110422039e+02 1.683631544478038222e+03
5.166666666666666075e-01 1.957181912697416237e+02 1.683631544478040723e+03
5.333333333333333259e-01 1.676576655284408446e+02 1.683631544478046862e+03
5.500000000000000444e-01 1.395971397871400654e+02 1.683631544478040723e+03
5.666666666666666519e-01 1.115366140458394852e+02 1.683631544478040723e+03
5.833333333333333703e-01 8.347608830453870610e+01 1.683631544478040723e+03
5.999999999999999778e-01 5.541556256323812590e+01 1.655799602295829345e+03
6.166666666666666963e-01 2.828276822801106505e+01 9.356185626427178477e+02
6.333333333333333037e-01 2.422827714181419978e+01 3.063137238930382296e+02
6.500000000000000222e-01 1.807231076490979049e+01 3.448861700102053760e+02
6.666666666666666297e-01 1.273207147480735379e+01 2.895096432864800704e+02
6.833333333333333481e-01 8.421989322027121361e+00 2.302498042008982111e+02
6.999999999999999556e-01 5.057078001444080151e+00 1.807211202764310656e+02
7.166666666666666741e-01 2.397951979479418849e+00 1.404613415102390377e+02
7.333333333333332815e-01 3.750332844361121687e-01 1.056679408132843321e+02
7.500000000000000000e-01 -1.124312714296725524e+00 7.621147642235412434e+01
7.666666666666666075e-01 -2.165349262975691857e+00 5.408429652252501540e+01
7.833333333333333259e-01 -2.927122598380892615e+00 4.103073250395999594e+01
8.000000000000000444e-01 -3.533040346441024937e+00 3.488956290158026974e+01
8.166666666666666519e-01 -4.090108028433568244e+00 3.164915849929695213e+01
8.333333333333333703e-01 -4.588012296417590008e+00 2.732963725852545167e+01
8.499999999999999778e-01 -5.001095937051083240e+00 2.049453060410038674e+01
8.666666666666666963e-01 -5.271163316554269507e+00 1.137097427147561568e+01
8.833333333333333037e-01 -5.380128412766937096e+00 1.305496905435941102e+00
9.000000000000000222e-01 -5.314679880068800877e+00 -8.281825089570586940e+00
9.166666666666666297e-01 -5.104067576447917531e+00 -1.527110573002954830e+01
9.333333333333333481e-01 -4.805643022401149267e+00 -1.750641748633052330e+01
9.499999999999999556e-01 -4.520520326903566755e+00 -1.543675182413612568e+01
9.666666666666666741e-01 -4.291084628263278411e+00 -1.367603500172454467e+01
9.833333333333332815e-01 -4.064652493512748599e+00 -1.216774138954166418e+01
1.000000000000000000e+00 -3.885493248611889605e+00 -1.441883119653927459e+01
1.016666666666666607e+00 -3.584024786961439446e+00 -2.228966892322117843e+01
1.033333333333333215e+00 -3.142504284504517020e+00 -3.106547410470423998e+01
1.050000000000000044e+00 -2.548508983471298173e+00 -3.172281837417799366e+01
1.066666666666666652e+00 -2.085077005365250535e+00 -2.480926717124464176e+01
1.083333333333333259e+00 -1.721533411096476840e+00 -1.730475635570202897e+01
1.100000000000000089e+00 -1.508251793508516236e+00 -1.027448363900995432e+01
1.116666666666666696e+00 -1.379050623129478348e+00 -6.976814172931911529e+00
1.133333333333333304e+00 -1.275691321077452534e+00 -6.547283753843980314e+00
1.149999999999999911e+00 -1.160807831334679019e+00 -7.388961909735956013e+00
1.166666666666666741e+00 -1.029392590752920666e+00 -7.954486519022106350e+00
1.183333333333333348e+00 -8.956582807006088220e-01 -7.478938841629450884e+00
1.199999999999999956e+00 -7.800946293652722963e-01 -5.434707310275470604e+00
1.216666666666666563e+00 -7.145013703580931352e-01 -1.676660064727264476e+00
1.233333333333333393e+00 -7.242059605410301470e-01 2.657078535390921203e+00
1.250000000000000000e+00 -8.030706548711238346e-01 5.277289564174339809e+00
1.266666666666666607e+00 -9.001156126801748147e-01 4.955363770453796946e+00
1.283333333333333215e+00 -9.682494472195837254e-01 3.036232038300432645e+00
1.300000000000000044e+00 -1.001323347290189236e+00 1.516690727411627027e+00
1.316666666666666652e+00 -1.018805804799971293e+00 4.136820733095603053e-01
1.333333333333333259e+00 -1.015112749733841246e+00 -1.230578299650724183e+00
1.350000000000000089e+00 -9.777865281449471535e-01 -3.200924135782356128e+00
1.366666666666666696e+00 -9.084152785410960496e-01 -4.276545796899481111e+00
1.383333333333333304e+00 -8.352350015816311091e-01 -3.781667546895390863e+00
1.399999999999999911e+00 -7.823596936445830208e-01 -2.241580722424747485e+00
1.416666666666666741e+00 -7.605156441674728596e-01 -9.032942072968352942e-01
1.433333333333333348e+00 -7.522498867346885110e-01 -3.732269525790721243e-01
1.449999999999999956e+00 -7.480747457481704554e-01 -4.061579056629938123e-01
1.466666666666666563e+00 -7.387112898792553839e-01 -1.098557003371838370e+00
1.483333333333333393e+00 -7.114561789691091764e-01 -2.411005496704216267e+00
1.500000000000000000e+00 -6.583444399891148491e-01 -3.982828181560528424e+00
1.516666666666666607e+00 -5.786952395837582364e-01 -5.237594092667944956e+00
1.533333333333333215e+00 -4.837579702335166876e-01 -5.984169265455211217e+00
1.550000000000000044e+00 -3.792229307352512069e-01 -5.730699857194720082e+00
1.566666666666666652e+00 -2.927346416603593404e-01 -4.022317707730006298e+00
1.583333333333333259e+00 -2.451456738109176747e-01 -1.828238964687947776e+00
1.600000000000000089e+00 -2.317933428374277516e-01 5.000888938386499616e-01
1.616666666666666696e+00 -2.618153036055393401e-01 4.291297114417760850e-01
1.633333333333333304e+00 -2.460976665521536211e-01 -2.572156402209930359e+00
1.649999999999999911e+00 -1.760767568652083226e-01 -5.325347368059627939e+00
1.666666666666666741e+00 -6.858608761683269994e-02 -5.657332475996083687e+00
1.683333333333333348e+00 1.250099233466112764e-02 -4.869764930222504340e+00
1.699999999999999956e+00 9.373941005725076880e-02 -4.654575846044799903e+00
1.716666666666666563e+00 1.676535205361544545e-01 -3.947401957353863455e+00
1.733333333333333393e+00 2.253194753023795571e-01 -2.761008962421533930e+00
1.750000000000000000e+00 2.596871526168722522e-01 -1.386449158576859020e+00
1.766666666666666607e+00 2.715344472549415245e-01 -3.903146754060426993e-01
1.783333333333333215e+00 2.726976417970736755e-01 -7.659672688352436865e-02
1.800000000000000044e+00 2.740876714843923367e-01 -7.903693469260064663e-02
1.816666666666666652e+00 2.753322062868270304e-01 2.967500777414988633e-01
1.833333333333333259e+00 2.641960022263423746e-01 1.433055576516730767e+00
1.849999999999999867e+00 2.275636870696026715e-01 3.021853933670195502e+00
1.866666666666666696e+00 1.634675377706691912e-01 4.483680773029193212e+00
1.883333333333333304e+00 7.810766130196290791e-02 5.136060162715089028e+00
1.899999999999999911e+00 -7.734467653167109019e-03 4.037353453487273036e+00
1.916666666666666741e+00 -5.647078714761284007e-02 1.453691092960133879e+00
1.933333333333333348e+00 -5.619083741850490477e-02 -1.395875250370812504e+00
1.949999999999999956e+00 -9.941612135252422822e-03 -1.653159214188345327e+00
1.966666666666666563e+00 -1.085530278893395923e-03 -2.944416284171161302e-01
1.983333333333333393e+00 -1.268911880152183457e-04 -3.256590836680187812e-02
2.000000000000000000e+00 0.000000000000000000e+00 -7.613471280913101068e-03
