0.000000000000000000e+00 17826.9 150618
1.666666666666666644e-02 15316.6 140069
3.333333333333333287e-02 13157.9 120445
5.000000000000000278e-02 11301.8 103563
6.666666666666666574e-02 9705.86 89039.5
8.333333333333332871e-02 8333.8 76546.4
1.000000000000000056e-01 7154.31 65800
1.166666666666666685e-01 6140.47 56556.6
1.333333333333333315e-01 5269.09 48606.4
1.499999999999999944e-01 4520.25 41768.8
1.666666666666666574e-01 3876.8 35888.5
1.833333333333333204e-01 3323.97 30831.7
2.000000000000000111e-01 2849.08 26483.5
2.166666666666666741e-01 2441.19 22744.8
2.333333333333333370e-01 2090.92 19530.5
2.500000000000000000e-01 1790.17 16767.3
2.666666666666666630e-01 1532.01 14392
2.833333333333333259e-01 1310.44 12350.5
2.999999999999999889e-01 1120.32 10596
3.166666666666666519e-01 957.239 9088.34
3.333333333333333148e-01 817.38 7792.99
3.499999999999999778e-01 697.473 6680.2
3.666666666666666408e-01 594.706 5724.38
3.833333333333333037e-01 506.66 4903.53
4.000000000000000222e-01 431.255 4198.71
4.166666666666666852e-01 366.703 3593.65
4.333333333333333481e-01 311.467 3074.33
4.500000000000000111e-01 264.226 2628.7
4.666666666666666741e-01 223.844 2246.39
4.833333333333333370e-01 189.346 1918.51
5.000000000000000000e-01 159.893 1637.38
5.166666666666666075e-01 134.766 1396.42
5.333333333333333259e-01 113.346 1189.95
5.500000000000000444e-01 95.1015 1013.1
5.666666666666666519e-01 79.5761 861.691
5.833333333333333703e-01 66.3785 732.114
5.999999999999999778e-01 55.1723 621.276
6.166666666666666963e-01 45.6693 721.493
6.333333333333333037e-01 31.1226 800.876
6.500000000000000222e-01 18.9734 409.533
6.666666666666666297e-01 17.4715 130.461
6.833333333333333481e-01 14.6247 166.765
6.999999999999999556e-01 11.9126 153.242
7.166666666666666741e-01 9.51662 133.904
7.333333333333332815e-01 7.44917 114.723
7.500000000000000000e-01 5.69252 97.0752
7.666666666666666075e-01 4.21333 81.4543
7.833333333333333259e-01 2.97738 67.8132
8.000000000000000444e-01 1.95289 56.0273
8.166666666666666519e-01 1.1098 46.0229
8.333333333333333703e-01 0.418787 37.6379
8.499999999999999778e-01 -0.144799 30.5715
8.666666666666666963e-01 -0.600264 24.5607
8.833333333333333037e-01 -0.963489 19.4235
9.000000000000000222e-01 -1.24771 15.0643
9.166666666666666297e-01 -1.46563 11.428
9.333333333333333481e-01 -1.62865 8.44926
9.499999999999999556e-01 -1.74727 6.00974
9.666666666666666741e-01 -1.82897 3.97002
9.833333333333332815e-01 -1.87961 2.20635
1.000000000000000000e+00 -1.90252 0.666768
1.016666666666666607e+00 -1.90183 -0.639126
1.033333333333333215e+00 -1.88121 -1.6687
1.050000000000000044e+00 -1.84621 -2.39267
1.066666666666666652e+00 -1.80146 -2.85851
1.083333333333333259e+00 -1.75093 -3.1961
1.100000000000000089e+00 -1.69492 -3.48178
1.116666666666666696e+00 -1.63487 -3.71008
1.133333333333333304e+00 -1.57125 -3.85714
1.149999999999999911e+00 -1.5063 -3.88963
1.166666666666666741e+00 -1.4416 -3.79652
1.183333333333333348e+00 -1.37975 -3.63751
1.199999999999999956e+00 -1.32035 -3.52249
1.216666666666666563e+00 -1.26233 -3.55064
1.233333333333333393e+00 -1.20199 -3.73837
1.250000000000000000e+00 -1.13772 -3.99408
1.266666666666666607e+00 -1.06886 -4.20368
1.283333333333333215e+00 -0.997595 -4.2948
1.300000000000000044e+00 -0.925696 -4.24648
1.316666666666666652e+00 -0.856046 -4.06797
1.333333333333333259e+00 -0.790097 -3.79727
1.350000000000000089e+00 -0.72947 -3.48657
1.366666666666666696e+00 -0.673878 -3.19954
1.383333333333333304e+00 -0.622819 -2.97464
1.399999999999999911e+00 -0.574723 -2.80434
1.416666666666666741e+00 -0.52934 -2.64409
1.433333333333333348e+00 -0.486587 -2.45137
1.449999999999999956e+00 -0.447628 -2.19609
1.466666666666666563e+00 -0.413384 -1.89093
1.483333333333333393e+00 -0.384597 -1.58322
1.500000000000000000e+00 -0.360609 -1.34346
1.516666666666666607e+00 -0.339815 -1.2128
1.533333333333333215e+00 -0.320183 -1.18032
1.550000000000000044e+00 -0.300471 -1.20046
1.566666666666666652e+00 -0.280167 -1.23177
1.583333333333333259e+00 -0.259412 -1.24542
1.600000000000000089e+00 -0.238653 -1.23297
1.616666666666666696e+00 -0.218313 -1.20029
1.633333333333333304e+00 -0.198644 -1.16592
1.649999999999999911e+00 -0.179449 -1.14248
1.666666666666666741e+00 -0.160561 -1.12889
1.683333333333333348e+00 -0.141819 -1.11159
1.699999999999999956e+00 -0.123508 -1.07045
1.716666666666666563e+00 -0.106138 -0.997518
1.733333333333333393e+00 -0.0902575 -0.901211
1.750000000000000000e+00 -0.0760976 -0.790501
1.766666666666666607e+00 -0.0639074 -0.671123
1.783333333333333215e+00 -0.0537268 -0.556958
1.800000000000000044e+00 -0.0453422 -0.458982
1.816666666666666652e+00 -0.0384274 -0.379389
1.833333333333333259e+00 -0.0326959 -0.31558
1.849999999999999867e+00 -0.0279081 -0.265676
1.866666666666666696e+00 -0.02384 -0.228219
1.883333333333333304e+00 -0.0203008 -0.202984
1.899999999999999911e+00 -0.0170739 -0.188779
1.916666666666666741e+00 -0.0140082 -0.183083
1.933333333333333348e+00 -0.0109711 -0.40834
1.949999999999999956e+00 -0.000396845 -0.327777
1.966666666666666563e+00 -4.52116e-05 -0.0118008
1.983333333333333393e+00 -3.48503e-06 -0.00135635
2.000000000000000000e+00 0 -0.000209102
