0.000000000000000000e+00 4.319612989641754552e+02 7.210516499156335612e+02
1.666666666666666644e-02 4.199437714655815626e+02 7.210516499156352666e+02
3.333333333333333287e-02 4.079262439669876130e+02 7.210516499156352666e+02
5.000000000000000278e-02 3.959087164683937203e+02 7.210516499156335612e+02
6.666666666666666574e-02 3.838911889697998276e+02 7.210516499156352666e+02
8.333333333333332871e-02 3.718736614712058781e+02 7.210516499156352666e+02
1.000000000000000056e-01 3.598561339726119854e+02 7.210516499156352666e+02
1.166666666666666685e-01 3.478386064740180359e+02 7.210516499156352666e+02
1.333333333333333315e-01 3.358210789754241432e+02 7.210516499156352666e+02
1.499999999999999944e-01 3.238035514768301937e+02 7.210516499156335612e+02
1.666666666666666574e-01 3.117860239782363578e+02 7.210516499156335612e+02
1.833333333333333204e-01 2.997684964796424083e+02 7.210516499156369719e+02
2.000000000000000111e-01 2.877509689810484588e+02 7.210516499156352666e+02
2.166666666666666741e-01 2.757334414824545661e+02 7.210516499156335612e+02
2.333333333333333370e-01 2.637159139838606734e+02 7.210516499156352666e+02
2.500000000000000000e-01 2.516983864852667239e+02 7.210516499156352666e+02
2.666666666666666630e-01 2.396808589866728312e+02 7.210516499156335612e+02
2.833333333333333259e-01 2.276633314880789385e+02 7.210516499156352666e+02
2.999999999999999889e-01 2.156458039894849890e+02 7.210516499156352666e+02
3.166666666666666519e-01 2.036282764908910963e+02 7.210516499156335612e+02
3.333333333333333148e-01 1.916107489922972036e+02 7.210516499156352666e+02
3.499999999999999778e-01 1.795932214937032541e+02 7.210516499156352666e+02
3.666666666666666408e-01 1.675756939951093614e+02 7.210516499156335612e+02
3.833333333333333037e-01 1.555581664965154687e+02 7.210516499156352666e+02
4.000000000000000222e-01 1.435406389979215191e+02 7.210516499156361760e+02
4.166666666666666852e-01 1.315231114993275980e+02 7.210516499156352666e+02
4.333333333333333481e-01 1.195055840007336769e+02 7.210516499156348118e+02
4.500000000000000111e-01 1.074880565021397700e+02 7.210516499156344707e+02
4.666666666666666741e-01 9.547052900354586313e+01 7.210516499156348118e+02
4.833333333333333370e-01 8.345300150495194202e+01 7.210516499156348118e+02
5.000000000000000000e-01 7.143547400635803513e+01 4.125723222029681665e+02
5.166666666666666075e-01 6.970059076485300409e+01 3.587630053584518919e+02
5.333333333333333259e-01 5.947670716107630540e+01 6.238882890387175166e+02
5.500000000000000444e-01 4.890431446356242162e+01 6.042484780793291748e+02
5.666666666666666519e-01 3.933509122509866529e+01 5.255081950694102488e+02
5.833333333333333703e-01 3.138737462791541333e+01 4.368959915163205778e+02
5.999999999999999778e-01 2.477189150788797889e+01 3.620670798445084984e+02
6.166666666666666963e-01 1.931847196643179743e+01 2.994696839521646439e+02
6.333333333333333037e-01 1.478956870948249147e+01 2.467401896187321029e+02
6.500000000000000222e-01 1.109379897914072721e+01 2.022552175829390535e+02
6.666666666666666297e-01 8.047728123384523258e+00 1.670708754112003191e+02
6.833333333333333481e-01 5.524769798767382945e+00 1.395735768222874924e+02
6.999999999999999556e-01 3.395275562641606903e+00 1.166676536781791356e+02
7.166666666666666741e-01 1.635848009494745181e+00 9.942310718932031932e+01
7.333333333333332815e-01 8.117198966426267259e-02 8.568713183107939813e+01
7.500000000000000000e-01 -1.220389718207901320e+00 7.069344895760518455e+01
7.666666666666666075e-01 -2.275276308922576707e+00 5.375852469956349466e+01
7.833333333333333259e-01 -3.012340541526684401e+00 3.817244056401632690e+01
8.000000000000000444e-01 -3.547690994389787633e+00 2.768489862634419296e+01
8.166666666666666519e-01 -3.935170495738157470e+00 2.091691977075466724e+01
8.333333333333333703e-01 -4.244921653414943208e+00 1.540904414130094935e+01
8.499999999999999778e-01 -4.448805300448189115e+00 9.425849425780734592e+00
8.666666666666666963e-01 -4.559116634274301028e+00 5.156742838444055010e+00
8.833333333333333037e-01 -4.620696728396324282e+00 2.543145378178035543e+00
9.000000000000000222e-01 -4.643888146880235546e+00 1.344515275126365594e+00
9.166666666666666297e-01 -4.665513904233869802e+00 -1.079929505999350781e+00
9.333333333333333481e-01 -4.607890496680257186e+00 -6.544811067510138969e+00
9.499999999999999556e-01 -4.447353535316865170e+00 -1.079775867927443400e+01
9.666666666666666741e-01 -4.247965207371109386e+00 -1.222115037966604589e+01
9.833333333333332815e-01 -4.039981855994663640e+00 -1.251070533174132748e+01
1.000000000000000000e+00 -3.830941696313065137e+00 -1.311162423853114767e+01
1.016666666666666607e+00 -3.602927714710292051e+00 -1.341995896756588458e+01
1.033333333333333215e+00 -3.383609730727535680e+00 -1.434298016803863263e+01
1.050000000000000044e+00 -3.124828375775670963e+00 -1.518040153835092276e+01
1.066666666666666652e+00 -2.877596346115838255e+00 -1.420669286696259803e+01
1.083333333333333259e+00 -2.651271946876917696e+00 -1.379070134472769382e+01
1.100000000000000089e+00 -2.417906301291581794e+00 -1.484436073323944427e+01
1.116666666666666696e+00 -2.156459922435602916e+00 -1.538230976752796053e+01
1.133333333333333304e+00 -1.905162642373983140e+00 -1.402095131730621169e+01
1.149999999999999911e+00 -1.689094878525395860e+00 -1.155940952343405037e+01
1.166666666666666741e+00 -1.519848991592848142e+00 -9.736662901638249323e+00
1.183333333333333348e+00 -1.364539448470787564e+00 -9.084738763822208796e+00
1.199999999999999956e+00 -1.217024366132107849e+00 -8.677273885237266171e+00
1.216666666666666563e+00 -1.075296985629545343e+00 -7.816497569333163753e+00
1.233333333333333393e+00 -9.564744471543357163e-01 -6.355868277159650859e+00
1.250000000000000000e+00 -8.634347097242236480e-01 -5.384704124836837025e+00
1.266666666666666607e+00 -7.769843096597744969e-01 -4.783291872646245224e+00
1.283333333333333215e+00 -7.039916473026821553e-01 -4.263899105552639845e+00
1.300000000000000044e+00 -6.348543394746865021e-01 -3.408798592228020841e+00
1.316666666666666652e+00 -5.903650275617481347e-01 -2.659329821337878208e+00
1.333333333333333259e+00 -5.462100120967572359e-01 -2.181680753523954852e+00
1.350000000000000089e+00 -5.176423357776163137e-01 -1.719363838889540474e+00
1.366666666666666696e+00 -4.888978841337725534e-01 -1.277386925640242143e+00
1.383333333333333304e+00 -4.750627715896082459e-01 -1.125684746614492582e+00
1.399999999999999911e+00 -4.513750592466228007e-01 -1.198933885200526017e+00
1.416666666666666741e+00 -4.350983087495907120e-01 -8.624673975252533653e-01
1.433333333333333348e+00 -4.226261459957810218e-01 -7.344629881867564825e-01
1.449999999999999956e+00 -4.106162091433654959e-01 -5.550144469474022069e-01
1.466666666666666563e+00 -4.041256644308676149e-01 -4.780403540205141466e-01
1.483333333333333393e+00 -3.946815306760150244e-01 -6.467324924753986570e-01
1.500000000000000000e+00 -3.825679146816876597e-01 -1.120448755009881836e+00
1.516666666666666607e+00 -3.573332388423522965e-01 -1.440958234640323798e+00
1.533333333333333215e+00 -3.345359735270101997e-01 -1.423773450363700732e+00
1.550000000000000044e+00 -3.098741238302289425e-01 -1.458106730623411895e+00
1.566666666666666652e+00 -2.859324158395631366e-01 -1.382950142002848493e+00
1.583333333333333259e+00 -2.637757857634673297e-01 -1.354813907888934077e+00
1.600000000000000089e+00 -2.407719522432653358e-01 -1.524357959837413512e+00
1.616666666666666696e+00 -2.129638537688868793e-01 -1.730781051432212170e+00
1.633333333333333304e+00 -1.830792505288582617e-01 -1.519957850242887876e+00
1.649999999999999911e+00 -1.622985920941239502e-01 -1.113491523853675780e+00
1.666666666666666741e+00 -1.459628664004024023e-01 -9.481041470000770577e-01
1.683333333333333348e+00 -1.306951205274547168e-01 -8.210921537696896921e-01
1.699999999999999956e+00 -1.185931279414127459e-01 -5.974399835794333979e-01
1.716666666666666563e+00 -1.107804544081402720e-01 -3.120582811060914064e-01
1.733333333333333393e+00 -1.081911852378763667e-01 -1.707515302319802253e-01
1.750000000000000000e+00 -1.050887367337409312e-01 -1.610847194516841496e-01
1.766666666666666607e+00 -1.028216945894868950e-01 -1.362914844365076261e-01
1.783333333333333215e+00 -1.005456872525240103e-01 -1.570843282235163951e-01
1.800000000000000044e+00 -9.758555031536968183e-02 -2.720294245684722334e-01
1.816666666666666652e+00 -9.147803976690827010e-02 -3.753488522255450932e-01
1.833333333333333259e+00 -8.507392190785151298e-02 -4.012054286886532206e-01
1.849999999999999867e+00 -7.810452547728649608e-02 -4.865712902174140764e-01
1.866666666666666696e+00 -6.885487890060437710e-02 -6.075200401817302254e-01
1.883333333333333304e+00 -5.785385747122882144e-02 -6.820589467829967223e-01
1.899999999999999911e+00 -4.611958067450448728e-02 -6.655367547911248405e-01
1.916666666666666741e+00 -3.566929897819132861e-02 -5.732155457349202843e-01
1.933333333333333348e+00 -2.701239581667380998e-02 -9.957059094004212518e-01
1.949999999999999956e+00 -2.479101998177286968e-03 -8.034761918531629910e-01
1.966666666666666563e+00 -2.298560882350459680e-04 -7.388246571364499860e-02
1.983333333333333393e+00 -1.635314105578692466e-05 -6.895682647051378823e-03
2.000000000000000000e+00 0.000000000000000000e+00 -9.811884633472154390e-04
