0.000000000000000000e+00 6.522504112767785500e+02 1.081020889724529752e+03
1.666666666666666644e-02 6.342333964480363875e+02 1.081020889724529752e+03
3.333333333333333287e-02 6.162163816192942249e+02 1.081020889724529752e+03
5.000000000000000278e-02 5.981993667905520624e+02 1.081020889724529752e+03
6.666666666666666574e-02 5.801823519618098999e+02 1.081020889724529752e+03
8.333333333333332871e-02 5.621653371330677373e+02 1.081020889724533163e+03
1.000000000000000056e-01 5.441483223043254611e+02 1.081020889724533163e+03
1.166666666666666685e-01 5.261313074755832986e+02 1.081020889724529752e+03
1.333333333333333315e-01 5.081142926468411360e+02 1.081020889724531571e+03
1.499999999999999944e-01 4.900972778180989167e+02 1.081020889724531571e+03
1.666666666666666574e-01 4.720802629893567541e+02 1.081020889724531571e+03
1.833333333333333204e-01 4.540632481606145348e+02 1.081020889724533163e+03
2.000000000000000111e-01 4.360462333318723154e+02 1.081020889724531571e+03
2.166666666666666741e-01 4.180292185031301528e+02 1.081020889724531571e+03
2.333333333333333370e-01 4.000122036743879335e+02 1.081020889724531571e+03
2.500000000000000000e-01 3.819951888456457709e+02 1.081020889724531571e+03
2.666666666666666630e-01 3.639781740169035515e+02 1.081020889724531571e+03
2.833333333333333259e-01 3.459611591881613890e+02 1.081020889724531571e+03
2.999999999999999889e-01 3.279441443594191696e+02 1.081020889724531571e+03
3.166666666666666519e-01 3.099271295306770071e+02 1.081020889724531571e+03
3.333333333333333148e-01 2.919101147019347877e+02 1.081020889724531571e+03
3.499999999999999778e-01 2.738930998731926252e+02 1.081020889724531571e+03
3.666666666666666408e-01 2.558760850444504058e+02 1.081020889724531571e+03
3.833333333333333037e-01 2.378590702157082433e+02 1.081020889724533163e+03
4.000000000000000222e-01 2.198420553869659670e+02 1.081020889724533163e+03
4.166666666666666852e-01 2.018250405582238045e+02 1.081020889724530662e+03
4.333333333333333481e-01 1.838080257294816136e+02 1.081020889724531571e+03
4.500000000000000111e-01 1.657910109007394226e+02 1.081020889724531571e+03
4.666666666666666741e-01 1.477739960719972316e+02 1.081020889724531571e+03
4.833333333333333370e-01 1.297569812432550407e+02 1.081020889724531571e+03
5.000000000000000000e-01 1.117399664145128497e+02 1.081020889724529297e+03
5.166666666666666075e-01 9.372295158577072982e+01 1.081020889724531116e+03
5.333333333333333259e-01 7.570593675702848202e+01 6.207048248803266688e+02
5.500000000000000444e-01 7.303279075642650753e+01 3.040496070474965791e+02
5.666666666666666519e-01 6.557094985544526367e+01 6.284048385098235485e+02
5.833333333333333703e-01 5.208596280609905449e+01 7.295748958942531317e+02
5.999999999999999778e-01 4.125178665897016117e+01 5.893790051655405478e+02
6.166666666666666963e-01 3.243999596724770385e+01 4.901124478284463066e+02
6.333333333333333037e-01 2.491470506468861856e+01 4.145003464975833936e+02
6.500000000000000222e-01 1.862331775066159167e+01 3.401154685968517128e+02
6.666666666666666297e-01 1.357752277812689456e+01 2.728655017786027202e+02
6.833333333333333481e-01 9.527801024708168143e+00 2.199541270768554284e+02
6.999999999999999556e-01 6.245718542231713855e+00 1.792102802530007750e+02
7.166666666666666741e-01 3.554125016274809035e+00 1.476903655367882493e+02
7.333333333333332815e-01 1.322706357672104982e+00 1.219656543047564128e+02
7.500000000000000000e-01 -5.113967938837375993e-01 9.668777866330368909e+01
7.666666666666666075e-01 -1.900219597771351410e+00 7.396533024956147528e+01
7.833333333333333259e-01 -2.976907802202453102e+00 5.548917762166649226e+01
8.000000000000000444e-01 -3.749858851826901152e+00 3.884538538164110832e+01
8.166666666666666519e-01 -4.271753981590490135e+00 2.480426596298306308e+01
8.333333333333333703e-01 -4.576667717259669921e+00 1.572800448364388259e+01
8.499999999999999778e-01 -4.796020797711952888e+00 8.646760821792707219e+00
8.666666666666666963e-01 -4.864893077986093495e+00 1.135797533143074745e+00
8.833333333333333037e-01 -4.833880715483388713e+00 -4.324087692372007297e+00
9.000000000000000222e-01 -4.720756821573693252e+00 -7.413012264626210879e+00
9.166666666666666297e-01 -4.586780306662515017e+00 -9.302087930917188885e+00
9.333333333333333481e-01 -4.410687223876453622e+00 -1.043795442939826401e+01
9.499999999999999556e-01 -4.238848492349239550e+00 -1.082207487825420422e+01
9.666666666666666741e-01 -4.049951394601313481e+00 -1.242355819315810628e+01
9.833333333333332815e-01 -3.824729885910636007e+00 -1.397503952783148762e+01
1.000000000000000000e+00 -3.584116743673597227e+00 -1.417101946760613274e+01
1.016666666666666607e+00 -3.352362570323764945e+00 -1.353280305362230962e+01
1.033333333333333215e+00 -3.133023308552853603e+00 -1.369119613860681461e+01
1.050000000000000044e+00 -2.895989365703537821e+00 -1.459919275242223513e+01
1.066666666666666652e+00 -2.646383550138779128e+00 -1.478034067877466917e+01
1.083333333333333259e+00 -2.403311343077715545e+00 -1.484693542834922475e+01
1.100000000000000089e+00 -2.151485702527138333e+00 -1.470092476650074254e+01
1.116666666666666696e+00 -1.913280517527690794e+00 -1.428389238631964631e+01
1.133333333333333304e+00 -1.675355956316483486e+00 -1.357678647606938682e+01
1.149999999999999911e+00 -1.460720968325377900e+00 -1.307291026224845609e+01
1.166666666666666741e+00 -1.239592280908201616e+00 -1.283000084925163442e+01
1.183333333333333348e+00 -1.033054273350323404e+00 -1.181086849544775141e+01
1.199999999999999956e+00 -8.458966643932765983e-01 -1.037930408885659439e+01
1.216666666666666563e+00 -6.870774703884369172e-01 -9.218137869784499117e+00
1.233333333333333393e+00 -5.386254020671266129e-01 -8.430088592763825162e+00
1.250000000000000000e+00 -4.060745172963093896e-01 -7.149858897361468735e+00
1.266666666666666607e+00 -3.002967721550776625e-01 -5.860216964769065839e+00
1.283333333333333215e+00 -2.107339518040071968e-01 -5.007970499555966626e+00
1.300000000000000044e+00 -1.333644221698787879e-01 -4.181818703092548439e+00
1.316666666666666652e+00 -7.133999503425558775e-02 -3.512603126602029224e+00
1.333333333333333259e+00 -1.627765128314448417e-02 -2.519278807907720630e+00
1.350000000000000089e+00 1.263596522933509853e-02 -9.425347032770993172e-01
1.366666666666666696e+00 1.514017215942549052e-02 7.667354529840686439e-02
1.383333333333333304e+00 1.008018038605486971e-02 4.835081996340589994e-02
1.399999999999999911e+00 1.352847816064529397e-02 4.978383981501963707e-01
1.416666666666666741e+00 -6.514432885618342238e-03 1.748941195223320255e+00
1.433333333333333348e+00 -4.476956168013204729e-02 2.166152841223855319e+00
1.449999999999999956e+00 -7.871952759308017966e-02 1.740442134563063625e+00
1.466666666666666563e+00 -1.027842994989008329e-01 1.591812998657940792e+00
1.483333333333333393e+00 -1.317799608816782042e-01 1.761663794798771887e+00
1.500000000000000000e+00 -1.615064259921932255e-01 1.720592894451811183e+00
1.516666666666666607e+00 -1.891330573634052437e-01 1.669001002817465995e+00
1.533333333333333215e+00 -2.171397927527754235e-01 1.389283786893022787e+00
1.550000000000000044e+00 -2.354425169265060014e-01 7.753222998521156484e-01
1.566666666666666652e+00 -2.429838694145126099e-01 2.352898717576562548e-01
1.583333333333333259e+00 -2.432855126517612099e-01 -5.323669744211390054e-02
1.600000000000000089e+00 -2.412093128331088132e-01 -4.056161097540542104e-01
1.616666666666666696e+00 -2.297649756599594029e-01 -7.177962964933531920e-01
1.633333333333333304e+00 -2.172827696166637068e-01 -7.493104457832994170e-01
1.649999999999999911e+00 -2.047879608005160890e-01 -8.815081859402634779e-01
1.666666666666666741e+00 -1.878991634186549242e-01 -1.170849156247866008e+00
1.683333333333333348e+00 -1.657596555922538906e-01 -1.225347026482584090e+00
1.699999999999999956e+00 -1.470542625359021194e-01 -1.083444844047219746e+00
1.716666666666666563e+00 -1.296448274573465675e-01 -1.044753406514668193e+00
1.733333333333333393e+00 -1.122291489854131824e-01 -8.731387332613386176e-01
1.750000000000000000e+00 -1.005402030153019488e-01 -5.201430974595470103e-01
1.766666666666666607e+00 -9.489104573676161725e-02 -3.256401454535966522e-01
1.783333333333333215e+00 -8.968553150018206133e-02 -3.962323441961090875e-01
1.800000000000000044e+00 -8.168330093022464766e-02 -3.567961545121025035e-01
1.816666666666666652e+00 -7.779232634977864547e-02 -3.313887946586105415e-01
1.833333333333333259e+00 -7.063700777493762961e-02 -5.030985097624920410e-01
1.849999999999999867e+00 -6.102237602436224456e-02 -4.969149774891722382e-01
1.866666666666666696e+00 -5.407317519196522260e-02 -3.566781298832288338e-01
1.883333333333333304e+00 -4.913310502825461723e-02 -3.811840437919596924e-01
1.899999999999999911e+00 -4.136704039889989998e-02 -5.207803149015216571e-01
1.916666666666666741e+00 -3.177376119820389533e-02 -5.533956795343019097e-01
1.933333333333333348e+00 -2.292051774775650391e-02 -8.769789952515361087e-01
1.949999999999999956e+00 -2.541128023152690839e-03 -6.798863023935227679e-01
1.966666666666666563e+00 -2.576410013057455731e-04 -7.566392049563513966e-02
1.983333333333333393e+00 -1.899733996485272492e-05 -7.729230039172366867e-03
2.000000000000000000e+00 0.000000000000000000e+00 -1.139840397891163414e-03
