0.000000000000000000e+00 185.331 340.016
1.666666666666666644e-02 179.664 340.016
3.333333333333333287e-02 173.997 340.016
5.000000000000000278e-02 168.33 340.016
6.666666666666666574e-02 162.663 340.016
8.333333333333332871e-02 156.996 340.016
1.000000000000000056e-01 151.33 340.016
1.166666666666666685e-01 145.663 340.016
1.333333333333333315e-01 139.996 340.016
1.499999999999999944e-01 134.329 340.016
1.666666666666666574e-01 128.662 340.016
1.833333333333333204e-01 122.995 340.016
2.000000000000000111e-01 117.328 340.016
2.166666666666666741e-01 111.661 340.016
2.333333333333333370e-01 105.994 340.016
2.500000000000000000e-01 100.327 340.016
2.666666666666666630e-01 94.6602 340.016
2.833333333333333259e-01 88.9933 340.016
2.999999999999999889e-01 83.3263 340.016
3.166666666666666519e-01 77.6594 340.016
3.333333333333333148e-01 71.9925 340.016
3.499999999999999778e-01 66.3255 340.016
3.666666666666666408e-01 60.6586 340.016
3.833333333333333037e-01 54.9917 340.016
4.000000000000000222e-01 49.3248 340.016
4.166666666666666852e-01 43.6578 340.016
4.333333333333333481e-01 37.9909 340.016
4.500000000000000111e-01 32.324 340.016
4.666666666666666741e-01 26.657 340.016
4.833333333333333370e-01 20.9901 340.016
5.000000000000000000e-01 15.3232 279.549
5.166666666666666075e-01 11.6718 194.067
5.333333333333333259e-01 8.85429 153.429
5.500000000000000444e-01 6.55749 126.388
5.666666666666666519e-01 4.64134 105.157
5.833333333333333703e-01 3.05226 86.7659
5.999999999999999778e-01 1.74915 70.6069
6.166666666666666963e-01 0.698694 56.5826
6.333333333333333037e-01 -0.136938 44.7333
6.500000000000000222e-01 -0.792417 34.9564
6.666666666666666297e-01 -1.30215 26.9705
6.833333333333333481e-01 -1.69143 20.3329
6.999999999999999556e-01 -1.97992 14.618
7.166666666666666741e-01 -2.1787 9.52633
7.333333333333332815e-01 -2.29746 5.04622
7.500000000000000000e-01 -2.34691 1.36273
7.666666666666666075e-01 -2.34288 -1.38242
7.833333333333333259e-01 -2.30083 -3.21869
8.000000000000000444e-01 -2.23559 -4.30646
8.166666666666666519e-01 -2.15728 -4.893
8.333333333333333703e-01 -2.07249 -5.20046
8.499999999999999778e-01 -1.98393 -5.37937
8.666666666666666963e-01 -1.89318 -5.51107
8.833333333333333037e-01 -1.80023 -5.62484
9.000000000000000222e-01 -1.70569 -5.7521
9.166666666666666297e-01 -1.60849 -5.95863
9.333333333333333481e-01 -1.50707 -6.2295
9.499999999999999556e-01 -1.40084 -6.5179
9.666666666666666741e-01 -1.2898 -6.79784
9.833333333333332815e-01 -1.17425 -7.04637
1.000000000000000000e+00 -1.05492 -7.20934
1.016666666666666607e+00 -0.933937 -7.23114
1.033333333333333215e+00 -0.813885 -7.03951
1.050000000000000044e+00 -0.699286 -6.59518
1.066666666666666652e+00 -0.594046 -5.93443
1.083333333333333259e+00 -0.501472 -5.14371
1.100000000000000089e+00 -0.422589 -4.29686
1.116666666666666696e+00 -0.358244 -3.4555
1.133333333333333304e+00 -0.307405 -2.71194
1.149999999999999911e+00 -0.267846 -2.14434
1.166666666666666741e+00 -0.235927 -1.76687
1.183333333333333348e+00 -0.20895 -1.53367
1.199999999999999956e+00 -0.184805 -1.40624
1.216666666666666563e+00 -0.162075 -1.33584
1.233333333333333393e+00 -0.140277 -1.26198
1.250000000000000000e+00 -0.120009 -1.14009
1.266666666666666607e+00 -0.102274 -0.984718
1.283333333333333215e+00 -0.0871852 -0.846407
1.300000000000000044e+00 -0.0740604 -0.760313
1.316666666666666652e+00 -0.0618414 -0.724445
1.333333333333333259e+00 -0.0499122 -0.702219
1.350000000000000089e+00 -0.0384341 -0.647256
1.366666666666666696e+00 -0.028337 -0.53466
1.383333333333333304e+00 -0.0206121 -0.377819
1.399999999999999911e+00 -0.0157431 -0.204113
1.416666666666666741e+00 -0.0138083 -0.0496544
1.433333333333333348e+00 -0.0140879 0.0576742
1.449999999999999956e+00 -0.0157308 0.11522
1.466666666666666563e+00 -0.0179286 0.148355
1.483333333333333393e+00 -0.0206759 0.182699
1.500000000000000000e+00 -0.0240186 0.221187
1.516666666666666607e+00 -0.0280488 0.248671
1.533333333333333215e+00 -0.0323076 0.246296
1.550000000000000044e+00 -0.0362587 0.206919
1.566666666666666652e+00 -0.0392049 0.143134
1.583333333333333259e+00 -0.0410298 0.0834214
1.600000000000000089e+00 -0.0419856 0.0409931
1.616666666666666696e+00 -0.0423963 0.0141985
1.633333333333333304e+00 -0.0424589 -0.00485644
1.649999999999999911e+00 -0.0422344 -0.0240115
1.666666666666666741e+00 -0.0416585 -0.0529769
1.683333333333333348e+00 -0.0404685 -0.0977561
1.699999999999999956e+00 -0.0384 -0.15454
1.716666666666666563e+00 -0.0353172 -0.208543
1.733333333333333393e+00 -0.0314485 -0.243928
1.750000000000000000e+00 -0.0271862 -0.253255
1.766666666666666607e+00 -0.0230067 -0.242561
1.783333333333333215e+00 -0.0191008 -0.227015
1.800000000000000044e+00 -0.0154395 -0.217773
1.816666666666666652e+00 -0.0118417 -0.216093
1.833333333333333259e+00 -0.0082364 -0.216433
1.849999999999999867e+00 -0.00462732 -0.20674
1.866666666666666696e+00 -0.00134506 -0.177009
1.883333333333333304e+00 0.00127296 -0.131817
1.899999999999999911e+00 0.00304886 -0.0835532
1.916666666666666741e+00 0.00405807 -0.0410017
1.933333333333333348e+00 0.00441558 0.113391
1.949999999999999956e+00 0.000278376 0.131691
1.966666666666666563e+00 2.58723e-05 0.00821117
1.983333333333333393e+00 4.67038e-06 0.000776168
2.000000000000000000e+00 0 0.000280223
