0.000000000000000000e+00 2.386038616723494954e+02 3.823665706469142833e+02
1.666666666666666644e-02 2.322310854949009240e+02 3.823665706469142833e+02
3.333333333333333287e-02 2.258583093174523526e+02 3.823665706469142833e+02
5.000000000000000278e-02 2.194855331400037812e+02 3.823665706469142833e+02
6.666666666666666574e-02 2.131127569625552098e+02 3.823665706469142833e+02
8.333333333333332871e-02 2.067399807851066385e+02 3.823665706469151360e+02
1.000000000000000056e-01 2.003672046076580386e+02 3.823665706469142833e+02
1.166666666666666685e-01 1.939944284302094957e+02 3.823665706469142833e+02
1.333333333333333315e-01 1.876216522527608959e+02 3.823665706469142833e+02
1.499999999999999944e-01 1.812488760753123529e+02 3.823665706469142833e+02
1.666666666666666574e-01 1.748760998978637531e+02 3.823665706469142833e+02
1.833333333333333204e-01 1.685033237204152101e+02 3.823665706469142833e+02
2.000000000000000111e-01 1.621305475429666103e+02 3.823665706469142833e+02
2.166666666666666741e-01 1.557577713655180673e+02 3.823665706469142833e+02
2.333333333333333370e-01 1.493849951880694675e+02 3.823665706469142833e+02
2.500000000000000000e-01 1.430122190106209246e+02 3.823665706469142833e+02
2.666666666666666630e-01 1.366394428331723248e+02 3.823665706469142833e+02
2.833333333333333259e-01 1.302666666557237818e+02 3.823665706469138854e+02
2.999999999999999889e-01 1.238938904782751962e+02 3.823665706469147381e+02
3.166666666666666519e-01 1.175211143008266248e+02 3.823665706469138854e+02
3.333333333333333148e-01 1.111483381233780676e+02 3.823665706469138854e+02
3.499999999999999778e-01 1.047755619459294962e+02 3.823665706469147381e+02
3.666666666666666408e-01 9.840278576848091063e+01 3.823665706469147381e+02
3.833333333333333037e-01 9.203000959103233924e+01 3.823665706469147381e+02
4.000000000000000222e-01 8.565723341358375365e+01 3.823665706469147381e+02
4.166666666666666852e-01 7.928445723613518226e+01 3.823665706469142833e+02
4.333333333333333481e-01 7.291168105868661087e+01 3.823665706469142833e+02
4.500000000000000111e-01 6.653890488123803948e+01 3.823665706469142833e+02
4.666666666666666741e-01 6.016612870378946809e+01 4.277354902197480442e+02
4.833333333333333370e-01 5.228105520724643895e+01 4.289977772639829254e+02
5.000000000000000000e-01 4.586620279499003772e+01 3.525654843998160572e+02
5.166666666666666075e-01 4.052887239391923657e+01 2.962010236774276564e+02
5.333333333333333259e-01 3.599283533907578203e+01 2.534145707480691954e+02
5.500000000000000444e-01 3.208172003565026387e+01 2.192456956850305971e+02
5.666666666666666519e-01 2.868464548290809546e+01 1.912086470135606930e+02
5.833333333333333703e-01 2.570809846853157410e+01 1.681511766335671325e+02
5.999999999999999778e-01 2.307960626178919128e+01 1.494106238855084143e+02
6.166666666666666963e-01 2.072774433901462743e+01 1.347237848543859400e+02
6.333333333333333037e-01 1.858881343330966018e+01 1.236456781885996037e+02
6.500000000000000222e-01 1.660622173272797397e+01 1.151806716890690865e+02
6.666666666666666297e-01 1.474945771034069075e+01 1.079591981498623454e+02
6.833333333333333481e-01 1.300758179439922912e+01 1.009475724318108263e+02
6.999999999999999556e-01 1.138453862928033011e+01 9.371646389789560772e+01
7.166666666666666741e-01 9.883699664469375534e+00 8.642194922612716823e+01
7.333333333333332815e-01 8.503806988409424505e+00 7.964229444778014511e+01
7.500000000000000000e-01 7.228956516210037542e+00 7.385334534829604536e+01
7.666666666666666075e-01 6.042028810132889838e+00 6.886774322413013749e+01
7.833333333333333259e-01 4.933365075405699685e+00 6.421998972318334609e+01
8.000000000000000444e-01 3.901362486026778154e+00 5.963417987435653345e+01
8.166666666666666519e-01 2.945559079593815355e+00 5.497301652892725343e+01
8.333333333333333703e-01 2.068928601729203010e+00 5.021222477180717902e+01
8.499999999999999778e-01 1.271818253866909387e+00 4.544753273991078402e+01
8.666666666666666963e-01 5.540108437321769053e-01 4.076765898526710430e+01
8.833333333333333037e-01 -8.710371230866056913e-02 3.622917693266280281e+01
9.000000000000000222e-01 -6.536283873565830183e-01 3.184599270695399653e+01
9.166666666666666297e-01 -1.148636802540460522e+00 2.768850338613058426e+01
9.333333333333333481e-01 -1.576578500227602486e+00 2.385127267606153367e+01
9.499999999999999556e-01 -1.943679225075845007e+00 2.033612156436711871e+01
9.666666666666666741e-01 -2.254449219039839747e+00 1.716262437102730942e+01
9.833333333333332815e-01 -2.515766704110088625e+00 1.428505281716327602e+01
1.000000000000000000e+00 -2.730617646278615585e+00 1.152071095244259524e+01
1.016666666666666607e+00 -2.899790402524841770e+00 8.807551535694271294e+00
1.033333333333333215e+00 -3.024202697468424628e+00 6.222173601185967406e+00
1.050000000000000044e+00 -3.107196189231040684e+00 3.783266293415374903e+00
1.066666666666666652e+00 -3.150311573915603791e+00 1.613981655129492765e+00
1.083333333333333259e+00 -3.160995577735357109e+00 -8.224058075276374780e-02
1.100000000000000089e+00 -3.147570221223845000e+00 -1.285731409978994044e+00
1.116666666666666696e+00 -3.118137864069390641e+00 -2.181923503182359170e+00
1.133333333333333304e+00 -3.074839437784433027e+00 -3.019631611576540919e+00
1.149999999999999911e+00 -3.017483477016839277e+00 -4.025200614803678967e+00
1.166666666666666741e+00 -2.940666083957643728e+00 -5.259419084002421307e+00
1.183333333333333348e+00 -2.842169507550091900e+00 -6.522542554812158500e+00
1.199999999999999956e+00 -2.723247998797238445e+00 -7.447857604128205189e+00
1.216666666666666563e+00 -2.593907587412485061e+00 -7.786485015390072206e+00
1.233333333333333393e+00 -2.463698498284236038e+00 -7.602198329627456452e+00
1.250000000000000000e+00 -2.340500976424903179e+00 -7.168028743616177145e+00
1.266666666666666607e+00 -2.224764206830363467e+00 -6.797390424859393043e+00
1.283333333333333215e+00 -2.113921295596256744e+00 -6.740490871022100094e+00
1.300000000000000044e+00 -2.000081177796293463e+00 -7.106426456078474452e+00
1.316666666666666652e+00 -1.877040413726974277e+00 -7.751035514282674121e+00
1.333333333333333259e+00 -1.741713327320204341e+00 -8.292380555350012727e+00
1.350000000000000089e+00 -1.600627728548640549e+00 -8.325157192884978130e+00
1.366666666666666696e+00 -1.464208087557371751e+00 -7.770868419565681862e+00
1.383333333333333304e+00 -1.341598781229784487e+00 -6.929363262791397027e+00
1.399999999999999911e+00 -1.233229312130991850e+00 -6.193926673303609576e+00
1.416666666666666741e+00 -1.135134558786330850e+00 -5.814933758075566672e+00
1.433333333333333348e+00 -1.039398186861806295e+00 -5.801479077558331809e+00
1.449999999999999956e+00 -9.417519228677198040e-01 -5.919976349078642563e+00
1.466666666666666563e+00 -8.420656418925182018e-01 -5.900716820642556648e+00
1.483333333333333393e+00 -7.450613621796345898e-01 -5.598941892787498098e+00
1.500000000000000000e+00 -6.554342454662682727e-01 -5.005827183477259190e+00
1.516666666666666607e+00 -5.782004560637259427e-01 -4.255616901885090009e+00
1.533333333333333215e+00 -5.135803487367652798e-01 -3.558872164059519339e+00
1.550000000000000044e+00 -4.595713839284086277e-01 -3.022708547280401614e+00
1.566666666666666652e+00 -4.128233971607518926e-01 -2.595957714133802163e+00
1.583333333333333259e+00 -3.730394601239485630e-01 -2.178091973569471929e+00
1.600000000000000089e+00 -3.402203313751028246e-01 -1.738870544954681518e+00
1.616666666666666696e+00 -3.150771086254591791e-01 -1.278945498424454819e+00
1.633333333333333304e+00 -2.975888147609543344e-01 -8.129988289260825507e-01
1.649999999999999911e+00 -2.879771476612564274e-01 -3.951009367858393517e-01
1.666666666666666741e+00 -2.844187835347596893e-01 -1.061686738519573847e-01
1.683333333333333348e+00 -2.844381918661911812e-01 2.103909891006061628e-02
1.699999999999999956e+00 -2.851200868317617099e-01 -1.394783849847536228e-02
1.716666666666666563e+00 -2.839732639162420025e-01 -1.745081229097572573e-01
1.733333333333333393e+00 -2.793031494014364680e-01 -3.751749068738363668e-01
1.750000000000000000e+00 -2.714674336871141236e-01 -5.197197894110588967e-01
1.766666666666666607e+00 -2.619791564210678381e-01 -5.638591485947652693e-01
1.783333333333333215e+00 -2.526721287339552813e-01 -5.011234196940403951e-01
1.800000000000000044e+00 -2.452750424312664934e-01 -3.812455599857250688e-01
1.816666666666666652e+00 -2.399639434010977790e-01 -3.061303744599283561e-01
1.833333333333333259e+00 -2.350706966159355482e-01 -3.595190138926607215e-01
1.849999999999999867e+00 -2.279799762713424216e-01 -5.422221695222245730e-01
1.866666666666666696e+00 -2.169966242985280624e-01 -7.973435168409032103e-01
1.883333333333333304e+00 -2.014018590433123146e-01 -1.064486573180176698e+00
1.899999999999999911e+00 -1.815137385258555058e-01 -1.307660972289538925e+00
1.916666666666666741e+00 -1.578131599669943541e-01 -1.519348167916879655e+00
1.933333333333333348e+00 -1.308687995952928507e-01 -4.069076684805314592e+00
1.949999999999999956e+00 -2.217727047348385175e-02 -3.857777181707238157e+00
1.966666666666666563e+00 -2.276226871718257157e-03 -6.593261322662288260e-01
1.983333333333333393e+00 -1.997327312762249498e-04 -6.828680615154771039e-02
2.000000000000000000e+00 0.000000000000000000e+00 -1.198396387657349633e-02
