0.000000000000000000e+00 8.376874755176604594e+02 1.551564812991473445e+03
1.666666666666666644e-02 8.118280619678025687e+02 1.551564812991473445e+03
3.333333333333333287e-02 7.859686484179446779e+02 1.551564812991473445e+03
5.000000000000000278e-02 7.601092348680867872e+02 1.551564812991470035e+03
6.666666666666666574e-02 7.342498213182290101e+02 1.551564812991470035e+03
8.333333333333332871e-02 7.083904077683711193e+02 1.551564812991476856e+03
1.000000000000000056e-01 6.825309942185131149e+02 1.551564812991473445e+03
1.166666666666666685e-01 6.566715806686553378e+02 1.551564812991473445e+03
1.333333333333333315e-01 6.308121671187973334e+02 1.551564812991473445e+03
1.499999999999999944e-01 6.049527535689395563e+02 1.551564812991473445e+03
1.666666666666666574e-01 5.790933400190815519e+02 1.551564812991473445e+03
1.833333333333333204e-01 5.532339264692237748e+02 1.551564812991470035e+03
2.000000000000000111e-01 5.273745129193658840e+02 1.551564812991473445e+03
2.166666666666666741e-01 5.015150993695079933e+02 1.551564812991473445e+03
2.333333333333333370e-01 4.756556858196501025e+02 1.551564812991473445e+03
2.500000000000000000e-01 4.497962722697922118e+02 1.551564812991473445e+03
2.666666666666666630e-01 4.239368587199343210e+02 1.551564812991471854e+03
2.833333333333333259e-01 3.980774451700764871e+02 1.551564812991471854e+03
2.999999999999999889e-01 3.722180316202185963e+02 1.551564812991473445e+03
3.166666666666666519e-01 3.463586180703607056e+02 1.551564812991473445e+03
3.333333333333333148e-01 3.204992045205028148e+02 1.551564812991473445e+03
3.499999999999999778e-01 2.946397909706449241e+02 1.551564812991471854e+03
3.666666666666666408e-01 2.687803774207870902e+02 1.551564812991471854e+03
3.833333333333333037e-01 2.429209638709291994e+02 1.551564812991475264e+03
4.000000000000000222e-01 2.170615503210712518e+02 1.551564812991475264e+03
4.166666666666666852e-01 1.912021367712133610e+02 1.551564812991473445e+03
4.333333333333333481e-01 1.653427232213554703e+02 1.551564812991473445e+03
4.500000000000000111e-01 1.394833096714975795e+02 1.551564812991472536e+03
4.666666666666666741e-01 1.136238961216397172e+02 1.551564812991472081e+03
4.833333333333333370e-01 8.776448257178184065e+01 1.474199542088711951e+03
5.000000000000000000e-01 6.448391138534931599e+01 1.148232280042495631e+03
5.166666666666666075e-01 4.949007323703198580e+01 7.320077972005871061e+02
5.333333333333333259e-01 4.008365147866307865e+01 5.263016680202351836e+02
5.500000000000000444e-01 3.194668430302414563e+01 4.379490456518151973e+02
5.666666666666666519e-01 2.548534995693590588e+01 3.599967110483746069e+02
5.833333333333333703e-01 1.994679393474499207e+01 2.891740562307199411e+02
5.999999999999999778e-01 1.584621474924524165e+01 2.298504073760294091e+02
6.166666666666666963e-01 1.228511368887734534e+01 1.939374698422179222e+02
6.333333333333333037e-01 9.381632421171310909e+00 1.732966646378127678e+02
6.500000000000000222e-01 6.508558200950253614e+00 1.498038322211086211e+02
6.666666666666666297e-01 4.388171347134356637e+00 1.168046906915697036e+02
6.833333333333333481e-01 2.615068511231263493e+00 9.961351653211720247e+01
6.999999999999999556e-01 1.067720796063783339e+00 8.570421367489969100e+01
7.166666666666666741e-01 -2.417386112653929220e-01 7.154728084723096515e+01
7.333333333333332815e-01 -1.317188565510581943e+00 5.599452363010692579e+01
7.500000000000000000e-01 -2.108222732268957067e+00 4.412842046516272632e+01
7.666666666666666075e-01 -2.788135914349339384e+00 3.146724684924317117e+01
7.833333333333333259e-01 -3.157130960577062773e+00 1.944113018247088220e+01
8.000000000000000444e-01 -3.436173587098368731e+00 1.284400651839230356e+01
8.166666666666666519e-01 -3.585264511190139558e+00 3.541495355736166140e+00
8.333333333333333703e-01 -3.554223432289574269e+00 -3.903929143590509909e+00
8.499999999999999778e-01 -3.455133539737122561e+00 -7.244892675852425690e+00
8.666666666666666963e-01 -3.312727009761160080e+00 -6.431336983421278575e+00
8.833333333333333037e-01 -3.240755640289746609e+00 -7.429504160313205041e+00
9.000000000000000222e-01 -3.065076871084053245e+00 -9.084113053367133261e+00
9.166666666666666297e-01 -2.937951871844175500e+00 -7.821891222065531224e+00
9.333333333333333481e-01 -2.804347163681868871e+00 -7.237784836680747347e+00
9.499999999999999556e-01 -2.696692377288150588e+00 -9.510175394603832544e+00
9.666666666666666741e-01 -2.487341317195074453e+00 -1.154579334784409994e+01
9.833333333333332815e-01 -2.311832599026680590e+00 -1.008601316149984584e+01
1.000000000000000000e+00 -2.151140878478412954e+00 -1.024452781749451624e+01
1.016666666666666607e+00 -1.970348338443530078e+00 -1.315038987126632186e+01
1.033333333333333215e+00 -1.712794549436202240e+00 -1.498874125370286592e+01
1.050000000000000044e+00 -1.470723629986767866e+00 -1.293465134487290591e+01
1.066666666666666652e+00 -1.281639504607105406e+00 -1.119587505319535659e+01
1.083333333333333259e+00 -1.097527794880255980e+00 -1.301481313551834340e+01
1.100000000000000089e+00 -8.478124000898272783e-01 -1.173773701117831259e+01
1.116666666666666696e+00 -7.062698945076455459e-01 -7.751099005341074211e+00
1.133333333333333304e+00 -5.894424332451247972e-01 -5.814604688135452726e+00
1.149999999999999911e+00 -5.124497382364637810e-01 -7.528227933735609945e+00
1.166666666666666741e+00 -3.385015021206044805e-01 -8.521283032749968456e+00
1.183333333333333348e+00 -2.284069704781314936e-01 -6.111834948795700662e+00
1.199999999999999956e+00 -1.347736704940811214e-01 -4.128584181984753521e+00
1.216666666666666563e+00 -9.078749774530636696e-02 -3.305714663694857780e+00
1.233333333333333393e+00 -2.458318170425252691e-02 -3.166539334111520443e+00
1.250000000000000000e+00 1.476381339174431817e-02 -1.931272777322518674e+00
1.266666666666666607e+00 3.979257753983141827e-02 -1.831552343854009335e+00
1.283333333333333215e+00 7.581555818687796267e-02 -2.704363505697445547e+00
1.300000000000000044e+00 1.299380277297462749e-01 -1.617468907540131617e+00
1.316666666666666652e+00 1.297311884382156832e-01 4.773937604483035058e-01
1.333333333333333259e+00 1.140249023814694923e-01 1.782275169150242533e+00
1.350000000000000089e+00 7.032201613320759881e-02 1.599279732086604566e+00
1.366666666666666696e+00 6.071557797858267297e-02 1.708702450255884298e+00
1.383333333333333304e+00 1.336526779134478843e-02 2.414707264963088740e+00
1.399999999999999911e+00 -1.977466418685362715e-02 2.860068131138060021e+00
1.416666666666666741e+00 -8.197033657992387756e-02 1.868988289390898672e+00
1.433333333333333348e+00 -8.207427383321691527e-02 4.859381369863988165e-01
1.449999999999999956e+00 -9.816827447947050478e-02 1.537403346397150150e+00
1.466666666666666563e+00 -1.333210520464552518e-01 2.676039736144420367e+00
1.483333333333333393e+00 -1.873695990176178494e-01 2.054498642738334713e+00
1.500000000000000000e+00 -2.018043401377330737e-01 4.211005847259960411e-01
1.516666666666666607e+00 -2.014062851751510508e-01 -1.025281794683874370e-01
1.533333333333333215e+00 -1.983867341554534924e-01 5.455517648955215959e-02
1.550000000000000044e+00 -2.032247910581361228e-01 4.522722358356986994e-01
1.566666666666666652e+00 -2.134624753499767824e-01 3.668742375037950532e-01
1.583333333333333259e+00 -2.154539323082626245e-01 -5.289333218952224636e-02
1.600000000000000089e+00 -2.116993642769927075e-01 -2.128435609304779597e-01
1.616666666666666696e+00 -2.083591469439133592e-01 -3.203589374780946297e-01
1.633333333333333304e+00 -2.010207330277228865e-01 -7.558154358464156397e-01
1.649999999999999911e+00 -1.831652990823661731e-01 -7.151287201638282243e-01
1.666666666666666741e+00 -1.771831090222619476e-01 -4.026392273497531038e-01
1.683333333333333348e+00 -1.697439915040410696e-01 -6.670016744428217681e-01
1.699999999999999956e+00 -1.549497198741678905e-01 -1.095982053176920656e+00
1.716666666666666563e+00 -1.332112563981437126e-01 -1.015337508005869305e+00
1.733333333333333393e+00 -1.211051362739722498e-01 -9.302017146251748692e-01
1.750000000000000000e+00 -1.022045325773045521e-01 -9.492962169802557915e-01
1.766666666666666607e+00 -8.946192904129705858e-02 -7.797221192512968635e-01
1.783333333333333215e+00 -7.621379526892799183e-02 -8.451141184846381327e-01
1.800000000000000044e+00 -6.129145842514245601e-02 -9.387882687685870087e-01
1.816666666666666652e+00 -4.492085297664175775e-02 -6.100027717700955421e-01
1.833333333333333259e+00 -4.095803269947260322e-02 -3.448375036097680035e-01
1.849999999999999867e+00 -3.342626952298282522e-02 -5.373408204855903980e-01
1.866666666666666696e+00 -2.304667201661959181e-02 -4.552103203677929644e-01
1.883333333333333304e+00 -1.825259217738972595e-02 -1.333339808187479214e-01
1.899999999999999911e+00 -1.860220598932799466e-02 -2.055795296308449704e-01
1.916666666666666741e+00 -1.139994118969489371e-02 -3.501196839498713631e-01
1.933333333333333348e+00 -6.931549857665616002e-03 -3.313428539294787645e-01
1.949999999999999956e+00 -3.551793920456021545e-04 -2.058359619301879384e-01
1.966666666666666563e+00 -7.035112665935107563e-05 -1.056461065156368874e-02
1.983333333333333393e+00 -3.025703660145885157e-06 -2.110533799780532106e-03
2.000000000000000000e+00 0.000000000000000000e+00 -1.815422196087531162e-04
