0.000000000000000000e+00 2.085840956094410217e+02 2.721834214297757626e+02
1.666666666666666644e-02 2.040477052522780923e+02 2.721834214297749099e+02
3.333333333333333287e-02 1.995113148951151913e+02 2.721834214297740573e+02
5.000000000000000278e-02 1.949749245379522904e+02 2.721834214297749099e+02
6.666666666666666574e-02 1.904385341807893610e+02 2.721834214297757626e+02
8.333333333333332871e-02 1.859021438236264316e+02 2.721834214297749099e+02
1.000000000000000056e-01 1.813657534664635307e+02 2.721834214297749099e+02
1.166666666666666685e-01 1.768293631093006013e+02 2.721834214297749099e+02
1.333333333333333315e-01 1.722929727521377004e+02 2.721834214297749099e+02
1.499999999999999944e-01 1.677565823949747710e+02 2.721834214297740573e+02
1.666666666666666574e-01 1.632201920378118984e+02 2.721834214297740573e+02
1.833333333333333204e-01 1.586838016806489691e+02 2.721834214297757626e+02
2.000000000000000111e-01 1.541474113234860397e+02 2.721834214297757626e+02
2.166666666666666741e-01 1.496110209663231103e+02 2.721834214297749099e+02
2.333333333333333370e-01 1.450746306091602094e+02 2.721834214297740573e+02
2.500000000000000000e-01 1.405382402519973084e+02 2.721834214297749099e+02
2.666666666666666630e-01 1.360018498948343790e+02 2.721834214297757626e+02
2.833333333333333259e-01 1.314654595376714497e+02 2.721834214297749099e+02
2.999999999999999889e-01 1.269290691805085487e+02 2.721834214297745120e+02
3.166666666666666519e-01 1.223926788233456335e+02 2.721834214297749099e+02
3.333333333333333148e-01 1.178562884661827184e+02 2.721834214297745120e+02
3.499999999999999778e-01 1.133198981090198174e+02 2.721834214297749099e+02
3.666666666666666408e-01 1.087835077518568880e+02 2.721834214297749099e+02
3.833333333333333037e-01 1.042471173946939871e+02 2.721834214297749099e+02
4.000000000000000222e-01 9.971072703753105770e+01 2.721834214297757626e+02
4.166666666666666852e-01 9.517433668036812833e+01 2.721834214297749099e+02
4.333333333333333481e-01 9.063794632320522737e+01 2.721834214297745120e+02
4.500000000000000111e-01 8.610155596604231221e+01 2.721834214297749099e+02
4.666666666666666741e-01 8.156516560887939704e+01 2.721834214297749099e+02
4.833333333333333370e-01 7.702877525171648188e+01 2.721834214297749099e+02
5.000000000000000000e-01 7.249238489455356671e+01 2.721834214297745120e+02
5.166666666666666075e-01 6.795599453739066576e+01 -1.710293053515948714e+02
5.333333333333333259e-01 7.819336173960672909e+01 1.758828389712633964e+02
5.500000000000000444e-01 6.209323323834855302e+01 8.971765978081512003e+02
5.666666666666666519e-01 4.828747514600168955e+01 7.573033472740112302e+02
5.833333333333333703e-01 3.684978832921484582e+01 5.937149360559133129e+02
5.999999999999999778e-01 2.849697727747124532e+01 4.528390621713386395e+02
6.166666666666666963e-01 2.175515292350355878e+01 3.624001731081415301e+02
6.333333333333333037e-01 1.641697150719986098e+01 2.959447989427951029e+02
6.500000000000000222e-01 1.189032629207705583e+01 2.528552659114270682e+02
6.666666666666666297e-01 7.988462643485626735e+00 2.146986342740578948e+02
6.833333333333333481e-01 4.733705149608459450e+00 1.723212771126188443e+02
6.999999999999999556e-01 2.244420073064998356e+00 1.340667181562487542e+02
7.166666666666666741e-01 2.648145444001678839e-01 1.089238685940250946e+02
7.333333333333332815e-01 -1.386375546735838071e+00 8.861359972305604060e+01
7.500000000000000000e-01 -2.688972113035033473e+00 6.843738735720894795e+01
7.666666666666666075e-01 -3.667621791976136247e+00 4.933231766151490660e+01
7.833333333333333259e-01 -4.333382701752197086e+00 3.013970934650366118e+01
8.000000000000000444e-01 -4.672278770192924924e+00 1.422213983185275588e+01
8.166666666666666519e-01 -4.807454029480622282e+00 3.956102476435674475e+00
8.333333333333333703e-01 -4.804148852740780740e+00 -2.326949016458801367e+00
8.499999999999999778e-01 -4.729889062265328903e+00 -7.903010520598874322e+00
8.666666666666666963e-01 -4.540715168720818262e+00 -1.259874432110015263e+01
8.833333333333333037e-01 -4.309930918228657148e+00 -1.546447755392030388e+01
9.000000000000000222e-01 -4.025232583590141466e+00 -1.443655074405614336e+01
9.166666666666666297e-01 -3.828712560093452399e+00 -1.123922754202477670e+01
9.333333333333333481e-01 -3.650591665522648910e+00 -1.222196239273846885e+01
9.499999999999999556e-01 -3.421313813668836801e+00 -1.491591409631509713e+01
9.666666666666666741e-01 -3.153394528978812339e+00 -1.540968687626410905e+01
9.833333333333332815e-01 -2.907657584460033195e+00 -1.624931223547001480e+01
1.000000000000000000e+00 -2.611750787796478512e+00 -1.695335625382787015e+01
1.016666666666666607e+00 -2.342545709332437553e+00 -1.976307880202095646e+01
1.033333333333333215e+00 -1.952981494395779949e+00 -1.814888106778698074e+01
1.050000000000000044e+00 -1.737583007072871499e+00 -1.227399191183384985e+01
1.066666666666666652e+00 -1.543848430667984939e+00 -1.283827565055468689e+01
1.083333333333333259e+00 -1.309640485387715270e+00 -1.835474590580233567e+01
1.100000000000000089e+00 -9.320235671412404610e-01 -1.768124325056196966e+01
1.116666666666666696e+00 -7.202657103689830143e-01 -1.141123995166515037e+01
1.133333333333333304e+00 -5.516489020857354708e-01 -1.079922980460898252e+01
1.149999999999999911e+00 -3.602913835486836192e-01 -1.049678531497491463e+01
1.166666666666666741e+00 -2.017560582532383351e-01 -8.597932458093248798e+00
1.183333333333333348e+00 -7.369363494557532035e-02 -6.265836065057342807e+00
1.199999999999999956e+00 7.105143915339767052e-03 -7.572622577392233545e+00
1.216666666666666563e+00 1.787271176341657941e-01 -9.013325213628565535e+00
1.233333333333333393e+00 3.075493177029586245e-01 -4.698003743301125468e+00
1.250000000000000000e+00 3.353272424108699745e-01 -1.777637241666214063e+00
1.266666666666666607e+00 3.668038924251657562e-01 -2.177940924691906144e+00
1.283333333333333215e+00 4.079252732339335163e-01 -2.167409691572112163e+00
1.300000000000000044e+00 4.390508821442361542e-01 1.259182820452081630e-01
1.316666666666666652e+00 4.037279971657599109e-01 -4.291270178700212767e-01
1.333333333333333259e+00 4.533551160732368634e-01 -1.229887491059207250e+00
1.350000000000000089e+00 4.447242468677334859e-01 2.443568144304290257e+00
1.366666666666666696e+00 3.719028445964271956e-01 4.618099607001174611e+00
1.383333333333333304e+00 2.907875933010276581e-01 3.484952653608661688e+00
1.399999999999999911e+00 2.557377561428051393e-01 2.057171628074295100e+00
1.416666666666666741e+00 2.222152056985511603e-01 3.872765240104040885e+00
1.433333333333333348e+00 1.266455814726704376e-01 5.065915814170014464e+00
1.449999999999999956e+00 5.335134522621735875e-02 3.169233246494367329e+00
1.466666666666666563e+00 2.100447325619152553e-02 1.870606957160881434e+00
1.483333333333333393e+00 -9.002220012478686501e-03 3.415128196612978062e+00
1.500000000000000000e+00 -9.283313329757440779e-02 4.500496979994534463e+00
1.516666666666666607e+00 -1.590187860122964925e-01 1.900940395389873361e+00
1.533333333333333215e+00 -1.561978131439035189e-01 -8.212517766330584834e-02
1.550000000000000044e+00 -1.562812800901862975e-01 1.179989836253155788e+00
1.566666666666666652e+00 -1.955308076856753785e-01 2.205010092091347129e+00
1.583333333333333259e+00 -2.297816164932312000e-01 7.548982794865553014e-01
1.600000000000000089e+00 -2.206940836685605534e-01 -7.858232029664119489e-01
1.616666666666666696e+00 -2.035875097276841350e-01 -5.474582941741035214e-01
1.633333333333333304e+00 -2.024454738627571027e-01 -2.489978296845710148e-01
1.649999999999999911e+00 -1.952875820715317678e-01 -3.928493542443492470e-01
1.666666666666666741e+00 -1.893504953879454611e-01 -9.180872580734698030e-01
1.683333333333333348e+00 -1.646846734690827763e-01 -1.397651979802830402e+00
1.699999999999999956e+00 -1.427620960611844514e-01 -1.000613312182166093e+00
1.716666666666666563e+00 -1.313308963963439047e-01 -5.603507304296149183e-01
1.733333333333333393e+00 -1.240837383801972893e-01 -7.126498445772586621e-01
1.750000000000000000e+00 -1.075759015771019511e-01 -6.835950366470845418e-01
1.766666666666666607e+00 -1.012972371586278036e-01 -4.471721278613990935e-01
1.783333333333333215e+00 -9.267016398172198133e-02 -9.065430390455917475e-01
1.800000000000000044e+00 -7.107913585710808058e-02 -1.610196995779578089e+00
1.816666666666666652e+00 -3.899693078906937838e-02 -1.130734763552599276e+00
1.833333333333333259e+00 -3.338797707202143666e-02 -3.224541392855582167e-01
1.849999999999999867e+00 -2.824845947955077069e-02 -3.561038008798537158e-01
1.866666666666666696e+00 -2.151785037602631234e-02 -6.249182226876009993e-01
1.883333333333333304e+00 -7.417852056630735644e-03 -5.257191300051727856e-01
1.899999999999999911e+00 -3.993879375853885867e-03 -1.208428930635338239e-01
1.916666666666666741e+00 -3.389755621179608124e-03 -9.984185303988619975e-02
1.933333333333333348e+00 -6.658176078576793101e-04 -1.211453595386009913e-01
1.949999999999999956e+00 6.484230301070914842e-04 -2.185385840786938441e-02
1.966666666666666563e+00 6.264433907130019020e-05 1.925367496281926369e-02
1.983333333333333393e+00 6.633864679782636856e-06 1.879330172139005760e-03
2.000000000000000000e+00 0.000000000000000000e+00 3.980318807869582046e-04
