0.00000000 11080.78939648 3908.68528657
0.01666667 10696.88380041 42159.98624121
0.03333333 9675.45652177 71600.84442539
0.05000000 8310.18898623 82049.93177375
0.06666667 6940.45879598 75840.58896848
0.08333333 5782.16935395 61381.19213136
0.10000000 4894.41905827 47614.30173165
0.11666667 4195.02596290 38912.89566106
0.13333333 3597.32253623 33731.20952483
0.15000000 3070.65231207 29221.86200929
0.16666667 2623.26046926 24887.97043586
0.18333333 2241.05329754 21261.81096694
0.20000000 1914.53343702 18163.98033576
0.21666667 1635.58728635 15517.50140902
0.23333333 1397.28339006 13256.61256662
0.25000000 1193.70020079 11325.13360942
0.26666667 1019.77893641 9675.06975305
0.28333333 871.19787569 8265.41901886
0.30000000 744.26496911 7061.15338711
0.31666667 635.82609612 6032.34839547
0.33333333 543.18668927 5153.43955434
0.35000000 464.04477764 4402.58710192
0.36666667 396.43378587 3761.13331409
0.38333333 338.67366717 3213.13888377
0.40000000 289.32915641 2744.98684951
0.41666667 247.17410552 2345.04423136
0.43333333 211.16101536 2003.37296626
0.45000000 180.39500665 1711.48295980
0.46666667 154.11158337 1462.12111824
0.48333333 131.65763604 1249.09111841
0.50000000 112.47521276 1067.09943700
0.51666667 96.08765481 911.62381324
0.53333333 82.08775232 778.80087651
0.55000000 70.12762559 665.33014654
0.56666667 59.91008076 568.38796896
0.58333333 51.18135996 485.59083691
0.60000000 43.72371953 414.88823615
0.61666667 37.35175209 354.39425298
0.63333333 31.91057777 302.44956519
0.65000000 27.27009991 257.84826361
0.66666667 23.31563565 219.97225228
0.68333333 19.93769150 188.71720348
0.70000000 17.02506220 164.15684452
0.71666667 14.46579669 145.96180816
0.73333333 12.15966859 133.01017324
0.75000000 10.03212425 123.53498418
0.76666667 8.04183579 115.72787436
0.78333333 6.17452843 108.28705732
0.80000000 4.43226721 100.65281640
0.81666667 2.81943455 92.85335541
0.83333333 1.33715536 85.12164619
0.85000000 -0.01795365 77.56871985
0.86666667 -1.24846863 70.17850339
0.88333333 -2.35723710 62.96945615
0.90000000 -3.34745050 56.01600732
0.91666667 -4.22443734 49.39808473
0.93333333 -4.99405333 43.13366293
0.95000000 -5.66222611 37.15393154
0.96666667 -6.23251771 31.38370227
0.98333333 -6.70834952 25.87701548
1.00000000 -7.09508490 20.76787432
1.01666667 -7.40061199 16.16146207
1.03333333 -7.63380030 12.03046917
1.05000000 -7.80162763 8.25553728
1.06666667 -7.90898487 4.71281520
1.08333333 -7.95872147 1.38389402
1.10000000 -7.95511468 -1.63909923
1.11666667 -7.90408483 -4.24946242
1.13333333 -7.81346593 -6.43695977
1.15000000 -7.68951951 -8.27798572
1.16666667 -7.53753307 -9.87101979
1.18333333 -7.36048551 -11.27381050
1.20000000 -7.16173939 -12.48210199
1.21666667 -6.94441545 -13.47913310
1.23333333 -6.71243495 -14.28996997
1.25000000 -6.46808311 -14.95505640
1.26666667 -6.21393307 -15.49466872
1.28333333 -5.95159416 -15.93811749
1.30000000 -5.68266249 -16.32461545
1.31666667 -5.40744031 -16.65507146
1.33333333 -5.12749344 -16.87123051
1.35000000 -4.84506596 -16.92765769
1.36666667 -4.56323818 -16.83769388
1.38333333 -4.28380950 -16.62543016
1.40000000 -4.00905718 -16.28026693
1.41666667 -3.74113393 -15.79813788
1.43333333 -3.48245258 -15.20715290
1.45000000 -3.23422883 -14.55041871
1.46666667 -2.99743862 -13.86751177
1.48333333 -2.77197844 -13.18850030
1.50000000 -2.55782195 -12.51466761
1.51666667 -2.35482286 -11.83524766
1.53333333 -2.16331369 -11.14508983
1.55000000 -1.98331986 -10.43254847
1.56666667 -1.81556208 -9.67093679
1.58333333 -1.66095530 -8.86209301
1.60000000 -1.52015898 -8.05517681
1.61666667 -1.39244941 -7.30614016
1.63333333 -1.27662097 -6.63561426
1.65000000 -1.17126227 -6.04022006
1.66666667 -1.07528030 -5.50426938
1.68333333 -0.98778662 -5.00672128
1.70000000 -0.90838959 -4.53382868
1.71666667 -0.83665900 -4.09533103
1.73333333 -0.77187856 -3.71491030
1.75000000 -0.71282865 -3.41119349
1.76666667 -0.65817211 -3.18350973
1.78333333 -0.60671166 -3.01231715
1.80000000 -0.55776154 -2.87336835
1.81666667 -0.51093272 -2.73696010
1.83333333 -0.46652953 -2.60768134
1.85000000 -0.42401001 -2.58293958
1.86666667 -0.38043155 -2.79612947
1.88333333 -0.33080569 -3.26444711
1.90000000 -0.27161664 -3.82191051
1.91666667 -0.20340867 -4.17600302
1.93333333 -0.13241654 -4.00533902
1.95000000 -0.06989737 -3.18283569
1.96666667 -0.02632202 -1.94435149
1.98333333 -0.00508566 -0.82376166
2.00000000 0.00113670 0.07707862
